-9.721785E-02 -3.151930E-01 -3.801543E-01 -3.925755E-01 -3.780915E-01 -3.442865E-01 -3.024563E-01 -2.610301E-01 -2.228710E-01 -1.886367E-01 -1.581134E-01 -1.321171E-01 -1.116239E-01 -9.580057E-02 -8.291916E-02 -7.256932E-02 -6.382517E-02 -5.582082E-02 -4.817235E-02 -2.159877E-02
-1.498294E-01 -5.246995E-01 -4.473784E-01 -2.208434E-01 1.328243E-02 1.923516E-01 2.857982E-01 3.094655E-01 2.909976E-01 2.521122E-01 2.037994E-01 1.547925E-01 1.119082E-01 7.820196E-02 5.324995E-02 3.791101E-02 2.981767E-02 2.502169E-02 2.111984E-02 9.442696E-03
-2.973945E-01 -2.974642E-01 3.222013E-02 2.408613E-01 3.158711E-01 2.632415E-01 1.414436E-01 1.182221E-02 -9.897308E-02 -1.837140E-01 -2.441898E-01 -2.793821E-01 -2.887659E-01 -2.793149E-01 -2.605798E-01 -2.363188E-01 -2.101655E-01 -1.841251E-01 -1.589653E-01 -7.127758E-02
3.218645E-02 -4.069652E-01 -9.829410E-02 3.036262E-01 3.621580E-01 1.056027E-01 -1.866047E-01 -3.239154E-01 -3.023670E-01 -1.912458E-01 -4.346318E-02 9.310634E-02 1.869501E-01 2.325423E-01 2.453494E-01 2.331661E-01 2.094024E-01 1.831448E-01 1.577910E-01 7.073067E-02
-3.620806E-01 -2.693892E-01 3.186969E-01 3.180058E-01 -5.518588E-02 -3.644774E-01 -3.261422E-01 -8.761761E-02 1.510636E-01 2.833082E-01 3.050630E-01 2.369509E-01 1.185904E-01 -1.405804E-03 -9.088462E-02 -1.341298E-01 -1.394484E-01 -1.278361E-01 -1.128142E-01 -5.072086E-02
-3.159216E-02 -3.079376E-01 3.294004E-01 1.881650E-01 -2.997870E-01 -2.880145E-01 1.398809E-01 3.371076E-01 1.774952E-01 -8.691575E-02 -2.847994E-01 -3.087359E-01 -1.773217E-01 9.853207E-03 1.572110E-01 2.246852E-01 2.277819E-01 2.047360E-01 1.783235E-01 8.003693E-02
3.787722E-01 4.623212E-02 -3.822160E-01 2.319565E-01 3.194368E-01 -2.228456E-01 -3.355858E-01 2.110782E-02 3.172120E-01 2.847882E-01 3.089898E-02 -2.145473E-01 -2.982921E-01 -2.161433E-01 -8.283196E-02 2.458415E-02 7.026389E-02 7.815031E-02 7.518463E-02 3.414748E-02
1.339824E-01 9.111798E-02 -3.262322E-01 3.368758E-01 5.475612E-02 -4.025042E-01 1.337639E-01 3.751499E-01 -4.579186E-02 -3.233952E-01 -1.948303E-01 1.369493E-01 3.138565E-01 2.100185E-01 7.939032E-03 -1.457852E-01 -1.932551E-01 -1.833147E-01 -1.629297E-01 -7.329586E-02
4.320815E-01 -1.984324E-01 -1.654031E-04 2.796822E-01 -3.062936E-01 -1.748864E-02 3.384277E-01 -7.239034E-02 -3.222698E-01 -2.493441E-02 3.308459E-01 2.387078E-01 -1.120652E-01 -3.153296E-01 -2.672106E-01 -8.439029E-02 3.944588E-02 8.464964E-02 9.797898E-02 4.535070E-02
3.682683E-01 -1.656699E-01 1.920732E-02 2.165813E-01 -3.627230E-01 3.009046E-01 7.652674E-03 -3.130433E-01 2.150547E-01 2.373217E-01 -2.099252E-01 -2.370412E-01 1.217420E-01 2.947148E-01 1.394917E-01 -1.144545E-01 -2.181585E-01 -2.100774E-01 -1.840612E-01 -8.259719E-02
3.517339E-01 -2.462089E-01 2.917656E-01 -2.612856E-01 1.053161E-01 1.578875E-01 -3.371314E-01 1.840499E-01 2.366503E-01 -2.202689E-01 -2.306284E-01 2.201517E-01 2.910147E-01 -1.113634E-01 -3.310969E-01 -1.992901E-01 -1.276377E-02 8.474496E-02 1.238685E-01 5.844857E-02
-3.497423E-01 2.276181E-01 -2.696444E-01 2.892701E-01 -2.480914E-01 1.167712E-01 6.238427E-02 -2.501959E-01 2.483504E-01 3.053122E-02 -3.146219E-01 1.113868E-01 2.801249E-01 -1.672938E-01 -3.150082E-01 -2.429040E-02 1.945021E-01 2.300301E-01 2.171078E-01 9.822606E-02
-6.654369E-02 6.528768E-02 -1.298444E-01 2.251414E-01 -3.143854E-01 3.870853E-01 -4.110378E-01 2.426947E-01 1.267975E-01 -3.562781E-01 1.450258E-01 2.389726E-01 -2.415130E-01 -1.547227E-01 2.066282E-01 2.296095E-01 3.018829E-02 -1.104418E-01 -1.697943E-01 -8.037983E-02
-1.043759E-01 6.744978E-02 -8.617201E-02 1.144517E-01 -1.493389E-01 1.970970E-01 -2.676939E-01 3.100612E-01 -2.607016E-01 3.445318E-02 2.661353E-01 -3.468604E-01 6.208356E-03 3.602963E-01 -1.414866E-01 -3.849280E-01 -7.995927E-02 2.022736E-01 3.250391E-01 1.542499E-01
-2.140416E-02 8.379954E-03 2.065539E-03 -2.139061E-02 4.842829E-02 -9.371531E-02 1.672303E-01 -2.780450E-01 3.878539E-01 -3.485695E-01 7.966893E-02 2.424444E-01 -3.890554E-01 2.008267E-01 2.209978E-01 -3.343156E-01 -2.545016E-01 1.081422E-01 3.070156E-01 1.500750E-01
2.006422E-02 -1.251764E-02 1.558840E-02 -2.135948E-02 3.135204E-02 -5.112404E-02 9.257622E-02 -1.738675E-01 2.993320E-01 -3.994476E-01 4.100881E-01 -3.130645E-01 6.733632E-02 2.592343E-01 -3.809474E-01 8.633791E-02 3.527253E-01 -1.433193E-02 -2.707955E-01 -1.369033E-01
5.779314E-03 -2.711260E-03 1.139785E-03 1.840106E-03 -6.231429E-03 1.447888E-02 -3.053519E-02 6.597806E-02 -1.283732E-01 2.081021E-01 -2.949440E-01 3.764975E-01 -4.379190E-01 4.264703E-01 -2.211344E-01 -1.903810E-01 4.032449E-01 7.237608E-02 -2.490670E-01 -1.312165E-01
2.876250E-03 -1.611414E-03 1.571090E-03 -1.529369E-03 1.684060E-03 -2.223076E-03 3.952572E-03 -8.203330E-03 1.698450E-02 -3.155398E-02 5.575108E-02 -9.383342E-02 1.724458E-01 -3.048395E-01 4.612647E-01 -5.898466E-01 3.695924E-01 2.599741E-01 -2.724995E-01 -1.578185E-01
-6.088878E-04 3.281390E-04 -2.838476E-04 2.062835E-04 -1.265750E-04 1.138578E-05 1.264643E-04 -4.587276E-04 1.080354E-03 -2.270506E-03 4.429842E-03 -8.478862E-03 1.865501E-02 -4.041132E-02 8.183484E-02 -1.734665E-01 4.602954E-01 -7.583812E-01 3.228555E-01 2.643540E-01
1.562149E-05 -8.550301E-06 7.790171E-06 -6.543456E-06 5.748681E-06 -5.392201E-06 7.690047E-06 -1.391414E-05 2.888758E-05 -5.662561E-05 1.113041E-04 -2.141458E-04 4.874473E-04 -1.093549E-03 2.373188E-03 -5.862778E-03 2.286082E-02 -8.905784E-02 4.721281E-01 -8.766981E-01
