-1.0948078E+00 3.2495784E-01 -1.4034520E+00 -7.5572791E-01 -1.7413652E+00 -4.6685502E-01
-1.0773371E+00 2.1251580E-01 -1.2910207E+00 -8.6470861E-01 -1.4998612E+00 -6.6927272E-01
-1.0396978E+00 1.4133932E-01 -1.1793115E+00 -8.9888559E-01 -1.3211127E+00 -7.6666525E-01
-9.9161095E-01 1.8333857E-01 -1.1756205E+00 -8.0471955E-01 -1.3430750E+00 -6.3168467E-01
-9.5141078E-01 1.8299787E-01 -1.1332587E+00 -7.6650410E-01 -1.3076276E+00 -5.9157271E-01
-9.5211405E-01 1.7613305E-01 -1.1294995E+00 -7.7684335E-01 -1.3011401E+00 -6.1178955E-01
-1.0005262E+00 1.9732404E-01 -1.1963103E+00 -8.0580928E-01 -1.3876278E+00 -6.0615110E-01
-1.0804451E+00 2.0541723E-01 -1.2859306E+00 -8.7343362E-01 -1.4873188E+00 -6.8020519E-01
-1.1640661E+00 2.0223091E-01 -1.3638497E+00 -9.6597924E-01 -1.5708821E+00 -7.7061242E-01
-1.2179013E+00 2.2013235E-01 -1.4412329E+00 -1.0002087E+00 -1.6491212E+00 -7.8564879E-01
-1.2010192E+00 2.4161044E-01 -1.4448151E+00 -9.5923318E-01 -1.6777896E+00 -7.3558276E-01
-1.1020268E+00 2.5021504E-01 -1.3525098E+00 -8.5071635E-01 -1.5873189E+00 -6.1427471E-01
-9.6097046E-01 2.5841689E-01 -1.2155878E+00 -7.0587366E-01 -1.4720694E+00 -4.5357491E-01
-8.2756204E-01 2.6284571E-01 -1.0929697E+00 -5.6403803E-01 -1.3425152E+00 -3.2046280E-01
-7.2403593E-01 2.6914626E-01 -9.9454759E-01 -4.5973576E-01 -1.2499203E+00 -1.9279734E-01
-6.3923901E-01 2.9082781E-01 -9.1554141E-01 -3.3152555E-01 -1.2207838E+00 -8.4202223E-02
-5.5392624E-01 3.3986771E-01 -8.8500313E-01 -2.1279453E-01 -1.2364678E+00 8.7757532E-02
-4.7281819E-01 4.2710836E-01 -8.0757142E-01 1.7535246E-02 -1.3213579E+00 3.1822943E-01
-4.1483496E-01 5.4166398E-01 -7.1213277E-01 2.7206878E-01 -1.4954151E+00 4.6255256E-01
-3.9632297E-01 6.1866310E-01 -6.1600381E-01 5.0000000E-01 -1.6053201E+00 5.0000000E-01
