-9.9824890E-01 1.7073501E-01 -1.1705925E+00 -8.2988148E-01 -1.3352365E+00 -6.6379685E-01
-9.8544509E-01 1.4203501E-01 -1.1205271E+00 -8.3758079E-01 -1.2699346E+00 -7.1153860E-01
-9.8091067E-01 1.3450389E-01 -1.1150077E+00 -8.4742953E-01 -1.2511662E+00 -7.2450638E-01
-9.4036495E-01 1.1343506E-01 -1.0485563E+00 -8.2247191E-01 -1.1672507E+00 -7.2481653E-01
-8.5509466E-01 1.4372262E-01 -9.9609198E-01 -7.1246666E-01 -1.1400861E+00 -5.7517502E-01
-7.8521295E-01 1.6278052E-01 -9.3684870E-01 -6.1582606E-01 -1.1160271E+00 -4.7642713E-01
-7.6716650E-01 1.7517687E-01 -9.1935468E-01 -5.7755635E-01 -1.1147691E+00 -4.3310317E-01
-7.6835263E-01 1.7517864E-01 -9.1575939E-01 -5.7829482E-01 -1.1153695E+00 -4.3620030E-01
-7.9566502E-01 1.8641477E-01 -9.5184655E-01 -5.9413805E-01 -1.1695807E+00 -4.4291163E-01
-8.0738662E-01 2.0426893E-01 -9.7818967E-01 -5.8514388E-01 -1.2207738E+00 -4.2220056E-01
-9.3327871E-01 2.1517758E-01 -1.1286974E+00 -7.0722312E-01 -1.3825413E+00 -5.3341666E-01
-1.2520189E+00 3.0886607E-01 -1.5544951E+00 -9.4338195E-01 -1.8656119E+00 -6.5309094E-01
-1.5882435E+00 4.3804027E-01 -2.0249893E+00 -1.1551682E+00 -2.4140745E+00 -6.9738443E-01
-1.9150715E+00 5.9283145E-01 -2.5909680E+00 -1.3988191E+00 -3.0207082E+00 -7.5658409E-01
-2.0546001E+00 6.7819918E-01 -2.8673890E+00 -1.5039756E+00 -3.2871062E+00 -7.3222412E-01
-2.0558419E+00 6.8089751E-01 -2.8770423E+00 -1.5073453E+00 -3.2878241E+00 -7.2685355E-01
-2.1263567E+00 7.5168940E-01 -3.1108428E+00 -1.6243820E+00 -3.3892568E+00 -6.6338950E-01
-2.1617262E+00 8.3712998E-01 -3.3447076E+00 -1.7128177E+00 -3.5000000E+00 -6.0610491E-01
-2.1565686E+00 8.3816057E-01 -3.3588115E+00 -1.7321256E+00 -3.4655007E+00 -5.7437899E-01
-2.1632237E+00 8.6636561E-01 -3.4434368E+00 -1.7501508E+00 -3.5000000E+00 -5.5607869E-01
