-1.1565220E+00 1.0263227E+00 -1.6332277E+00 5.0000000E-01 -3.5000000E+00 5.0000000E-01
-5.1763374E-01 6.6051597E-01 -8.1720898E-01 5.0000000E-01 -1.6652232E+00 5.0000000E-01
-9.8853606E-01 9.5958178E-01 -1.4424758E+00 5.0000000E-01 -2.7203035E+00 5.0000000E-01
-1.8205043E+00 9.5844836E-01 -3.0382334E+00 -9.2778933E-01 -3.5000000E+00 -1.9514686E-01
-1.4518208E+00 1.0905410E+00 -2.7731615E+00 -2.7509277E-01 -3.5000000E+00 5.0000000E-01
-6.5708254E-01 8.5367774E-01 -1.0155796E+00 5.0000000E-01 -2.2349741E+00 5.0000000E-01
-5.8436474E-01 8.3382460E-01 -8.8782461E-01 5.0000000E-01 -2.1878910E+00 5.0000000E-01
-4.8773147E-01 7.3205321E-01 -7.3864987E-01 5.0000000E-01 -1.8667365E+00 5.0000000E-01
-7.9539161E-01 9.1811412E-01 -1.1700776E+00 5.0000000E-01 -2.5758537E+00 5.0000000E-01
-8.8713215E-01 1.0150913E+00 -1.2785173E+00 5.0000000E-01 -2.8483788E+00 5.0000000E-01
-9.2494689E-01 1.0328119E+00 -1.3284614E+00 5.0000000E-01 -2.8933254E+00 5.0000000E-01
-1.0530162E+00 1.0856468E+00 -1.5433086E+00 5.0000000E-01 -3.5000000E+00 5.0000000E-01
-1.1355363E+00 1.0672749E+00 -1.6196688E+00 5.0000000E-01 -3.5000000E+00 5.0000000E-01
-1.1073314E+00 1.0402594E+00 -1.5882237E+00 5.0000000E-01 -3.5000000E+00 5.0000000E-01
-1.4164444E+00 1.1880423E+00 -3.5000000E+00 5.0000000E-01 -3.5000000E+00 5.0000000E-01
-1.5144868E+00 1.1486408E+00 -3.5000000E+00 5.0000000E-01 -3.5000000E+00 5.0000000E-01
-1.4471787E+00 1.1384468E+00 -3.5000000E+00 5.0000000E-01 -3.5000000E+00 5.0000000E-01
-1.5336027E+00 1.0990677E+00 -3.5000000E+00 5.0000000E-01 -3.5000000E+00 5.0000000E-01
-1.3085327E+00 1.1363528E+00 -3.5000000E+00 5.0000000E-01 -3.5000000E+00 5.0000000E-01
-1.3437046E+00 1.1431188E+00 -1.9910627E+00 5.0000000E-01 -3.5000000E+00 5.0000000E-01
