-8.5144305E-01 1.7047359E-01 -1.0213062E+00 -6.8188908E-01 -1.1877986E+00 -5.1906947E-01
-8.6290650E-01 1.4260389E-01 -1.0033764E+00 -7.2043586E-01 -1.1472169E+00 -5.8686985E-01
-8.6684686E-01 1.3626344E-01 -1.0013643E+00 -7.2989450E-01 -1.1389607E+00 -6.0362098E-01
-9.0573084E-01 1.1552752E-01 -1.0213102E+00 -7.9090725E-01 -1.1324486E+00 -6.8071501E-01
-9.7919287E-01 1.5270129E-01 -1.1213411E+00 -8.1980676E-01 -1.2897805E+00 -6.9056252E-01
-1.0294880E+00 1.8436939E-01 -1.1867285E+00 -8.2850973E-01 -1.3988290E+00 -6.8210882E-01
-1.0390570E+00 1.9936564E-01 -1.2076724E+00 -8.1875654E-01 -1.4359627E+00 -6.6644676E-01
-1.0327181E+00 1.9955926E-01 -1.2019574E+00 -8.1217254E-01 -1.4296939E+00 -6.6113825E-01
-1.0277729E+00 2.0982609E-01 -1.2102874E+00 -7.9854985E-01 -1.4448482E+00 -6.3434407E-01
-1.0196217E+00 2.2697071E-01 -1.2294775E+00 -7.7923739E-01 -1.4831673E+00 -5.9922912E-01
-1.0337383E+00 2.3414783E-01 -1.2652448E+00 -8.0202800E-01 -1.5023924E+00 -5.8311747E-01
-1.1003725E+00 3.1760786E-01 -1.3963308E+00 -7.6988065E-01 -1.7487662E+00 -5.0336575E-01
-1.2004121E+00 4.4762505E-01 -1.6155077E+00 -7.2846127E-01 -2.0850761E+00 -3.3448913E-01
-1.3260845E+00 6.1551230E-01 -1.8986990E+00 -6.4605015E-01 -2.5788366E+00 -2.0646728E-01
-1.3961550E+00 7.1290020E-01 -2.0632889E+00 -5.7799879E-01 -2.8095168E+00 -1.1653497E-01
-1.3996741E+00 7.1631982E-01 -2.0707015E+00 -5.7525681E-01 -2.8165275E+00 -1.1528040E-01
-1.4603811E+00 8.0925559E-01 -2.2397230E+00 -4.9377456E-01 -2.9940341E+00 -2.6050799E-02
-1.5048570E+00 9.1373017E-01 -2.4227602E+00 -4.1985836E-01 -3.2031927E+00 1.3773467E-01
-1.5048198E+00 9.1566692E-01 -2.4243949E+00 -4.1804450E-01 -3.2092729E+00 1.3847553E-01
-1.5158104E+00 9.4870379E-01 -2.4873334E+00 -4.0837185E-01 -3.5000000E+00 5.0000000E-01
