-9.2245676E-01 1.6313109E-01 -1.0838772E+00 -7.6029972E-01 -1.2481474E+00 -6.0676689E-01
-9.1881139E-01 1.3739809E-01 -1.0546566E+00 -7.8291800E-01 -1.1939646E+00 -6.5318598E-01
-9.1745973E-01 1.3266776E-01 -1.0497118E+00 -7.8513155E-01 -1.1803257E+00 -6.6142473E-01
-9.0914138E-01 1.1499345E-01 -1.0236826E+00 -7.9441200E-01 -1.1401525E+00 -6.9035972E-01
-8.9885609E-01 1.4900511E-01 -1.0434509E+00 -7.5166449E-01 -1.1992477E+00 -6.1525865E-01
-8.9967533E-01 1.7921374E-01 -1.0503862E+00 -7.0483589E-01 -1.2658066E+00 -5.6003886E-01
-9.0605816E-01 1.9824916E-01 -1.0671821E+00 -6.8462620E-01 -1.3086296E+00 -5.3702498E-01
-9.0818462E-01 2.0054610E-01 -1.0692291E+00 -6.8318104E-01 -1.3173079E+00 -5.3433251E-01
-9.3056763E-01 2.1016228E-01 -1.1087634E+00 -7.0049801E-01 -1.3590624E+00 -5.3574235E-01
-9.4230473E-01 2.2551284E-01 -1.1388681E+00 -6.9902986E-01 -1.4228570E+00 -5.3196380E-01
-1.0305911E+00 2.2660809E-01 -1.2556402E+00 -8.0573369E-01 -1.4851666E+00 -5.9758701E-01
-1.2344207E+00 3.1590598E-01 -1.5505152E+00 -9.2176818E-01 -1.8573774E+00 -6.1821233E-01
-1.4264766E+00 4.6038557E-01 -1.8990814E+00 -9.6225565E-01 -2.3041004E+00 -5.1978567E-01
-1.5865169E+00 6.4364644E-01 -2.2579419E+00 -9.2427979E-01 -2.7856879E+00 -3.0725128E-01
-1.6437781E+00 7.4701878E-01 -2.4876183E+00 -9.1519033E-01 -3.0002008E+00 -1.7955445E-01
-1.6396316E+00 7.5019206E-01 -2.4903057E+00 -9.0785170E-01 -2.9981647E+00 -1.7656054E-01
-1.6625750E+00 8.4118404E-01 -2.6835581E+00 -8.5591894E-01 -3.1653472E+00 -1.0740794E-01
-1.6744055E+00 9.3964341E-01 -2.8259985E+00 -7.5367725E-01 -3.3619201E+00 1.4314412E-02
-1.6748775E+00 9.4188086E-01 -2.8231149E+00 -7.4585266E-01 -3.3720710E+00 9.9444067E-04
-1.6777818E+00 9.7194121E-01 -2.8708734E+00 -7.2678278E-01 -3.5000000E+00 5.0000000E-01
