-9.1729340E-01 1.7308129E-01 -1.0915868E+00 -7.4380679E-01 -1.2553864E+00 -5.7999118E-01
-9.1752629E-01 1.4628167E-01 -1.0627108E+00 -7.7024880E-01 -1.2069767E+00 -6.3749249E-01
-9.1141323E-01 1.4038290E-01 -1.0527381E+00 -7.7010069E-01 -1.1885698E+00 -6.4386032E-01
-9.3415390E-01 1.2146001E-01 -1.0464783E+00 -8.0640511E-01 -1.1819828E+00 -7.0490461E-01
-1.0241430E+00 1.5865423E-01 -1.1798683E+00 -8.6867934E-01 -1.3512541E+00 -7.1994528E-01
-1.1538214E+00 1.9159225E-01 -1.3229857E+00 -9.4729174E-01 -1.5546586E+00 -8.0092118E-01
-1.2245449E+00 2.1017913E-01 -1.4117880E+00 -9.9644354E-01 -1.6441760E+00 -8.2456474E-01
-1.2412691E+00 2.1183419E-01 -1.4298555E+00 -1.0077322E+00 -1.6623920E+00 -8.4100805E-01
-1.2636494E+00 2.1936480E-01 -1.4656610E+00 -1.0233709E+00 -1.7109708E+00 -8.6003512E-01
-1.2708273E+00 2.3529507E-01 -1.4917684E+00 -1.0158728E+00 -1.7432079E+00 -8.2994671E-01
-1.2506348E+00 2.3744334E-01 -1.4755626E+00 -1.0027028E+00 -1.7315382E+00 -8.0243049E-01
-1.1784406E+00 3.1738875E-01 -1.4701433E+00 -8.4363864E-01 -1.8028521E+00 -5.7075332E-01
-1.0990049E+00 4.4676275E-01 -1.4919210E+00 -6.1861112E-01 -1.9946932E+00 -2.4140106E-01
-1.0273024E+00 6.0892113E-01 -1.5225994E+00 -3.1782463E-01 -2.2547842E+00 8.8901382E-02
-1.0025025E+00 6.9854608E-01 -1.5574234E+00 -1.6164059E-01 -2.3932703E+00 2.5819185E-01
-1.0042242E+00 7.0041634E-01 -1.5531785E+00 -1.5461679E-01 -2.3990120E+00 2.5119614E-01
-1.0008243E+00 7.8012284E-01 -1.5381042E+00 2.5226024E-02 -2.5316645E+00 3.2464265E-01
-1.0027478E+00 8.7277269E-01 -1.5262902E+00 2.3867210E-01 -2.6544204E+00 4.4002148E-01
-1.0034091E+00 8.7403808E-01 -1.5232227E+00 2.5200609E-01 -2.6482312E+00 4.3439173E-01
-1.0051196E+00 9.0359084E-01 -1.5850307E+00 2.6889998E-01 -2.6606233E+00 5.0000000E-01
