-9.0959984E-01 1.8021689E-01 -1.0881623E+00 -7.3063441E-01 -1.2659117E+00 -5.5807559E-01
-9.1552055E-01 1.5223737E-01 -1.0661996E+00 -7.6481819E-01 -1.2236730E+00 -6.2192160E-01
-9.1754441E-01 1.4522928E-01 -1.0514314E+00 -7.6709027E-01 -1.2149090E+00 -6.4063227E-01
-9.3740716E-01 1.2474184E-01 -1.0511744E+00 -8.0425867E-01 -1.1910752E+00 -7.0262091E-01
-9.7292926E-01 1.6482967E-01 -1.1265191E+00 -7.9780739E-01 -1.3078991E+00 -6.6483507E-01
-9.9198393E-01 1.9965666E-01 -1.1587663E+00 -7.6760904E-01 -1.4005074E+00 -6.1950759E-01
-9.9135571E-01 2.1580490E-01 -1.1669426E+00 -7.4585184E-01 -1.4344886E+00 -5.9337220E-01
-9.8639299E-01 2.1714601E-01 -1.1684912E+00 -7.4207248E-01 -1.4266474E+00 -5.8383817E-01
-9.8217098E-01 2.2334540E-01 -1.1797960E+00 -7.3597429E-01 -1.4290142E+00 -5.5933800E-01
-9.7848254E-01 2.3819547E-01 -1.1953572E+00 -7.1981857E-01 -1.4697311E+00 -5.3889352E-01
-9.8342381E-01 2.3448333E-01 -1.2054585E+00 -7.3747736E-01 -1.4539454E+00 -5.4464752E-01
-9.9680335E-01 3.1532072E-01 -1.3169086E+00 -6.8109053E-01 -1.6264087E+00 -3.9457032E-01
-1.0071213E+00 4.5904225E-01 -1.4670385E+00 -5.3406245E-01 -1.9206074E+00 -1.4125569E-01
-1.0134065E+00 6.4390830E-01 -1.6834548E+00 -3.4465477E-01 -2.2335441E+00 2.0844341E-01
-1.0184530E+00 7.4537918E-01 -1.7250009E+00 -1.5023657E-01 -2.4090530E+00 3.6173172E-01
-1.0186388E+00 7.4725795E-01 -1.7169247E+00 -1.3632628E-01 -2.4135533E+00 3.5503336E-01
-1.0353416E+00 8.3081759E-01 -1.6260223E+00 1.1270248E-01 -2.6041560E+00 3.7446869E-01
-1.0512198E+00 9.2156716E-01 -1.5921431E+00 2.9243838E-01 -2.7765287E+00 4.4832359E-01
-1.0517009E+00 9.2298229E-01 -1.5838315E+00 3.0257388E-01 -2.7789607E+00 4.4131326E-01
-1.0541824E+00 9.5304071E-01 -1.6240699E+00 3.3302161E-01 -2.7993788E+00 5.0000000E-01
