-1.0920175E+00 1.6860816E-01 -1.2614413E+00 -9.2408331E-01 -1.4305930E+00 -7.7242593E-01
-1.0869133E+00 1.4282927E-01 -1.2300368E+00 -9.4359332E-01 -1.3753871E+00 -8.1798616E-01
-1.0899007E+00 1.3613753E-01 -1.2194518E+00 -9.4755555E-01 -1.3653232E+00 -8.3291252E-01
-1.0603456E+00 1.1857323E-01 -1.1791647E+00 -9.4166250E-01 -1.2972023E+00 -8.3609300E-01
-9.7276155E-01 1.5047903E-01 -1.1084549E+00 -8.1331858E-01 -1.2847571E+00 -6.9483368E-01
-8.7079070E-01 1.7072617E-01 -1.0171481E+00 -6.8712863E-01 -1.2130389E+00 -5.4895644E-01
-8.2664153E-01 1.8270072E-01 -9.7803989E-01 -6.2811529E-01 -1.1954152E+00 -4.7901264E-01
-8.1779035E-01 1.8192544E-01 -9.7154591E-01 -6.2327403E-01 -1.1830462E+00 -4.7094661E-01
-8.2484142E-01 1.9218390E-01 -9.9470951E-01 -6.2128435E-01 -1.2105127E+00 -4.5593437E-01
-8.3056496E-01 2.1002810E-01 -1.0228001E+00 -6.0864134E-01 -1.2632516E+00 -4.3961651E-01
-9.2289813E-01 2.2053287E-01 -1.1416962E+00 -7.0233243E-01 -1.3748377E+00 -5.1200649E-01
-1.1677449E+00 3.0326192E-01 -1.4488089E+00 -8.5272600E-01 -1.7921734E+00 -5.9699899E-01
-1.4332113E+00 4.2237403E-01 -1.8539680E+00 -1.0116617E+00 -2.2906932E+00 -6.3312353E-01
-1.7019859E+00 5.7835639E-01 -2.2899132E+00 -1.1123665E+00 -2.8243966E+00 -5.6520163E-01
-1.8237336E+00 6.6914118E-01 -2.5640780E+00 -1.1947420E+00 -3.0606075E+00 -4.6665955E-01
-1.8259653E+00 6.7044052E-01 -2.5755747E+00 -1.2018008E+00 -3.0510371E+00 -4.6299985E-01
-1.8970739E+00 7.5541617E-01 -2.8312512E+00 -1.2572700E+00 -3.2466566E+00 -4.4660005E-01
-1.9385761E+00 8.5527143E-01 -3.0523486E+00 -1.2529449E+00 -3.4390681E+00 -3.7204690E-01
-1.9359773E+00 8.5807455E-01 -3.0497871E+00 -1.2454175E+00 -3.4257730E+00 -3.6192700E-01
-1.9441060E+00 8.8890458E-01 -3.1166109E+00 -1.2433747E+00 -3.5000000E+00 -3.6250799E-01
