-8.4891882E-01 1.6512488E-01 -1.0124670E+00 -6.8653342E-01 -1.1802519E+00 -5.2779305E-01
-8.6436812E-01 1.3684534E-01 -1.0004259E+00 -7.2943708E-01 -1.1373658E+00 -6.0044241E-01
-8.7290447E-01 1.2905943E-01 -1.0012802E+00 -7.4508220E-01 -1.1299503E+00 -6.2393520E-01
-9.1997049E-01 1.0961307E-01 -1.0274391E+00 -8.1037200E-01 -1.1360188E+00 -7.0775724E-01
-9.8417615E-01 1.4409696E-01 -1.1164430E+00 -8.3222208E-01 -1.2782262E+00 -7.1476562E-01
-9.9869093E-01 1.6647638E-01 -1.1384246E+00 -8.1782133E-01 -1.3561344E+00 -6.9701069E-01
-9.8394422E-01 1.8063097E-01 -1.1343373E+00 -7.8866915E-01 -1.3555998E+00 -6.4003777E-01
-9.6662732E-01 1.8226841E-01 -1.1161964E+00 -7.6590311E-01 -1.3400321E+00 -6.2548884E-01
-9.6501701E-01 1.9427165E-01 -1.1306785E+00 -7.5201695E-01 -1.3561799E+00 -5.9829735E-01
-9.6017034E-01 2.1229030E-01 -1.1503924E+00 -7.3348656E-01 -1.4009275E+00 -5.6814058E-01
-1.0373596E+00 2.2439308E-01 -1.2496929E+00 -8.0257301E-01 -1.4884118E+00 -6.1620164E-01
-1.2741836E+00 3.1537019E-01 -1.5715109E+00 -9.4232950E-01 -1.9069371E+00 -6.7653482E-01
-1.5529879E+00 4.3873591E-01 -1.9938559E+00 -1.1127823E+00 -2.4182481E+00 -6.9988125E-01
-1.8418641E+00 5.8905571E-01 -2.4821202E+00 -1.2936391E+00 -2.9296228E+00 -6.4627417E-01
-1.9712858E+00 6.7292728E-01 -2.7440999E+00 -1.3790751E+00 -3.2240312E+00 -6.5676465E-01
-1.9737336E+00 6.7458516E-01 -2.7556475E+00 -1.3849179E+00 -3.2217835E+00 -6.5985187E-01
-2.0473894E+00 7.4768841E-01 -3.0102368E+00 -1.4877260E+00 -3.3396096E+00 -6.2550621E-01
-2.0884726E+00 8.3579527E-01 -3.2764535E+00 -1.5739579E+00 -3.4788927E+00 -5.5679316E-01
-2.0842011E+00 8.3778048E-01 -3.3040277E+00 -1.6025353E+00 -3.4450404E+00 -5.3417780E-01
-2.0919624E+00 8.6661008E-01 -3.3246294E+00 -1.5571443E+00 -3.5000000E+00 -5.2290585E-01
