-9.3225964E-01 1.7300390E-01 -1.1047718E+00 -7.5927275E-01 -1.2684748E+00 -5.9289961E-01
-9.3693921E-01 1.4547238E-01 -1.0814912E+00 -7.9211175E-01 -1.2222541E+00 -6.5189530E-01
-9.3622569E-01 1.3839150E-01 -1.0735573E+00 -7.9868903E-01 -1.2123401E+00 -6.6799864E-01
-9.5515927E-01 1.1737025E-01 -1.0653792E+00 -8.3273783E-01 -1.1926021E+00 -7.3450279E-01
-1.0064404E+00 1.5700861E-01 -1.1556473E+00 -8.4375183E-01 -1.3176372E+00 -7.0757240E-01
-1.0694861E+00 1.9048348E-01 -1.2378956E+00 -8.5923371E-01 -1.4501153E+00 -7.1115872E-01
-1.1020125E+00 2.0760725E-01 -1.2864384E+00 -8.7578890E-01 -1.5195740E+00 -7.0789054E-01
-1.1124760E+00 2.0947934E-01 -1.3004283E+00 -8.8482094E-01 -1.5329682E+00 -7.1325020E-01
-1.1254260E+00 2.1839611E-01 -1.3270090E+00 -8.9012428E-01 -1.5732239E+00 -7.2247116E-01
-1.1286779E+00 2.3316174E-01 -1.3478391E+00 -8.7987355E-01 -1.6055014E+00 -6.9279360E-01
-1.1209500E+00 2.3420854E-01 -1.3418882E+00 -8.7634742E-01 -1.5993807E+00 -6.8185787E-01
-1.0962455E+00 3.1737524E-01 -1.3968184E+00 -7.7161239E-01 -1.7386865E+00 -4.8859509E-01
-1.0765178E+00 4.5396056E-01 -1.4919713E+00 -5.8780313E-01 -2.0183677E+00 -2.4499176E-01
-1.0726913E+00 6.2623908E-01 -1.5940666E+00 -3.2904009E-01 -2.3186475E+00 6.2460108E-02
-1.0816844E+00 7.2399892E-01 -1.6523457E+00 -1.7909987E-01 -2.5236780E+00 1.9102222E-01
-1.0843459E+00 7.2569982E-01 -1.6498948E+00 -1.7288790E-01 -2.5311500E+00 1.8280732E-01
-1.1106202E+00 8.1950045E-01 -1.6881056E+00 -6.7543386E-03 -2.7078506E+00 2.5609569E-01
-1.1355926E+00 9.2402570E-01 -1.7670901E+00 1.6645628E-01 -2.8622344E+00 4.1603843E-01
-1.1362062E+00 9.2529087E-01 -1.7761152E+00 1.6082682E-01 -2.8591566E+00 4.1006930E-01
-1.1418882E+00 9.5654826E-01 -1.8278525E+00 1.8122813E-01 -2.8691536E+00 5.0000000E-01
