-8.1171605E-01 1.7438232E-01 -9.8448996E-01 -6.3702396E-01 -1.1506104E+00 -4.6862721E-01
-8.1570216E-01 1.4557283E-01 -9.6096398E-01 -6.7105510E-01 -1.1014745E+00 -5.3194726E-01
-8.1065867E-01 1.3872962E-01 -9.4893841E-01 -6.7340667E-01 -1.0845106E+00 -5.4009615E-01
-8.5198211E-01 1.1445848E-01 -9.6283432E-01 -7.3854156E-01 -1.0850954E+00 -6.3192562E-01
-9.8129638E-01 1.5710324E-01 -1.1339155E+00 -8.2642207E-01 -1.2907443E+00 -6.7345293E-01
-1.1371012E+00 1.9791834E-01 -1.3118660E+00 -9.2489178E-01 -1.5266577E+00 -7.5898816E-01
-1.2083833E+00 2.1473969E-01 -1.3950741E+00 -9.7339502E-01 -1.6350723E+00 -8.0446110E-01
-1.2187786E+00 2.1323722E-01 -1.4072842E+00 -9.8651830E-01 -1.6424188E+00 -8.1665704E-01
-1.2367571E+00 2.2180876E-01 -1.4413980E+00 -1.0033626E+00 -1.6734994E+00 -8.0898872E-01
-1.2388807E+00 2.3859354E-01 -1.4604584E+00 -9.8794716E-01 -1.7237661E+00 -7.8822353E-01
-1.2283703E+00 2.4703048E-01 -1.4609573E+00 -9.7283525E-01 -1.7286584E+00 -7.5762271E-01
-1.1928990E+00 3.3158950E-01 -1.4975610E+00 -8.5289316E-01 -1.8789066E+00 -5.6571947E-01
-1.1547428E+00 4.6013055E-01 -1.5562863E+00 -6.6335302E-01 -2.0828133E+00 -2.6047876E-01
-1.1227464E+00 6.2941027E-01 -1.6396397E+00 -3.9688764E-01 -2.3929006E+00 5.4485337E-02
-1.1153074E+00 7.2703678E-01 -1.7051104E+00 -2.4317449E-01 -2.5757902E+00 2.0444441E-01
-1.1170280E+00 7.3038933E-01 -1.7087392E+00 -2.3675012E-01 -2.5845475E+00 2.0246102E-01
-1.1227992E+00 8.0965398E-01 -1.7508765E+00 -7.8716520E-02 -2.6855797E+00 2.8523260E-01
-1.1303804E+00 8.9955756E-01 -1.8049153E+00 9.1236144E-02 -2.7901573E+00 4.3156674E-01
-1.1335597E+00 9.0213168E-01 -1.8120857E+00 9.1500291E-02 -2.7993084E+00 4.2042657E-01
-1.1378916E+00 9.3062088E-01 -1.8653469E+00 1.1166815E-01 -2.8001016E+00 5.0000000E-01
