-1.0843766E+00 1.7334948E-01 -1.2535697E+00 -9.1117157E-01 -1.4294710E+00 -7.4814139E-01
-1.0737623E+00 1.4736964E-01 -1.2164026E+00 -9.2748951E-01 -1.3689788E+00 -7.8863607E-01
-1.0726740E+00 1.4117925E-01 -1.2108202E+00 -9.3314211E-01 -1.3553121E+00 -7.9981162E-01
-1.0260176E+00 1.2020031E-01 -1.1372718E+00 -8.9944884E-01 -1.2711402E+00 -7.9869601E-01
-9.2268899E-01 1.5201778E-01 -1.0721896E+00 -7.7071695E-01 -1.2296179E+00 -6.3587585E-01
-8.2980825E-01 1.7809637E-01 -9.8797809E-01 -6.4170642E-01 -1.1842194E+00 -4.8642830E-01
-7.9929665E-01 1.9027940E-01 -9.6032881E-01 -5.9146670E-01 -1.1795400E+00 -4.3785040E-01
-8.0141532E-01 1.8985719E-01 -9.6162748E-01 -5.9179547E-01 -1.1823550E+00 -4.4346810E-01
-8.1888195E-01 2.0039577E-01 -9.9504081E-01 -5.9946809E-01 -1.2175843E+00 -4.3937674E-01
-8.2764244E-01 2.1836364E-01 -1.0265693E+00 -5.9149345E-01 -1.2616559E+00 -4.1114793E-01
-9.0629603E-01 2.3124526E-01 -1.1257680E+00 -6.6426692E-01 -1.3725607E+00 -4.7064664E-01
-1.1030797E+00 3.2449370E-01 -1.4032120E+00 -7.7720512E-01 -1.7644656E+00 -4.7973671E-01
-1.3082969E+00 4.5695334E-01 -1.7570542E+00 -8.5904988E-01 -2.2377923E+00 -4.2424374E-01
-1.5063133E+00 6.2859667E-01 -2.1448827E+00 -8.6093299E-01 -2.7230498E+00 -2.8320110E-01
-1.5943287E+00 7.2940206E-01 -2.3830517E+00 -8.6717966E-01 -2.9544822E+00 -1.6173382E-01
-1.5948217E+00 7.3300064E-01 -2.3935289E+00 -8.6755151E-01 -2.9543984E+00 -1.5156122E-01
-1.6594797E+00 8.2487885E-01 -2.6256525E+00 -8.6715207E-01 -3.1589870E+00 -9.0379532E-02
-1.7046383E+00 9.2651058E-01 -2.8369241E+00 -8.2756126E-01 -3.3964841E+00 -1.4267904E-02
-1.7035250E+00 9.2804798E-01 -2.8401014E+00 -8.2672190E-01 -3.3894861E+00 -2.3329564E-02
-1.7155377E+00 9.6011714E-01 -2.8931181E+00 -8.0534593E-01 -3.5000000E+00 5.0000000E-01
