-1.0501803E+00 1.7540396E-01 -1.2268627E+00 -8.7475228E-01 -1.3933672E+00 -7.1321851E-01
-1.0515914E+00 1.5013448E-01 -1.2035734E+00 -9.0129079E-01 -1.3491630E+00 -7.6551517E-01
-1.0507231E+00 1.4365229E-01 -1.1954931E+00 -9.0638528E-01 -1.3353081E+00 -7.7860922E-01
-1.0638609E+00 1.2637903E-01 -1.1827364E+00 -9.3038797E-01 -1.3183046E+00 -8.2415021E-01
-1.0915524E+00 1.6582558E-01 -1.2488558E+00 -9.1998976E-01 -1.4245511E+00 -7.7578263E-01
-1.1131996E+00 2.0190739E-01 -1.2959683E+00 -8.9560979E-01 -1.5091833E+00 -7.3068044E-01
-1.1190567E+00 2.1780971E-01 -1.3165846E+00 -8.8365397E-01 -1.5668289E+00 -7.1832057E-01
-1.1196702E+00 2.1719685E-01 -1.3182685E+00 -8.8545747E-01 -1.5673876E+00 -7.2209195E-01
-1.1154852E+00 2.2388208E-01 -1.3258164E+00 -8.7725890E-01 -1.5756406E+00 -6.9932417E-01
-1.1155188E+00 2.3912358E-01 -1.3447732E+00 -8.6403414E-01 -1.6000293E+00 -6.6676577E-01
-1.0847317E+00 2.4044159E-01 -1.3074143E+00 -8.3038330E-01 -1.5819611E+00 -6.4029660E-01
-1.0028838E+00 3.2058670E-01 -1.2965225E+00 -6.6333784E-01 -1.6528103E+00 -4.0420528E-01
-9.2267562E-01 4.4427503E-01 -1.3247862E+00 -4.4259377E-01 -1.8014094E+00 -7.2354627E-02
-8.5872755E-01 5.9871184E-01 -1.3523070E+00 -1.5457747E-01 -2.0305929E+00 2.3560278E-01
-8.4082699E-01 6.8625082E-01 -1.3623438E+00 7.5903359E-03 -2.1652871E+00 3.8584745E-01
-8.4279135E-01 6.8798902E-01 -1.3606608E+00 8.2057113E-03 -2.1741505E+00 3.8226343E-01
-8.4891518E-01 7.6106852E-01 -1.3434771E+00 1.5159744E-01 -2.3174256E+00 4.1676056E-01
-8.6059800E-01 8.4774279E-01 -1.3225391E+00 3.3701341E-01 -2.4308608E+00 4.9911792E-01
-8.6145613E-01 8.4855358E-01 -1.3003496E+00 3.5404868E-01 -2.4565374E+00 4.6735648E-01
-8.6524121E-01 8.7627030E-01 -1.3141335E+00 4.0577802E-01 -2.4824848E+00 5.0000000E-01
