-1.4679592E+00 1.8605132E-01 -1.6500252E+00 -1.2837789E+00 -1.8445905E+00 -1.1114269E+00
-1.4467500E+00 1.6285333E-01 -1.5976383E+00 -1.2761467E+00 -1.7800634E+00 -1.1395251E+00
-1.4401486E+00 1.5797646E-01 -1.5843610E+00 -1.2737051E+00 -1.7660722E+00 -1.1443993E+00
-1.3589870E+00 1.4337485E-01 -1.4852045E+00 -1.2062640E+00 -1.6653771E+00 -1.0952266E+00
-1.1805305E+00 1.8090606E-01 -1.3472243E+00 -9.8976837E-01 -1.5543449E+00 -8.4440262E-01
-1.0135115E+00 2.0659950E-01 -1.2044980E+00 -7.9349213E-01 -1.4222469E+00 -6.1591634E-01
-9.4579189E-01 2.1519687E-01 -1.1411361E+00 -7.1211690E-01 -1.3917746E+00 -5.5013637E-01
-9.3773875E-01 2.1230394E-01 -1.1323521E+00 -7.0802964E-01 -1.3725132E+00 -5.4214766E-01
-9.0523730E-01 2.1361703E-01 -1.1192516E+00 -6.8982736E-01 -1.3327638E+00 -5.0458395E-01
-8.9135794E-01 2.2654382E-01 -1.1198522E+00 -6.6369942E-01 -1.3418148E+00 -4.6150010E-01
-8.4432529E-01 2.2994091E-01 -1.0746130E+00 -6.1513621E-01 -1.2967060E+00 -3.9817633E-01
-7.5954737E-01 3.1672519E-01 -1.0679021E+00 -4.4578997E-01 -1.3973698E+00 -1.5793090E-01
-6.9873151E-01 4.3718230E-01 -1.0893400E+00 -2.3008881E-01 -1.5430434E+00 1.3280840E-01
-6.6963698E-01 5.8016150E-01 -1.1211492E+00 3.7118190E-02 -1.7571682E+00 3.6490238E-01
-6.7497939E-01 6.5649130E-01 -1.1329880E+00 1.5997977E-01 -1.8915460E+00 4.7269605E-01
-6.7762608E-01 6.5714871E-01 -1.1322743E+00 1.5889511E-01 -1.9062549E+00 4.6251234E-01
-7.0970180E-01 7.1602967E-01 -1.1210360E+00 2.3081674E-01 -2.0969226E+00 4.4701608E-01
-7.4476389E-01 7.9391530E-01 -1.1407605E+00 3.4003029E-01 -2.2500582E+00 5.0000000E-01
-7.4829038E-01 7.9697872E-01 -1.1268275E+00 3.5540561E-01 -2.2720353E+00 4.8335955E-01
-7.5820381E-01 8.2479113E-01 -1.1548584E+00 3.9989829E-01 -2.3235437E+00 5.0000000E-01
