-5.4997692E-01 1.7841963E-01 -7.2653528E-01 -3.7406815E-01 -9.0956792E-01 -2.1081380E-01
-5.8500597E-01 1.5150334E-01 -7.2684868E-01 -4.2703610E-01 -8.8984614E-01 -2.9933528E-01
-5.9024701E-01 1.4540582E-01 -7.2553344E-01 -4.3627614E-01 -8.8224428E-01 -3.1714261E-01
-7.2752450E-01 1.2308268E-01 -8.5059426E-01 -6.0348110E-01 -9.7287382E-01 -4.9297912E-01
-1.0435815E+00 1.5988389E-01 -1.2027306E+00 -8.8388534E-01 -1.3583845E+00 -7.3432030E-01
-1.3332080E+00 1.9584531E-01 -1.5285174E+00 -1.1379080E+00 -1.7253198E+00 -9.5926507E-01
-1.4319836E+00 2.1361602E-01 -1.6374615E+00 -1.2075216E+00 -1.8595266E+00 -1.0289842E+00
-1.4305932E+00 2.1336112E-01 -1.6473044E+00 -1.2157144E+00 -1.8520526E+00 -1.0269595E+00
-1.4046086E+00 2.2095766E-01 -1.6285289E+00 -1.1805291E+00 -1.8394522E+00 -9.8499002E-01
-1.3767771E+00 2.3611110E-01 -1.6169555E+00 -1.1384623E+00 -1.8394477E+00 -9.2459815E-01
-1.2247809E+00 2.4191693E-01 -1.4674942E+00 -9.8034464E-01 -1.7041876E+00 -7.6309212E-01
-8.9596532E-01 3.0274545E-01 -1.1960563E+00 -5.9548285E-01 -1.5021795E+00 -3.2053221E-01
-6.0825595E-01 3.7301481E-01 -9.2717145E-01 -1.9808664E-01 -1.3519597E+00 9.9646988E-02
-3.8547218E-01 4.5299106E-01 -6.8686911E-01 1.7899429E-01 -1.2694424E+00 4.0502406E-01
-3.1940124E-01 5.0128660E-01 -5.9766127E-01 3.2595311E-01 -1.2585927E+00 5.0000000E-01
-3.2437343E-01 5.0030577E-01 -5.9457882E-01 3.1858958E-01 -1.2708121E+00 4.9744221E-01
-3.2675728E-01 5.4584094E-01 -5.6219379E-01 3.6301428E-01 -1.4040156E+00 4.9718626E-01
-3.5018623E-01 6.2144146E-01 -5.6864970E-01 4.4901109E-01 -1.5832577E+00 5.0000000E-01
-3.5654277E-01 6.2383861E-01 -5.7275950E-01 4.3835248E-01 -1.6005927E+00 4.9468395E-01
-3.6651152E-01 6.5204898E-01 -5.5829279E-01 5.0000000E-01 -1.6577421E+00 5.0000000E-01
