-7.4285952E-01 1.6489366E-01 -9.0631316E-01 -5.7890503E-01 -1.0676710E+00 -4.2176215E-01
-7.4883149E-01 1.3787608E-01 -8.8558382E-01 -6.1062776E-01 -1.0195161E+00 -4.8021671E-01
-7.4230813E-01 1.3235833E-01 -8.7232731E-01 -6.1053173E-01 -1.0024514E+00 -4.8294445E-01
-7.8324555E-01 1.1424417E-01 -8.9803467E-01 -6.6926992E-01 -1.0103799E+00 -5.6319231E-01
-9.3560438E-01 1.5680060E-01 -1.0842936E+00 -7.7453593E-01 -1.2519496E+00 -6.3486036E-01
-1.1387226E+00 1.9206836E-01 -1.3108185E+00 -9.3393735E-01 -1.5427666E+00 -7.8112513E-01
-1.2425246E+00 2.1145152E-01 -1.4260752E+00 -1.0088427E+00 -1.6888564E+00 -8.6101077E-01
-1.2664213E+00 2.1282624E-01 -1.4522235E+00 -1.0300422E+00 -1.6930044E+00 -8.6680209E-01
-1.3028640E+00 2.2226007E-01 -1.5082110E+00 -1.0637289E+00 -1.7568955E+00 -8.9320149E-01
-1.3116353E+00 2.3928635E-01 -1.5353881E+00 -1.0558203E+00 -1.7978055E+00 -8.6496953E-01
-1.2938624E+00 2.4532625E-01 -1.5272701E+00 -1.0410187E+00 -1.7968199E+00 -8.3182852E-01
-1.2236754E+00 3.2662364E-01 -1.5180818E+00 -8.7714663E-01 -1.8978144E+00 -6.2064284E-01
-1.1389165E+00 4.5860390E-01 -1.5349296E+00 -6.2735274E-01 -2.0978228E+00 -3.2023821E-01
-1.0627208E+00 6.2818079E-01 -1.5525186E+00 -2.9887202E-01 -2.3365773E+00 5.3328935E-02
-1.0363420E+00 7.2259883E-01 -1.5817794E+00 -1.2931770E-01 -2.4882137E+00 2.1695269E-01
-1.0373946E+00 7.2461424E-01 -1.5810143E+00 -1.2543939E-01 -2.4903681E+00 2.1381702E-01
-1.0309979E+00 8.0657911E-01 -1.5728455E+00 4.4210818E-02 -2.6295525E+00 3.0470638E-01
-1.0322014E+00 9.0088010E-01 -1.5868433E+00 2.2401650E-01 -2.7482190E+00 4.6666093E-01
-1.0341323E+00 9.0398265E-01 -1.5757552E+00 2.3996939E-01 -2.7604840E+00 4.5077654E-01
-1.0351655E+00 9.3393230E-01 -1.6203781E+00 2.6598927E-01 -2.7787781E+00 5.0000000E-01
