-1.0214296E+00 1.6940651E-01 -1.1903832E+00 -8.5285395E-01 -1.3539516E+00 -6.9133070E-01
-1.0285351E+00 1.4148494E-01 -1.1692225E+00 -8.8776419E-01 -1.3087003E+00 -7.5470726E-01
-1.0357642E+00 1.3574126E-01 -1.1709208E+00 -9.0211256E-01 -1.3043198E+00 -7.7404558E-01
-1.0547484E+00 1.1700924E-01 -1.1642409E+00 -9.3202517E-01 -1.2882848E+00 -8.3251052E-01
-1.0700163E+00 1.5909134E-01 -1.2184677E+00 -9.0333054E-01 -1.3921823E+00 -7.7362585E-01
-1.0568676E+00 1.9450487E-01 -1.2228830E+00 -8.4776745E-01 -1.4459542E+00 -6.9046525E-01
-1.0410785E+00 2.1089382E-01 -1.2143032E+00 -8.0729004E-01 -1.4691232E+00 -6.4581705E-01
-1.0322463E+00 2.0997146E-01 -1.2046599E+00 -7.9922800E-01 -1.4615773E+00 -6.4020351E-01
-1.0225051E+00 2.1632114E-01 -1.2064244E+00 -7.8284262E-01 -1.4620983E+00 -6.1701511E-01
-1.0175459E+00 2.3202294E-01 -1.2240411E+00 -7.6452968E-01 -1.4817993E+00 -5.7538453E-01
-1.0274400E+00 2.3596512E-01 -1.2450602E+00 -7.7880359E-01 -1.5115583E+00 -5.8242256E-01
-1.0773836E+00 3.1620295E-01 -1.3611344E+00 -7.4547517E-01 -1.7342497E+00 -4.8788948E-01
-1.1555819E+00 4.4499154E-01 -1.5497685E+00 -6.8244278E-01 -2.0876343E+00 -3.2315908E-01
-1.2539290E+00 6.1771937E-01 -1.8383593E+00 -5.7642181E-01 -2.4856102E+00 -1.0076300E-01
-1.3077078E+00 7.2047241E-01 -2.0230630E+00 -5.1700156E-01 -2.7088349E+00 2.6507887E-02
-1.3100394E+00 7.2397328E-01 -2.0310070E+00 -5.1428099E-01 -2.7153714E+00 3.0693196E-02
-1.3597896E+00 8.1653277E-01 -2.1834686E+00 -4.2413949E-01 -2.9126376E+00 1.0813339E-01
-1.3985209E+00 9.1756221E-01 -2.3381830E+00 -3.3220511E-01 -3.0822392E+00 2.8576943E-01
-1.4008712E+00 9.1978503E-01 -2.3461325E+00 -3.3510368E-01 -3.0645772E+00 3.0494880E-01
-1.4119502E+00 9.5151355E-01 -2.4548061E+00 -3.6958587E-01 -3.5000000E+00 5.0000000E-01
