-1.1075273E+00 1.7165227E-01 -1.2764362E+00 -9.3770466E-01 -1.4533506E+00 -7.7454082E-01
-1.1052926E+00 1.4708607E-01 -1.2498170E+00 -9.6053530E-01 -1.4014921E+00 -8.1930625E-01
-1.1069302E+00 1.4198351E-01 -1.2468805E+00 -9.6786603E-01 -1.3897960E+00 -8.2949376E-01
-1.0927265E+00 1.2369598E-01 -1.2075066E+00 -9.6532672E-01 -1.3485376E+00 -8.5703864E-01
-1.0425602E+00 1.5973533E-01 -1.1886924E+00 -8.7765510E-01 -1.3544996E+00 -7.2819091E-01
-9.7792630E-01 1.9181592E-01 -1.1427891E+00 -7.7279549E-01 -1.3621536E+00 -6.1126413E-01
-9.4719548E-01 2.0571544E-01 -1.1243538E+00 -7.2297698E-01 -1.3584126E+00 -5.5858114E-01
-9.3777362E-01 2.0376967E-01 -1.1138959E+00 -7.1265061E-01 -1.3433374E+00 -5.5277304E-01
-9.2603787E-01 2.0678786E-01 -1.1085540E+00 -6.9667468E-01 -1.3519200E+00 -5.4861068E-01
-9.2106456E-01 2.1966729E-01 -1.1213107E+00 -6.8365702E-01 -1.3697309E+00 -5.1175635E-01
-9.4271755E-01 2.2355355E-01 -1.1651080E+00 -7.2039646E-01 -1.3890573E+00 -5.1234699E-01
-1.0225642E+00 3.1913020E-01 -1.3119742E+00 -6.7978927E-01 -1.6770361E+00 -4.3017956E-01
-1.1281397E+00 4.6285397E-01 -1.5540279E+00 -6.2687003E-01 -2.0820562E+00 -2.7916277E-01
-1.2463269E+00 6.4457999E-01 -1.8573584E+00 -5.3261978E-01 -2.5416964E+00 -5.6325199E-02
-1.3073765E+00 7.4797994E-01 -2.0374423E+00 -4.6910673E-01 -2.7872307E+00 5.8389624E-02
-1.3102826E+00 7.5177531E-01 -2.0476765E+00 -4.7135319E-01 -2.7513411E+00 1.0295659E-01
-1.3639674E+00 8.4302197E-01 -2.2081117E+00 -3.8489869E-01 -2.9278511E+00 1.7032369E-01
-1.4009633E+00 9.4052450E-01 -2.4373715E+00 -3.7171846E-01 -3.0981342E+00 3.1573192E-01
-1.4003030E+00 9.4221111E-01 -2.4403870E+00 -3.6823676E-01 -3.0885893E+00 3.2302933E-01
-1.4101695E+00 9.7351219E-01 -2.4852631E+00 -3.4096224E-01 -3.5000000E+00 5.0000000E-01
