-9.7585644E-01 1.7330617E-01 -1.1472175E+00 -8.0287616E-01 -1.3210014E+00 -6.4230390E-01
-9.7486947E-01 1.4457165E-01 -1.1169347E+00 -8.3051769E-01 -1.2658205E+00 -6.9882595E-01
-9.7117408E-01 1.3781813E-01 -1.1070888E+00 -8.3503089E-01 -1.2493841E+00 -7.0898609E-01
-9.7130281E-01 1.1873904E-01 -1.0840959E+00 -8.4972970E-01 -1.2094136E+00 -7.4152344E-01
-9.8335061E-01 1.6267209E-01 -1.1349851E+00 -8.1134984E-01 -1.3112262E+00 -6.7696348E-01
-1.0018572E+00 1.9226032E-01 -1.1750140E+00 -7.9880159E-01 -1.3806262E+00 -6.3342182E-01
-1.0106659E+00 2.0337770E-01 -1.1841500E+00 -7.9164607E-01 -1.4173394E+00 -6.2104546E-01
-1.0119725E+00 2.0266481E-01 -1.1850716E+00 -7.9323530E-01 -1.4192306E+00 -6.2335787E-01
-1.0159295E+00 2.0892557E-01 -1.2015657E+00 -7.9167161E-01 -1.4366186E+00 -6.1629125E-01
-1.0159223E+00 2.2355927E-01 -1.2205802E+00 -7.7797191E-01 -1.4809392E+00 -5.9788008E-01
-1.0225775E+00 2.3011778E-01 -1.2529610E+00 -7.9171411E-01 -1.4812984E+00 -5.8441099E-01
-1.0419415E+00 3.1952150E-01 -1.3412855E+00 -7.1242960E-01 -1.6963988E+00 -4.3714578E-01
-1.0739123E+00 4.5062967E-01 -1.4977078E+00 -6.0873826E-01 -2.0112276E+00 -2.2655674E-01
-1.1228766E+00 6.1313244E-01 -1.6920035E+00 -4.6315938E-01 -2.3263554E+00 5.8432406E-02
-1.1564551E+00 7.0423242E-01 -1.7975727E+00 -3.6111627E-01 -2.5331052E+00 1.7073632E-01
-1.1600622E+00 7.0729913E-01 -1.8013639E+00 -3.5345813E-01 -2.5353989E+00 1.6966581E-01
-1.2015326E+00 7.9197406E-01 -1.8837343E+00 -2.1588023E-01 -2.7199338E+00 2.0309407E-01
-1.2355524E+00 8.9109294E-01 -2.0273074E+00 -1.1922967E-01 -2.9025106E+00 3.5184937E-01
-1.2354833E+00 8.9350622E-01 -2.0322800E+00 -1.2025928E-01 -2.8990562E+00 3.5910918E-01
-1.2431578E+00 9.2461140E-01 -2.0695225E+00 -8.9800591E-02 -2.8972646E+00 4.8069314E-01
