-1.1193634E+00 1.8334018E-01 -1.3010407E+00 -9.3780989E-01 -1.4861260E+00 -7.6738715E-01
-1.1382324E+00 1.5869603E-01 -1.2945666E+00 -9.8127623E-01 -1.4573334E+00 -8.3598111E-01
-1.1467839E+00 1.5403452E-01 -1.2911283E+00 -9.8751048E-01 -1.4598134E+00 -8.5573879E-01
-1.2008879E+00 1.3630402E-01 -1.3246908E+00 -1.0571890E+00 -1.4846549E+00 -9.4904167E-01
-1.2728987E+00 1.6801132E-01 -1.4385019E+00 -1.1069647E+00 -1.6176208E+00 -9.5351715E-01
-1.2650958E+00 1.9971284E-01 -1.4546224E+00 -1.0534574E+00 -1.6651785E+00 -8.8697777E-01
-1.2137397E+00 2.1745401E-01 -1.4212297E+00 -9.8023719E-01 -1.6481869E+00 -8.1073029E-01
-1.1709385E+00 2.1891942E-01 -1.3939921E+00 -9.4730868E-01 -1.6066641E+00 -7.6358543E-01
-1.0765083E+00 2.2794070E-01 -1.3046724E+00 -8.4533133E-01 -1.5308519E+00 -6.4739461E-01
-1.0219328E+00 2.4406138E-01 -1.2632418E+00 -7.7494966E-01 -1.5104560E+00 -5.5545819E-01
-8.7767350E-01 2.4607021E-01 -1.1206192E+00 -6.3385414E-01 -1.3659811E+00 -3.9903621E-01
-6.5129679E-01 2.9622787E-01 -9.2893396E-01 -3.4824768E-01 -1.2525002E+00 -9.1119541E-02
-5.3303744E-01 3.8595841E-01 -8.7999256E-01 -1.1007443E-01 -1.2719505E+00 2.0528579E-01
-5.2144071E-01 5.2425292E-01 -9.2692179E-01 1.2507467E-01 -1.5088516E+00 4.2241483E-01
-5.6508068E-01 6.1215804E-01 -9.5896167E-01 2.4646885E-01 -1.6977570E+00 5.0000000E-01
-5.7457554E-01 6.1496513E-01 -9.5819879E-01 2.4351010E-01 -1.7470597E+00 4.6869863E-01
-6.5914572E-01 7.0367851E-01 -1.0347803E+00 2.7983171E-01 -2.0465718E+00 4.5615448E-01
-7.3629312E-01 8.0610035E-01 -1.1211131E+00 3.8020547E-01 -2.2910318E+00 5.0000000E-01
-7.4013988E-01 8.0864339E-01 -1.1093055E+00 3.9010453E-01 -2.3048620E+00 4.9226642E-01
-7.6060641E-01 8.3840085E-01 -1.1265964E+00 4.4379104E-01 -2.3718755E+00 5.0000000E-01
