-9.3688671E-01 1.7318367E-01 -1.1093504E+00 -7.6347118E-01 -1.2761270E+00 -5.9841142E-01
-9.3709174E-01 1.4599913E-01 -1.0793105E+00 -7.9298319E-01 -1.2277906E+00 -6.5349010E-01
-9.4071768E-01 1.3946002E-01 -1.0767497E+00 -8.0378095E-01 -1.2202458E+00 -6.6977698E-01
-9.3859786E-01 1.2009668E-01 -1.0519647E+00 -8.1458118E-01 -1.1810802E+00 -7.1246514E-01
-9.2143103E-01 1.5727606E-01 -1.0783202E+00 -7.6521023E-01 -1.2383730E+00 -6.2199698E-01
-8.9921263E-01 1.8474123E-01 -1.0661522E+00 -7.0408139E-01 -1.2813052E+00 -5.5671004E-01
-8.9426201E-01 1.9952294E-01 -1.0675699E+00 -6.7790950E-01 -1.2969061E+00 -5.1477299E-01
-8.9898964E-01 1.9882896E-01 -1.0701569E+00 -6.8128135E-01 -1.2988585E+00 -5.2148667E-01
-9.1830269E-01 2.0447700E-01 -1.0974524E+00 -6.9563202E-01 -1.3265016E+00 -5.2716821E-01
-9.3023803E-01 2.1795689E-01 -1.1293738E+00 -6.9904516E-01 -1.3831691E+00 -5.2230145E-01
-9.8382950E-01 2.2236889E-01 -1.2009331E+00 -7.6596972E-01 -1.4391674E+00 -5.5933107E-01
-1.0957137E+00 3.2558987E-01 -1.4208905E+00 -7.7153649E-01 -1.7556916E+00 -4.7964774E-01
-1.1933175E+00 4.7899302E-01 -1.6309688E+00 -6.8121714E-01 -2.1851544E+00 -3.0179110E-01
-1.2789445E+00 6.6654948E-01 -1.9073683E+00 -5.4134012E-01 -2.6262822E+00 -5.1626629E-02
-1.3185778E+00 7.6868223E-01 -2.0497879E+00 -4.3965628E-01 -2.8419008E+00 6.5620831E-02
-1.3195005E+00 7.7033882E-01 -2.0561867E+00 -4.3813976E-01 -2.8007841E+00 1.0664157E-01
-1.3567601E+00 8.5496553E-01 -2.1850491E+00 -3.3643733E-01 -2.9566878E+00 1.7671361E-01
-1.3856703E+00 9.4830865E-01 -2.3484050E+00 -2.6100104E-01 -3.1173194E+00 3.2060237E-01
-1.3870337E+00 9.4923099E-01 -2.3452215E+00 -2.5574279E-01 -3.1104943E+00 3.2561279E-01
-1.3956786E+00 9.7664333E-01 -2.3701742E+00 -2.1882401E-01 -3.5000000E+00 5.0000000E-01
