-1.1386328E+00 1.7682491E-01 -1.3051308E+00 -9.5413075E-01 -1.4925169E+00 -8.0423479E-01
-1.1345431E+00 1.5188873E-01 -1.2779397E+00 -9.7618927E-01 -1.4424134E+00 -8.4807577E-01
-1.1354177E+00 1.4594585E-01 -1.2794659E+00 -9.9075569E-01 -1.4325194E+00 -8.5657783E-01
-1.1099845E+00 1.2657430E-01 -1.2349805E+00 -9.8444895E-01 -1.3658846E+00 -8.6813103E-01
-1.0400666E+00 1.6301314E-01 -1.1952434E+00 -8.7022557E-01 -1.3661984E+00 -7.2913217E-01
-9.6506904E-01 1.9245580E-01 -1.1386441E+00 -7.5835751E-01 -1.3682533E+00 -6.1196399E-01
-9.3363675E-01 2.1032959E-01 -1.1167347E+00 -6.9973713E-01 -1.3540410E+00 -5.3921988E-01
-9.3011932E-01 2.1112977E-01 -1.1199381E+00 -6.9981962E-01 -1.3471693E+00 -5.3030777E-01
-9.2869377E-01 2.1545717E-01 -1.1286477E+00 -7.0064864E-01 -1.3490562E+00 -5.1206317E-01
-9.3099361E-01 2.2938912E-01 -1.1465277E+00 -6.8979420E-01 -1.3995519E+00 -4.9966242E-01
-9.5760418E-01 2.2516214E-01 -1.1788268E+00 -7.3437588E-01 -1.4125177E+00 -5.2996125E-01
-1.0235060E+00 3.1331009E-01 -1.3077303E+00 -6.9154640E-01 -1.6674784E+00 -4.4404490E-01
-1.0918534E+00 4.6262538E-01 -1.5085255E+00 -5.9559671E-01 -2.0064149E+00 -2.0992044E-01
-1.1622481E+00 6.4390026E-01 -1.7512949E+00 -4.4212848E-01 -2.4179188E+00 4.5476313E-02
-1.1944928E+00 7.4204822E-01 -1.8779146E+00 -3.3323260E-01 -2.6285484E+00 1.7254257E-01
-1.1938404E+00 7.4504646E-01 -1.8765935E+00 -3.2405123E-01 -2.6333084E+00 1.7659266E-01
-1.2152261E+00 8.2895930E-01 -1.9298006E+00 -1.6454137E-01 -2.7799304E+00 2.5140120E-01
-1.2300318E+00 9.2088282E-01 -1.9879985E+00 -3.8888618E-03 -2.9234088E+00 3.8876809E-01
-1.2293867E+00 9.2277853E-01 -1.9825554E+00 2.8695583E-03 -2.9243886E+00 3.8516071E-01
-1.2319070E+00 9.5219652E-01 -2.0215540E+00 2.5239359E-02 -2.9200804E+00 5.0000000E-01
