-9.7518119E-01 1.6800862E-01 -1.1375213E+00 -8.0956029E-01 -1.3152522E+00 -6.4818506E-01
-9.7946599E-01 1.4161733E-01 -1.1192046E+00 -8.3948019E-01 -1.2655516E+00 -7.0966926E-01
-9.8430768E-01 1.3551068E-01 -1.1180311E+00 -8.4982188E-01 -1.2566451E+00 -7.2435975E-01
-9.8555075E-01 1.1487227E-01 -1.0991715E+00 -8.7128342E-01 -1.2145232E+00 -7.6501512E-01
-9.6785845E-01 1.4918015E-01 -1.1086502E+00 -8.0962707E-01 -1.2690927E+00 -6.8865145E-01
-9.2982710E-01 1.7371881E-01 -1.0836138E+00 -7.4583552E-01 -1.2968578E+00 -6.1019057E-01
-9.0952249E-01 1.8590825E-01 -1.0680391E+00 -7.0668919E-01 -1.2805225E+00 -5.5670074E-01
-9.0355021E-01 1.8508612E-01 -1.0547189E+00 -6.9748685E-01 -1.2772917E+00 -5.5736960E-01
-9.1877347E-01 1.9749897E-01 -1.0852141E+00 -7.0074817E-01 -1.3187571E+00 -5.4644697E-01
-9.2720421E-01 2.1710117E-01 -1.1151070E+00 -6.9085521E-01 -1.3647717E+00 -5.1431268E-01
-1.0216569E+00 2.3299948E-01 -1.2483538E+00 -7.9207829E-01 -1.4941624E+00 -5.7742275E-01
-1.2646327E+00 3.1853954E-01 -1.5791049E+00 -9.5052476E-01 -1.9046077E+00 -6.4834724E-01
-1.5238902E+00 4.3895603E-01 -1.9640212E+00 -1.0886461E+00 -2.3832854E+00 -6.7260362E-01
-1.7775605E+00 6.0291363E-01 -2.4362522E+00 -1.2157564E+00 -2.8864818E+00 -5.4485306E-01
-1.8890776E+00 6.9999080E-01 -2.6919869E+00 -1.2686827E+00 -3.1791146E+00 -5.0011955E-01
-1.8913123E+00 7.0280615E-01 -2.7019547E+00 -1.2690174E+00 -3.1846259E+00 -5.0202597E-01
-1.9595152E+00 7.8899353E-01 -2.9887368E+00 -1.3739543E+00 -3.3267230E+00 -4.3828110E-01
-2.0002281E+00 8.8555849E-01 -3.2570627E+00 -1.4524424E+00 -3.4809050E+00 -3.5464143E-01
-1.9970589E+00 8.8687125E-01 -3.2722376E+00 -1.4665948E+00 -3.4552017E+00 -3.3489217E-01
-2.0058484E+00 9.1648049E-01 -3.2903773E+00 -1.4182528E+00 -3.5000000E+00 -3.1690038E-01
