-1.2096842E+00 1.8487727E-01 -1.3824172E+00 -1.0211912E+00 -1.5881775E+00 -8.5979856E-01
-1.2081687E+00 1.6110790E-01 -1.3549259E+00 -1.0419866E+00 -1.5422805E+00 -9.0612947E-01
-1.2121735E+00 1.5597201E-01 -1.3551749E+00 -1.0515722E+00 -1.5346332E+00 -9.2097983E-01
-1.1940241E+00 1.3623911E-01 -1.3188046E+00 -1.0509281E+00 -1.4730353E+00 -9.4078653E-01
-1.1297577E+00 1.6998220E-01 -1.2871953E+00 -9.5055166E-01 -1.4779441E+00 -8.1075209E-01
-1.0380243E+00 2.0023754E-01 -1.2251455E+00 -8.2559035E-01 -1.4458676E+00 -6.6675141E-01
-9.8325526E-01 2.1346462E-01 -1.1815886E+00 -7.5370720E-01 -1.4229055E+00 -5.9369768E-01
-9.6333583E-01 2.1162130E-01 -1.1581900E+00 -7.3401402E-01 -1.4014787E+00 -5.7744443E-01
-9.1743579E-01 2.1605532E-01 -1.1170522E+00 -6.8362060E-01 -1.3568877E+00 -5.1515608E-01
-8.9522069E-01 2.3009587E-01 -1.1146743E+00 -6.5285582E-01 -1.3566903E+00 -4.6219583E-01
-8.4029394E-01 2.3281618E-01 -1.0709936E+00 -6.0953033E-01 -1.3010650E+00 -3.9218348E-01
-7.5886721E-01 3.1128333E-01 -1.0654452E+00 -4.5074346E-01 -1.3872336E+00 -1.6201133E-01
-7.1776950E-01 4.3595219E-01 -1.1007541E+00 -2.4066446E-01 -1.5824068E+00 1.1627104E-01
-7.1510346E-01 5.9306541E-01 -1.1703748E+00 -1.2607948E-02 -1.8912005E+00 3.6740607E-01
-7.3242834E-01 6.8031257E-01 -1.2208870E+00 9.6822065E-02 -2.0268038E+00 4.9312290E-01
-7.3581148E-01 6.8128707E-01 -1.2173767E+00 1.0111933E-01 -2.0558644E+00 4.6563889E-01
-7.7143969E-01 7.5198443E-01 -1.1844761E+00 2.3247655E-01 -2.2653942E+00 4.4814793E-01
-8.0572381E-01 8.3685095E-01 -1.2128397E+00 3.5038400E-01 -2.4207946E+00 5.0000000E-01
-8.0880759E-01 8.3990347E-01 -1.1999486E+00 3.6075432E-01 -2.4497215E+00 4.7895702E-01
-8.1822280E-01 8.6913616E-01 -1.2255691E+00 4.0226335E-01 -2.4967556E+00 5.0000000E-01
