-1.0926338E+00 1.8048057E-01 -1.2719368E+00 -9.1429347E-01 -1.4491121E+00 -7.4135636E-01
-1.0939457E+00 1.5434413E-01 -1.2472962E+00 -9.4171747E-01 -1.4008382E+00 -7.9308892E-01
-1.0945778E+00 1.4873873E-01 -1.2413995E+00 -9.4831061E-01 -1.3899245E+00 -8.0460780E-01
-1.0959155E+00 1.2704562E-01 -1.2150355E+00 -9.6445043E-01 -1.3551624E+00 -8.5445031E-01
-1.0856710E+00 1.6363703E-01 -1.2373858E+00 -9.1348533E-01 -1.4210233E+00 -7.8194751E-01
-1.0533291E+00 2.0338532E-01 -1.2385108E+00 -8.3208854E-01 -1.4693475E+00 -6.8029600E-01
-1.0247253E+00 2.2234030E-01 -1.2202846E+00 -7.7744766E-01 -1.4882271E+00 -6.2368039E-01
-1.0070473E+00 2.2296363E-01 -1.1993890E+00 -7.5335689E-01 -1.4528090E+00 -5.9244243E-01
-9.6659157E-01 2.2779279E-01 -1.1711852E+00 -7.1430438E-01 -1.4157287E+00 -5.3846942E-01
-9.4113435E-01 2.4176979E-01 -1.1636312E+00 -6.7948378E-01 -1.4389622E+00 -4.9813547E-01
-8.8750132E-01 2.3807479E-01 -1.1125098E+00 -6.3980117E-01 -1.3706560E+00 -4.3319216E-01
-8.2687671E-01 3.0718665E-01 -1.1316751E+00 -5.2143287E-01 -1.4412314E+00 -2.4247995E-01
-8.2766933E-01 4.3670001E-01 -1.2335093E+00 -3.5848713E-01 -1.7149531E+00 -1.2080293E-02
-8.8302282E-01 6.1061141E-01 -1.4524107E+00 -1.9703026E-01 -2.0485820E+00 2.6948370E-01
-9.3335309E-01 7.1017744E-01 -1.5466438E+00 -7.9329121E-02 -2.2699470E+00 3.8147724E-01
-9.3946122E-01 7.1307050E-01 -1.5480071E+00 -7.5149345E-02 -2.2871468E+00 3.7007549E-01
-9.9489916E-01 7.9558442E-01 -1.5921770E+00 5.3344563E-02 -2.5105121E+00 3.6858726E-01
-1.0380128E+00 8.8649618E-01 -1.6320311E+00 2.0571106E-01 -2.6850954E+00 4.5695064E-01
-1.0381966E+00 8.8705407E-01 -1.6272700E+00 2.1024392E-01 -2.6861211E+00 4.4631676E-01
-1.0482458E+00 9.1563389E-01 -1.6932059E+00 2.0898240E-01 -2.7068527E+00 5.0000000E-01
