-1.1707544E+00 1.7022939E-01 -1.3384309E+00 -1.0020773E+00 -1.5074818E+00 -8.3880708E-01
-1.1516578E+00 1.4505644E-01 -1.2943001E+00 -1.0098990E+00 -1.4396864E+00 -8.6991048E-01
-1.1407862E+00 1.3822875E-01 -1.2762810E+00 -1.0054668E+00 -1.4175798E+00 -8.7197606E-01
-1.0885745E+00 1.2285015E-01 -1.2104029E+00 -9.6631938E-01 -1.3343399E+00 -8.5390963E-01
-1.0194946E+00 1.6091457E-01 -1.1789457E+00 -8.5930846E-01 -1.3410206E+00 -7.0935269E-01
-1.0147892E+00 1.8783805E-01 -1.1862406E+00 -8.1808875E-01 -1.4072088E+00 -6.6105598E-01
-1.0423045E+00 2.0140388E-01 -1.2221259E+00 -8.2546186E-01 -1.4652686E+00 -6.7186842E-01
-1.0637572E+00 2.0227080E-01 -1.2460903E+00 -8.4286230E-01 -1.4781884E+00 -6.9356870E-01
-1.0958636E+00 2.1085390E-01 -1.2920773E+00 -8.6757710E-01 -1.5242847E+00 -7.1122316E-01
-1.1123514E+00 2.2800073E-01 -1.3268598E+00 -8.6842543E-01 -1.5775339E+00 -6.8985882E-01
-1.1321859E+00 2.3269860E-01 -1.3542149E+00 -8.9203013E-01 -1.6044562E+00 -6.9336128E-01
-1.1430103E+00 3.2404045E-01 -1.4355953E+00 -7.9804331E-01 -1.8078295E+00 -5.4828889E-01
-1.1265884E+00 4.6735753E-01 -1.5365284E+00 -6.2219020E-01 -2.0679983E+00 -2.4023772E-01
-1.0981410E+00 6.4216170E-01 -1.6451639E+00 -3.6860619E-01 -2.3808970E+00 1.0870415E-01
-1.0856309E+00 7.3964120E-01 -1.6895546E+00 -2.0270619E-01 -2.5517042E+00 2.7712862E-01
-1.0848767E+00 7.4315738E-01 -1.6857445E+00 -1.9148696E-01 -2.5532841E+00 2.7841103E-01
-1.0895126E+00 8.2984174E-01 -1.6713127E+00 2.2558267E-02 -2.7113515E+00 3.2531921E-01
-1.0999888E+00 9.2389072E-01 -1.6867838E+00 2.2077984E-01 -2.8383050E+00 4.6145048E-01
-1.1024197E+00 9.2474545E-01 -1.7089805E+00 2.0247911E-01 -2.8445600E+00 4.4122124E-01
-1.1082536E+00 9.5467689E-01 -1.7460222E+00 2.3434197E-01 -2.8686317E+00 5.0000000E-01
