-9.6881010E-01 1.6675876E-01 -1.1357618E+00 -8.0370533E-01 -1.2915401E+00 -6.3892395E-01
-9.6241076E-01 1.3888209E-01 -1.1009318E+00 -8.2383524E-01 -1.2352559E+00 -6.9273673E-01
-9.6421395E-01 1.3238475E-01 -1.0951463E+00 -8.3193716E-01 -1.2273712E+00 -7.0877123E-01
-9.3275566E-01 1.1170853E-01 -1.0364460E+00 -8.1769788E-01 -1.1620774E+00 -7.2007702E-01
-8.5336726E-01 1.4641333E-01 -9.9703635E-01 -7.0703174E-01 -1.1478528E+00 -5.7473852E-01
-7.8787706E-01 1.6582422E-01 -9.3882149E-01 -6.1300112E-01 -1.1284345E+00 -4.7917186E-01
-7.7993744E-01 1.7437993E-01 -9.3094568E-01 -5.9094283E-01 -1.1472744E+00 -4.6075460E-01
-7.9559371E-01 1.7368510E-01 -9.4681658E-01 -6.0629650E-01 -1.1417392E+00 -4.6482130E-01
-8.5400513E-01 1.8329636E-01 -1.0137506E+00 -6.5425237E-01 -1.2197252E+00 -5.0660870E-01
-8.8852759E-01 2.0097908E-01 -1.0681848E+00 -6.7181027E-01 -1.2901198E+00 -5.0770451E-01
-1.0503239E+00 2.1994546E-01 -1.2539889E+00 -8.2070969E-01 -1.4994657E+00 -6.3589614E-01
-1.3978891E+00 3.2743632E-01 -1.7047201E+00 -1.0588017E+00 -2.0629478E+00 -7.7571200E-01
-1.7104463E+00 4.6073873E-01 -2.1748692E+00 -1.2538346E+00 -2.6162377E+00 -8.0805291E-01
-1.9708680E+00 6.1410822E-01 -2.6412714E+00 -1.3780929E+00 -3.1413007E+00 -8.0594053E-01
-2.0645354E+00 6.9843104E-01 -2.8936859E+00 -1.4458694E+00 -3.3619195E+00 -7.5525420E-01
-2.0603454E+00 6.9984065E-01 -2.8962071E+00 -1.4462671E+00 -3.3533150E+00 -7.5069883E-01
-2.0934593E+00 7.7540569E-01 -3.1433526E+00 -1.5783819E+00 -3.4034806E+00 -6.2823425E-01
-2.1040065E+00 8.6392415E-01 -3.3352332E+00 -1.6332811E+00 -3.5000000E+00 -5.0379463E-01
-2.0998542E+00 8.6409811E-01 -3.3492149E+00 -1.6541824E+00 -3.4653618E+00 -4.7614931E-01
-2.1003576E+00 8.9108029E-01 -3.3909599E+00 -1.6361548E+00 -3.5000000E+00 -4.4335146E-01
