-1.0521453E+00 1.6830248E-01 -1.2215107E+00 -8.8342984E-01 -1.3815051E+00 -7.2351510E-01
-1.0302102E+00 1.3978264E-01 -1.1689804E+00 -8.9221204E-01 -1.3061063E+00 -7.5619722E-01
-1.0209596E+00 1.3350256E-01 -1.1530763E+00 -8.8879814E-01 -1.2843263E+00 -7.6076251E-01
-9.5512437E-01 1.1326613E-01 -1.0661012E+00 -8.4073106E-01 -1.1793023E+00 -7.3695192E-01
-8.4651311E-01 1.4504821E-01 -9.8109384E-01 -6.9780942E-01 -1.1415060E+00 -5.6757849E-01
-7.9809029E-01 1.6792042E-01 -9.4659463E-01 -6.2087740E-01 -1.1481885E+00 -4.8925926E-01
-8.1334005E-01 1.7744523E-01 -9.6688970E-01 -6.2367972E-01 -1.1690648E+00 -4.7553554E-01
-8.3766093E-01 1.7409729E-01 -9.8559936E-01 -6.4999638E-01 -1.1908330E+00 -5.1078972E-01
-9.0787078E-01 1.8063365E-01 -1.0641229E+00 -7.1283847E-01 -1.2898999E+00 -5.7792883E-01
-9.4395700E-01 1.9748568E-01 -1.1216956E+00 -7.3460411E-01 -1.3549689E+00 -5.7708018E-01
-1.1184503E+00 2.1313803E-01 -1.3308798E+00 -9.0581823E-01 -1.5477759E+00 -7.1013187E-01
-1.4955364E+00 3.1412467E-01 -1.8068423E+00 -1.1848014E+00 -2.1202162E+00 -8.8048004E-01
-1.8356288E+00 4.4381029E-01 -2.3021533E+00 -1.4145432E+00 -2.6617744E+00 -9.3131329E-01
-2.1165284E+00 5.9350075E-01 -2.8146275E+00 -1.6238519E+00 -3.2104317E+00 -9.6246846E-01
-2.2138653E+00 6.7326671E-01 -3.0365732E+00 -1.7024591E+00 -3.4367606E+00 -9.2606662E-01
-2.2074768E+00 6.7521334E-01 -3.0322201E+00 -1.6981600E+00 -3.4171814E+00 -9.0518369E-01
-2.2390963E+00 7.3992011E-01 -3.2057827E+00 -1.7976663E+00 -3.4665552E+00 -7.9693270E-01
-2.2495225E+00 8.1676641E-01 -3.3850340E+00 -1.8675498E+00 -3.5000000E+00 -6.7028677E-01
-2.2470234E+00 8.1495803E-01 -3.3905269E+00 -1.8825126E+00 -3.4801689E+00 -6.5416645E-01
-2.2468457E+00 8.4120560E-01 -3.4713910E+00 -1.9039204E+00 -3.5000000E+00 -6.1990741E-01
