-9.2821822E-01 1.6701485E-01 -1.0930958E+00 -7.6111578E-01 -1.2591428E+00 -6.0361683E-01
-9.2292284E-01 1.4005953E-01 -1.0604523E+00 -7.8542848E-01 -1.2058725E+00 -6.5164340E-01
-9.1230554E-01 1.3432452E-01 -1.0375666E+00 -7.7118513E-01 -1.1866440E+00 -6.5686876E-01
-9.0676839E-01 1.1626382E-01 -1.0149810E+00 -7.8530393E-01 -1.1425464E+00 -6.8885042E-01
-9.6535631E-01 1.5980054E-01 -1.1108899E+00 -7.9884113E-01 -1.2985675E+00 -6.6686592E-01
-1.1048839E+00 1.9971506E-01 -1.2815486E+00 -8.9045771E-01 -1.5021679E+00 -7.2261460E-01
-1.1979459E+00 2.1811221E-01 -1.3888182E+00 -9.6080921E-01 -1.6350633E+00 -7.8623463E-01
-1.2330711E+00 2.1716310E-01 -1.4196595E+00 -9.9708995E-01 -1.6746797E+00 -8.2431591E-01
-1.2878751E+00 2.2130881E-01 -1.4830172E+00 -1.0484611E+00 -1.7503540E+00 -8.8349392E-01
-1.3130049E+00 2.3360766E-01 -1.5279891E+00 -1.0638921E+00 -1.7942883E+00 -8.7676010E-01
-1.3221409E+00 2.3454020E-01 -1.5565275E+00 -1.0878857E+00 -1.7919873E+00 -8.7994413E-01
-1.2674977E+00 3.2777338E-01 -1.5743948E+00 -9.2746591E-01 -1.9317802E+00 -6.5280250E-01
-1.1599121E+00 4.6976008E-01 -1.5659064E+00 -6.5551550E-01 -2.1055303E+00 -2.6306003E-01
-1.0323579E+00 6.3800622E-01 -1.5492941E+00 -2.9981400E-01 -2.3088156E+00 1.5235526E-01
-9.7370464E-01 7.2826961E-01 -1.5263790E+00 -9.1490663E-02 -2.4178260E+00 3.3828529E-01
-9.7302094E-01 7.3035271E-01 -1.5190367E+00 -8.0491125E-02 -2.4203132E+00 3.3241838E-01
-9.4626042E-01 8.0259943E-01 -1.4556469E+00 1.1105161E-01 -2.5339624E+00 3.8626268E-01
-9.3152575E-01 8.8473196E-01 -1.4072550E+00 3.2020567E-01 -2.6043244E+00 5.0000000E-01
-9.3203579E-01 8.8519738E-01 -1.3770455E+00 3.4317530E-01 -2.6320338E+00 4.6185240E-01
-9.2748515E-01 9.1037868E-01 -1.3906249E+00 3.9605075E-01 -2.6461996E+00 5.0000000E-01
