-1.1848321E+00 1.7397449E-01 -1.3576785E+00 -1.0124507E+00 -1.5269222E+00 -8.4472164E-01
-1.1790235E+00 1.4907471E-01 -1.3273639E+00 -1.0323168E+00 -1.4780436E+00 -8.9018347E-01
-1.1845984E+00 1.4290988E-01 -1.3186319E+00 -1.0374391E+00 -1.4747680E+00 -9.1075421E-01
-1.1504726E+00 1.2659266E-01 -1.2667312E+00 -1.0191510E+00 -1.4129260E+00 -9.1319351E-01
-1.0410643E+00 1.6549915E-01 -1.1874211E+00 -8.6348002E-01 -1.3862388E+00 -7.3788911E-01
-9.1087979E-01 1.9674335E-01 -1.0696064E+00 -6.9389301E-01 -1.3111161E+00 -5.3990959E-01
-8.5136964E-01 2.1114672E-01 -1.0144950E+00 -6.1393819E-01 -1.2803192E+00 -4.5709729E-01
-8.4345205E-01 2.1148921E-01 -1.0079318E+00 -6.0437455E-01 -1.2749658E+00 -4.5289269E-01
-8.4076646E-01 2.1690698E-01 -1.0207113E+00 -5.9785248E-01 -1.2802207E+00 -4.3629135E-01
-8.4441309E-01 2.3106298E-01 -1.0477817E+00 -5.9200635E-01 -1.3051888E+00 -4.0515373E-01
-8.9098498E-01 2.2744254E-01 -1.1150820E+00 -6.6538556E-01 -1.3548985E+00 -4.5596906E-01
-1.0126506E+00 3.2181757E-01 -1.3060271E+00 -6.7011045E-01 -1.6716999E+00 -4.0723992E-01
-1.1348576E+00 4.8737071E-01 -1.5840492E+00 -6.1173897E-01 -2.1408937E+00 -2.2853703E-01
-1.2480420E+00 6.8717991E-01 -1.8823127E+00 -4.6646356E-01 -2.5947054E+00 3.2044726E-02
-1.2956221E+00 7.9247207E-01 -2.0115756E+00 -3.5071404E-01 -2.8321862E+00 1.4669547E-01
-1.2950299E+00 7.9540943E-01 -2.0100728E+00 -3.4051805E-01 -2.8373628E+00 1.4501745E-01
-1.3228931E+00 8.7853295E-01 -2.0900971E+00 -2.1016466E-01 -2.9992734E+00 1.9769323E-01
-1.3407933E+00 9.6582258E-01 -2.2323989E+00 -1.2726407E-01 -3.1427608E+00 3.1951228E-01
-1.3413937E+00 9.6621107E-01 -2.2393303E+00 -1.3465868E-01 -3.1233618E+00 3.3021192E-01
-1.3451170E+00 9.9511342E-01 -2.2620538E+00 -8.7044850E-02 -3.5000000E+00 5.0000000E-01
