-9.1225284E-01 1.7135953E-01 -1.0820566E+00 -7.4175569E-01 -1.2488524E+00 -5.7484494E-01
-8.9426265E-01 1.4329703E-01 -1.0352900E+00 -7.5306294E-01 -1.1769606E+00 -6.1262381E-01
-8.7631984E-01 1.3737406E-01 -1.0107860E+00 -7.4064588E-01 -1.1489026E+00 -6.0844254E-01
-8.5386393E-01 1.1637355E-01 -9.6309228E-01 -7.3267956E-01 -1.0872075E+00 -6.3202316E-01
-8.9640999E-01 1.5513776E-01 -1.0465239E+00 -7.4277538E-01 -1.2109382E+00 -5.9944344E-01
-1.0387775E+00 1.9047445E-01 -1.2088125E+00 -8.3458704E-01 -1.4227045E+00 -6.7430709E-01
-1.1399911E+00 2.0765638E-01 -1.3205516E+00 -9.1566489E-01 -1.5583398E+00 -7.4146645E-01
-1.1782751E+00 2.0729062E-01 -1.3560770E+00 -9.5250889E-01 -1.5944876E+00 -7.8162714E-01
-1.2354380E+00 2.1418856E-01 -1.4235209E+00 -1.0054130E+00 -1.6633935E+00 -8.2462701E-01
-1.2561450E+00 2.3002926E-01 -1.4662620E+00 -1.0118989E+00 -1.7373736E+00 -8.3096990E-01
-1.2671727E+00 2.3596652E-01 -1.5027312E+00 -1.0333076E+00 -1.7455427E+00 -8.1380616E-01
-1.2432813E+00 3.1914225E-01 -1.5586061E+00 -9.2768396E-01 -1.8851487E+00 -6.2939060E-01
-1.1967528E+00 4.3772643E-01 -1.6040042E+00 -7.3951758E-01 -2.0985164E+00 -3.6485164E-01
-1.1483731E+00 5.8672297E-01 -1.7046233E+00 -5.1824887E-01 -2.3403069E+00 -6.9107219E-02
-1.1323615E+00 6.7628750E-01 -1.7678095E+00 -3.6847171E-01 -2.4311059E+00 1.3741671E-01
-1.1325008E+00 6.7993984E-01 -1.7683053E+00 -3.5652069E-01 -2.4346963E+00 1.3646994E-01
-1.1395182E+00 7.7315997E-01 -1.7963549E+00 -1.7064771E-01 -2.6061265E+00 2.4201426E-01
-1.1524241E+00 8.7710313E-01 -1.8618963E+00 -6.5106531E-03 -2.7715907E+00 4.1762240E-01
-1.1542392E+00 8.7908406E-01 -1.8683861E+00 -6.4847822E-03 -2.7746061E+00 4.0750126E-01
-1.1592563E+00 9.1155083E-01 -1.9127251E+00 1.8971644E-02 -2.7789302E+00 5.0000000E-01
