-1.1339705E+00 1.6897254E-01 -1.3007061E+00 -9.6538017E-01 -1.4702750E+00 -8.0728599E-01
-1.1186510E+00 1.4317946E-01 -1.2613603E+00 -9.7726268E-01 -1.4034804E+00 -8.4318905E-01
-1.1110545E+00 1.3810414E-01 -1.2425855E+00 -9.6939295E-01 -1.3877686E+00 -8.4649865E-01
-1.0840406E+00 1.1995547E-01 -1.1970190E+00 -9.6054519E-01 -1.3254156E+00 -8.5452447E-01
-1.0496361E+00 1.5692149E-01 -1.1970165E+00 -8.8725002E-01 -1.3711791E+00 -7.4996837E-01
-1.0382440E+00 1.9128604E-01 -1.2014981E+00 -8.3009016E-01 -1.4254696E+00 -6.7210418E-01
-1.0425338E+00 2.0891825E-01 -1.2204299E+00 -8.1290049E-01 -1.4663445E+00 -6.4990802E-01
-1.0455216E+00 2.0951127E-01 -1.2232014E+00 -8.1033229E-01 -1.4628035E+00 -6.5228713E-01
-1.0518579E+00 2.1672203E-01 -1.2440828E+00 -8.1178623E-01 -1.4800590E+00 -6.4656819E-01
-1.0524687E+00 2.3135678E-01 -1.2636029E+00 -7.9926095E-01 -1.5234016E+00 -6.3116853E-01
-1.0809660E+00 2.3383758E-01 -1.3149809E+00 -8.4734635E-01 -1.5459472E+00 -6.3426039E-01
-1.1566547E+00 3.3344147E-01 -1.4568549E+00 -8.0886953E-01 -1.8491984E+00 -5.3152497E-01
-1.2421039E+00 4.9503629E-01 -1.6860050E+00 -7.1246875E-01 -2.2809318E+00 -3.2788115E-01
-1.3347221E+00 6.9392893E-01 -1.9730426E+00 -5.5156859E-01 -2.7513079E+00 -6.8582729E-02
-1.3795790E+00 7.9909655E-01 -2.1199889E+00 -4.4207354E-01 -2.9737549E+00 6.0042270E-02
-1.3806370E+00 8.0144315E-01 -2.1260029E+00 -4.3866953E-01 -2.9771155E+00 6.0779048E-02
-1.4119013E+00 8.8677556E-01 -2.2278018E+00 -2.8787562E-01 -3.0602807E+00 1.5932142E-01
-1.4329840E+00 9.7960058E-01 -2.3901028E+00 -2.0180912E-01 -3.2104169E+00 2.9070865E-01
-1.4326118E+00 9.8080658E-01 -2.3980389E+00 -2.0775380E-01 -3.1955106E+00 3.0019325E-01
-1.4384830E+00 1.0106298E+00 -2.4583550E+00 -1.9628171E-01 -3.5000000E+00 5.0000000E-01
