-1.2118675E+00 1.7472594E-01 -1.3844431E+00 -1.0389973E+00 -1.5634085E+00 -8.7842051E-01
-1.1914712E+00 1.4806520E-01 -1.3390864E+00 -1.0438531E+00 -1.4886665E+00 -9.0896443E-01
-1.1863164E+00 1.4131907E-01 -1.3273215E+00 -1.0454741E+00 -1.4685382E+00 -9.1475895E-01
-1.1102277E+00 1.1915492E-01 -1.2215142E+00 -9.8587685E-01 -1.3529532E+00 -8.8561623E-01
-9.4152087E-01 1.5286885E-01 -1.0923851E+00 -7.8891822E-01 -1.2472189E+00 -6.4941042E-01
-7.8828600E-01 1.7859130E-01 -9.4359996E-01 -5.9853905E-01 -1.1433336E+00 -4.4388036E-01
-7.3729178E-01 1.8970632E-01 -8.9763135E-01 -5.3364857E-01 -1.1171034E+00 -3.7794304E-01
-7.3899472E-01 1.8881764E-01 -8.9601270E-01 -5.3370089E-01 -1.1213499E+00 -3.8344724E-01
-7.6044533E-01 1.9403905E-01 -9.3055766E-01 -5.5200840E-01 -1.1503329E+00 -3.8983771E-01
-7.7689019E-01 2.0991873E-01 -9.6877502E-01 -5.5294848E-01 -1.1916158E+00 -3.7276406E-01
-8.8989885E-01 2.1461252E-01 -1.1025251E+00 -6.7670232E-01 -1.3209700E+00 -4.7932625E-01
-1.1601234E+00 3.1511022E-01 -1.4700996E+00 -8.4821743E-01 -1.7933743E+00 -5.5381151E-01
-1.4276780E+00 4.6440982E-01 -1.8957756E+00 -9.6668973E-01 -2.3314399E+00 -5.1907626E-01
-1.6717318E+00 6.4225800E-01 -2.3393046E+00 -1.0125768E+00 -2.8794304E+00 -3.9969803E-01
-1.7709763E+00 7.3631088E-01 -2.6066689E+00 -1.0655049E+00 -3.1106634E+00 -3.0597243E-01
-1.7697564E+00 7.3650083E-01 -2.6134017E+00 -1.0699149E+00 -3.1413041E+00 -3.5713148E-01
-1.8172862E+00 8.1772766E-01 -2.8468238E+00 -1.1060426E+00 -3.2650575E+00 -2.8130217E-01
-1.8411981E+00 9.0966499E-01 -3.0746189E+00 -1.1185481E+00 -3.4271894E+00 -1.8365980E-01
-1.8374818E+00 9.1031870E-01 -3.0692600E+00 -1.1115553E+00 -3.4066198E+00 -1.7738611E-01
-1.8405919E+00 9.4127361E-01 -3.1132648E+00 -1.0886551E+00 -3.5000000E+00 -1.8128567E-01
