-7.1141160E-01 1.7794598E-01 -8.8214804E-01 -5.2745515E-01 -1.0665557E+00 -3.7050371E-01
-7.4601370E-01 1.5158501E-01 -8.9826694E-01 -5.9513877E-01 -1.0478829E+00 -4.5681219E-01
-7.5481243E-01 1.4540565E-01 -9.0056519E-01 -6.1074986E-01 -1.0454333E+00 -4.7597070E-01
-8.9311439E-01 1.2554028E-01 -1.0089733E+00 -7.6071618E-01 -1.1496157E+00 -6.5705953E-01
-1.1801519E+00 1.6398491E-01 -1.3340790E+00 -1.0090810E+00 -1.5137991E+00 -8.7244350E-01
-1.3924600E+00 2.0562050E-01 -1.5847196E+00 -1.1721832E+00 -1.8100241E+00 -1.0125701E+00
-1.4289848E+00 2.2842291E-01 -1.6440464E+00 -1.1865146E+00 -1.8952218E+00 -1.0065992E+00
-1.3908004E+00 2.3107909E-01 -1.6104925E+00 -1.1467083E+00 -1.8629696E+00 -9.6146787E-01
-1.3044680E+00 2.4295552E-01 -1.5340622E+00 -1.0486969E+00 -1.7956246E+00 -8.4653111E-01
-1.2440832E+00 2.5917786E-01 -1.5046226E+00 -9.8653921E-01 -1.7632245E+00 -7.4857669E-01
-1.0635808E+00 2.5605905E-01 -1.3151382E+00 -8.0857711E-01 -1.5738787E+00 -5.6985940E-01
-7.4691410E-01 2.9783605E-01 -1.0446040E+00 -4.4799531E-01 -1.3345395E+00 -1.7385146E-01
-5.4096308E-01 3.8470144E-01 -8.7813904E-01 -1.1774802E-01 -1.3115390E+00 1.9200157E-01
-4.4835230E-01 5.1911335E-01 -7.9224486E-01 2.1812068E-01 -1.4607412E+00 4.4507717E-01
-4.5812798E-01 6.0335265E-01 -7.7249338E-01 3.5971744E-01 -1.6111123E+00 5.0000000E-01
-4.6909495E-01 6.0649301E-01 -7.8021692E-01 3.5458923E-01 -1.6298353E+00 5.0000000E-01
-5.3465410E-01 6.8512493E-01 -8.5079501E-01 3.5948878E-01 -1.8788205E+00 5.0000000E-01
-6.0083217E-01 7.7620085E-01 -9.0297912E-01 4.2876476E-01 -2.1201285E+00 5.0000000E-01
-6.0550699E-01 7.7722700E-01 -9.0400285E-01 4.2272655E-01 -2.1339468E+00 4.9643421E-01
-6.2210722E-01 8.0855212E-01 -8.8731631E-01 4.9806132E-01 -2.2086391E+00 5.0000000E-01
