-1.1155270E+00 1.7493124E-01 -1.2893364E+00 -9.4161215E-01 -1.4643495E+00 -7.8217620E-01
-1.0894229E+00 1.4912536E-01 -1.2286161E+00 -9.3556700E-01 -1.3910390E+00 -8.0564320E-01
-1.0777240E+00 1.4345334E-01 -1.2167243E+00 -9.3537085E-01 -1.3688850E+00 -8.0345807E-01
-9.9431266E-01 1.2219654E-01 -1.1037886E+00 -8.6500983E-01 -1.2484577E+00 -7.6762759E-01
-8.4008457E-01 1.5291092E-01 -9.9088012E-01 -6.9014564E-01 -1.1519503E+00 -5.4490720E-01
-7.3719509E-01 1.7461885E-01 -8.9211436E-01 -5.5364188E-01 -1.0884041E+00 -3.9966341E-01
-7.2207821E-01 1.8341848E-01 -8.7796215E-01 -5.2405975E-01 -1.0901544E+00 -3.7266814E-01
-7.3767843E-01 1.8213913E-01 -8.8624797E-01 -5.3528700E-01 -1.1064256E+00 -3.9770933E-01
-7.7251572E-01 1.9285863E-01 -9.2855799E-01 -5.5487504E-01 -1.1646464E+00 -4.1672914E-01
-7.9224287E-01 2.1162105E-01 -9.6927614E-01 -5.5796368E-01 -1.2222111E+00 -3.9543823E-01
-8.9160161E-01 2.2494358E-01 -1.0923394E+00 -6.4854214E-01 -1.3573470E+00 -4.7719085E-01
-1.1266786E+00 3.1437582E-01 -1.4364747E+00 -8.1647740E-01 -1.7600581E+00 -5.1471852E-01
-1.3677241E+00 4.4786425E-01 -1.8219472E+00 -9.1636275E-01 -2.2501759E+00 -5.1195536E-01
-1.6034105E+00 6.2528466E-01 -2.2720418E+00 -9.9296315E-01 -2.7703593E+00 -3.6427244E-01
-1.7097781E+00 7.2693525E-01 -2.5391156E+00 -1.0459168E+00 -3.0652568E+00 -2.8495710E-01
-1.7121181E+00 7.2935173E-01 -2.5492377E+00 -1.0502395E+00 -3.0680308E+00 -2.8219350E-01
-1.7838260E+00 8.1689502E-01 -2.8160336E+00 -1.1140403E+00 -3.2304677E+00 -2.0262031E-01
-1.8287898E+00 9.1470968E-01 -3.0198986E+00 -1.0942792E+00 -3.4417926E+00 -1.2784219E-01
-1.8250502E+00 9.1693536E-01 -3.0184725E+00 -1.0884196E+00 -3.4205866E+00 -1.1452307E-01
-1.8323254E+00 9.4871038E-01 -3.0818261E+00 -1.0768429E+00 -3.5000000E+00 -1.1599694E-01
