-1.2118644E+00 1.8041016E-01 -1.3893865E+00 -1.0325167E+00 -1.5683595E+00 -8.6103407E-01
-1.2236290E+00 1.5329413E-01 -1.3739951E+00 -1.0723962E+00 -1.5282413E+00 -9.2834014E-01
-1.2384857E+00 1.4764789E-01 -1.3855244E+00 -1.0931673E+00 -1.5318763E+00 -9.5296403E-01
-1.2433278E+00 1.3099993E-01 -1.3645442E+00 -1.1050566E+00 -1.5098686E+00 -9.9727106E-01
-1.1697926E+00 1.7047262E-01 -1.3180153E+00 -9.8970919E-01 -1.5153710E+00 -8.3786412E-01
-1.0051571E+00 2.0033168E-01 -1.1722046E+00 -7.8528873E-01 -1.4103760E+00 -6.2722781E-01
-8.9491433E-01 2.1542764E-01 -1.0711845E+00 -6.5039449E-01 -1.3310117E+00 -4.9415600E-01
-8.5221054E-01 2.1832467E-01 -1.0297541E+00 -6.0261525E-01 -1.2953123E+00 -4.4731385E-01
-7.8338906E-01 2.2834946E-01 -9.8138658E-01 -5.3030881E-01 -1.2428635E+00 -3.5512053E-01
-7.5214025E-01 2.4539741E-01 -9.7777609E-01 -4.8744892E-01 -1.2601532E+00 -3.0107241E-01
-7.1979084E-01 2.4097793E-01 -9.5211453E-01 -4.6792025E-01 -1.2020379E+00 -2.6101633E-01
-7.4444495E-01 3.0965340E-01 -1.0349721E+00 -4.2369354E-01 -1.3716188E+00 -1.6423056E-01
-8.5511023E-01 4.4456796E-01 -1.2964487E+00 -4.0472730E-01 -1.7074963E+00 2.1742324E-03
-1.0292742E+00 6.3064975E-01 -1.6453513E+00 -3.5112976E-01 -2.2116975E+00 1.8678349E-01
-1.1345735E+00 7.3955325E-01 -1.8541888E+00 -3.0042277E-01 -2.5183713E+00 2.6745095E-01
-1.1420815E+00 7.4293648E-01 -1.8681385E+00 -3.0396811E-01 -2.5295255E+00 2.6361644E-01
-1.2402226E+00 8.3905951E-01 -2.0241376E+00 -2.1797644E-01 -2.8019493E+00 2.7593988E-01
-1.3118818E+00 9.4073467E-01 -2.1965191E+00 -1.4992227E-01 -3.0311240E+00 3.8355093E-01
-1.3108269E+00 9.4335324E-01 -2.1900876E+00 -1.3681217E-01 -3.0212470E+00 3.8825357E-01
-1.3288342E+00 9.7412763E-01 -2.2435706E+00 -1.1725709E-01 -3.5000000E+00 5.0000000E-01
