-8.5927843E-01 1.7091356E-01 -1.0274452E+00 -6.8983144E-01 -1.1980206E+00 -5.2597348E-01
-8.7901436E-01 1.4430996E-01 -1.0221823E+00 -7.3417372E-01 -1.1646009E+00 -5.9841150E-01
-8.8412554E-01 1.3831352E-01 -1.0216697E+00 -7.4462606E-01 -1.1581430E+00 -6.1755490E-01
-9.5658755E-01 1.1965573E-01 -1.0759835E+00 -8.3571963E-01 -1.1926660E+00 -7.2596800E-01
-1.1175342E+00 1.6152186E-01 -1.2653105E+00 -9.4622750E-01 -1.4525858E+00 -8.1661956E-01
-1.2590355E+00 2.0090887E-01 -1.4360226E+00 -1.0378731E+00 -1.6578533E+00 -8.8088907E-01
-1.3026098E+00 2.1955020E-01 -1.5011414E+00 -1.0635137E+00 -1.7334580E+00 -8.8672135E-01
-1.2972016E+00 2.1936257E-01 -1.4959647E+00 -1.0568304E+00 -1.7471753E+00 -8.9953976E-01
-1.2779796E+00 2.2507777E-01 -1.4871263E+00 -1.0364870E+00 -1.7374145E+00 -8.6208114E-01
-1.2631500E+00 2.4010878E-01 -1.4912958E+00 -1.0092748E+00 -1.7464172E+00 -8.1389375E-01
-1.1930584E+00 2.4187907E-01 -1.4224115E+00 -9.4066097E-01 -1.6826663E+00 -7.3491433E-01
-1.0510603E+00 3.2106121E-01 -1.3483066E+00 -7.1237820E-01 -1.7127623E+00 -4.5697676E-01
-9.4136163E-01 4.4850388E-01 -1.3497562E+00 -4.5802366E-01 -1.8331828E+00 -8.4744221E-02
-8.7817148E-01 6.0890696E-01 -1.3832082E+00 -1.7170701E-01 -2.0930044E+00 2.4378555E-01
-8.7534782E-01 6.9726615E-01 -1.4048744E+00 -1.8555513E-02 -2.2394947E+00 3.7636083E-01
-8.7929298E-01 6.9940192E-01 -1.4020370E+00 -1.2844932E-02 -2.2506741E+00 3.6541680E-01
-9.1355375E-01 7.7725135E-01 -1.4103865E+00 1.1660644E-01 -2.4443080E+00 3.9155684E-01
-9.5013303E-01 8.6920281E-01 -1.4495029E+00 2.5913750E-01 -2.6087161E+00 4.8995080E-01
-9.5146595E-01 8.7105549E-01 -1.4309793E+00 2.8177437E-01 -2.6286562E+00 4.6626187E-01
-9.5947258E-01 8.9956090E-01 -1.4965311E+00 2.8875054E-01 -2.6614846E+00 5.0000000E-01
