-9.4929835E-01 1.6817254E-01 -1.1150106E+00 -7.8206215E-01 -1.2784675E+00 -6.1969932E-01
-9.5397171E-01 1.4244984E-01 -1.0948430E+00 -8.1161166E-01 -1.2330847E+00 -6.7627398E-01
-9.5248514E-01 1.3634016E-01 -1.0866181E+00 -8.1750097E-01 -1.2216060E+00 -6.8672293E-01
-9.8036168E-01 1.2060886E-01 -1.0914119E+00 -8.5437524E-01 -1.2259529E+00 -7.5128674E-01
-1.0587558E+00 1.5916756E-01 -1.2090023E+00 -8.9218250E-01 -1.3801913E+00 -7.5688381E-01
-1.1429048E+00 1.9130491E-01 -1.3199563E+00 -9.4334095E-01 -1.5390498E+00 -7.8745969E-01
-1.1761092E+00 2.0959036E-01 -1.3658467E+00 -9.5111646E-01 -1.6093378E+00 -7.9036972E-01
-1.1767844E+00 2.1205983E-01 -1.3654291E+00 -9.4401910E-01 -1.6131657E+00 -7.9048043E-01
-1.1749205E+00 2.2086420E-01 -1.3714014E+00 -9.3218389E-01 -1.6348738E+00 -7.7045342E-01
-1.1707309E+00 2.3717338E-01 -1.3856383E+00 -9.1357965E-01 -1.6581190E+00 -7.3470069E-01
-1.1463422E+00 2.4164000E-01 -1.3868929E+00 -9.0556055E-01 -1.6318784E+00 -6.8695693E-01
-1.0934931E+00 3.1652135E-01 -1.4063763E+00 -7.7809333E-01 -1.7310806E+00 -4.9440095E-01
-1.0575895E+00 4.4099150E-01 -1.4532808E+00 -5.7546909E-01 -1.9276111E+00 -2.2263993E-01
-1.0472754E+00 6.0400450E-01 -1.5758205E+00 -3.5313190E-01 -2.2278708E+00 8.0544250E-02
-1.0577623E+00 6.9694184E-01 -1.6513120E+00 -2.2165525E-01 -2.4163477E+00 2.2547195E-01
-1.0619556E+00 6.9941483E-01 -1.6561255E+00 -2.1825930E-01 -2.4225713E+00 2.1848970E-01
-1.0915410E+00 7.8731157E-01 -1.7108300E+00 -7.0458382E-02 -2.6071685E+00 2.8654472E-01
-1.1211956E+00 8.8887532E-01 -1.7769027E+00 9.4169701E-02 -2.7854584E+00 4.2355742E-01
-1.1237070E+00 8.9221592E-01 -1.8101980E+00 7.2392531E-02 -2.7853732E+00 4.2482751E-01
-1.1328626E+00 9.2452537E-01 -1.8607953E+00 9.4508536E-02 -2.8021584E+00 5.0000000E-01
