-9.1230511E-01 1.7002608E-01 -1.0815636E+00 -7.4319878E-01 -1.2504830E+00 -5.8412115E-01
-9.1613600E-01 1.4280054E-01 -1.0573949E+00 -7.7383009E-01 -1.2027420E+00 -6.4134715E-01
-9.1469962E-01 1.3562496E-01 -1.0492934E+00 -7.7850456E-01 -1.1831621E+00 -6.5263600E-01
-9.2794222E-01 1.1336300E-01 -1.0414835E+00 -8.1440742E-01 -1.1495017E+00 -7.0734029E-01
-9.6853935E-01 1.5106362E-01 -1.1090526E+00 -8.1146431E-01 -1.2745439E+00 -6.8432652E-01
-1.0205275E+00 1.8578902E-01 -1.1767197E+00 -8.1963868E-01 -1.4159983E+00 -6.8526827E-01
-1.0501021E+00 2.0343663E-01 -1.2115920E+00 -8.2178726E-01 -1.4622133E+00 -6.7084253E-01
-1.0590956E+00 2.0321062E-01 -1.2186732E+00 -8.3144268E-01 -1.4726702E+00 -6.8050712E-01
-1.0817684E+00 2.1216508E-01 -1.2571029E+00 -8.4301416E-01 -1.5061214E+00 -6.8478119E-01
-1.0886381E+00 2.2886768E-01 -1.2919446E+00 -8.3836339E-01 -1.5414589E+00 -6.5530348E-01
-1.1286818E+00 2.3859906E-01 -1.3518424E+00 -8.7922152E-01 -1.6133065E+00 -6.7781750E-01
-1.2247892E+00 3.3235189E-01 -1.5250429E+00 -8.7387929E-01 -1.9155027E+00 -5.9869427E-01
-1.3294893E+00 4.7309899E-01 -1.7497953E+00 -8.1929155E-01 -2.3112743E+00 -4.3924675E-01
-1.4368325E+00 6.5441876E-01 -2.0599844E+00 -7.3246100E-01 -2.7501674E+00 -1.9979824E-01
-1.4862177E+00 7.5820744E-01 -2.2403647E+00 -6.6191075E-01 -2.9608943E+00 -5.7962253E-02
-1.4877333E+00 7.6181884E-01 -2.2462567E+00 -6.5676072E-01 -2.9629958E+00 -5.9072619E-02
-1.5232840E+00 8.4610192E-01 -2.4445081E+00 -6.0879725E-01 -3.0820847E+00 3.1323692E-02
-1.5471053E+00 9.3655335E-01 -2.5870358E+00 -5.2007588E-01 -3.2268499E+00 1.7400992E-01
-1.5461680E+00 9.3739411E-01 -2.5866237E+00 -5.1584976E-01 -3.2298655E+00 1.7632177E-01
-1.5509539E+00 9.6592585E-01 -2.6207720E+00 -4.9026761E-01 -3.5000000E+00 5.0000000E-01
