-1.0395171E+00 1.7511171E-01 -1.2138032E+00 -8.6679735E-01 -1.3880254E+00 -7.0046002E-01
-1.0274801E+00 1.4894384E-01 -1.1690446E+00 -8.7356308E-01 -1.3252611E+00 -7.4413453E-01
-1.0190740E+00 1.4365282E-01 -1.1543448E+00 -8.7000225E-01 -1.3094788E+00 -7.4682645E-01
-9.9327927E-01 1.2720259E-01 -1.1106456E+00 -8.5960720E-01 -1.2548855E+00 -7.5551602E-01
-9.7738686E-01 1.6408222E-01 -1.1268457E+00 -8.0193870E-01 -1.3188919E+00 -6.7289304E-01
-1.0117389E+00 1.9257195E-01 -1.1824846E+00 -8.0462384E-01 -1.4144831E+00 -6.5762416E-01
-1.0477346E+00 2.0608663E-01 -1.2334559E+00 -8.2845970E-01 -1.4767741E+00 -6.6688908E-01
-1.0653246E+00 2.0576684E-01 -1.2540034E+00 -8.4301983E-01 -1.4900266E+00 -6.8791792E-01
-1.0791677E+00 2.1402386E-01 -1.2797015E+00 -8.4884052E-01 -1.5122036E+00 -6.8563157E-01
-1.0793691E+00 2.3061790E-01 -1.3009161E+00 -8.3659796E-01 -1.5414485E+00 -6.4583349E-01
-1.0544312E+00 2.4053813E-01 -1.2947614E+00 -8.1371026E-01 -1.5341568E+00 -5.9969940E-01
-9.9391913E-01 3.1691829E-01 -1.3083485E+00 -6.7612555E-01 -1.6344023E+00 -3.9616252E-01
-9.4472730E-01 4.3353896E-01 -1.3342462E+00 -4.7257350E-01 -1.8013129E+00 -1.1487479E-01
-9.1827689E-01 5.9260448E-01 -1.4133064E+00 -2.2275101E-01 -2.0889025E+00 1.7199797E-01
-9.2238038E-01 6.8603768E-01 -1.4591681E+00 -7.4782636E-02 -2.2599178E+00 3.0671096E-01
-9.2671737E-01 6.8929420E-01 -1.4577103E+00 -6.5244927E-02 -2.2699413E+00 2.9791206E-01
-9.5513491E-01 7.7506318E-01 -1.4672893E+00 9.3045958E-02 -2.4628129E+00 3.4305802E-01
-9.8219555E-01 8.7375073E-01 -1.5047736E+00 2.5771336E-01 -2.6182530E+00 4.7453753E-01
-9.8387631E-01 8.7554255E-01 -1.4882312E+00 2.7804551E-01 -2.6339855E+00 4.5181906E-01
-9.9144841E-01 9.0557214E-01 -1.5506923E+00 2.8536541E-01 -2.6657106E+00 5.0000000E-01
