-9.7642995E-01 1.7237751E-01 -1.1482623E+00 -8.0545851E-01 -1.3195390E+00 -6.4560039E-01
-9.9319617E-01 1.4743564E-01 -1.1407455E+00 -8.4897764E-01 -1.2881348E+00 -7.1255975E-01
-1.0014175E+00 1.4383179E-01 -1.1441889E+00 -8.6025940E-01 -1.2910414E+00 -7.2352646E-01
-1.0544325E+00 1.2549263E-01 -1.1697430E+00 -9.2220011E-01 -1.3108481E+00 -8.1967187E-01
-1.1463989E+00 1.6718693E-01 -1.3011950E+00 -9.7034314E-01 -1.4918978E+00 -8.3417494E-01
-1.1939320E+00 2.1113060E-01 -1.3755346E+00 -9.5794736E-01 -1.6168753E+00 -8.0072400E-01
-1.1905825E+00 2.3113924E-01 -1.3803550E+00 -9.2825444E-01 -1.6633019E+00 -7.6661000E-01
-1.1773324E+00 2.3035639E-01 -1.3723314E+00 -9.2034804E-01 -1.6412808E+00 -7.4795851E-01
-1.1523505E+00 2.3167846E-01 -1.3571999E+00 -9.0182312E-01 -1.6150228E+00 -7.0908719E-01
-1.1388948E+00 2.4344204E-01 -1.3645496E+00 -8.8502627E-01 -1.6193409E+00 -6.6268506E-01
-1.0933062E+00 2.3826873E-01 -1.3246860E+00 -8.5751042E-01 -1.5771410E+00 -6.3490194E-01
-1.0034924E+00 3.1041747E-01 -1.2909818E+00 -6.8357045E-01 -1.6441919E+00 -4.2069846E-01
-9.2852015E-01 4.3204976E-01 -1.3133069E+00 -4.7029223E-01 -1.7930796E+00 -9.2530211E-02
-8.7157757E-01 5.8657649E-01 -1.3823867E+00 -2.1204138E-01 -2.0147273E+00 2.4311360E-01
-8.5621366E-01 6.7308350E-01 -1.4167268E+00 -5.7044619E-02 -2.1335069E+00 3.9442833E-01
-8.5771220E-01 6.7595387E-01 -1.4119125E+00 -4.6225310E-02 -2.1415572E+00 3.8378898E-01
-8.6906677E-01 7.4624720E-01 -1.3791004E+00 1.1939218E-01 -2.2945143E+00 3.9780340E-01
-8.8677263E-01 8.2763909E-01 -1.3772198E+00 2.7367676E-01 -2.4366664E+00 4.7283535E-01
-8.8836544E-01 8.2659764E-01 -1.3672015E+00 2.8248387E-01 -2.4464413E+00 4.5244601E-01
-8.9498312E-01 8.5292276E-01 -1.4248078E+00 2.8597500E-01 -2.4720410E+00 5.0000000E-01
