-8.5987243E-01 1.6844427E-01 -1.0257003E+00 -6.9082250E-01 -1.1913426E+00 -5.3585715E-01
-8.6978296E-01 1.3994712E-01 -1.0074521E+00 -7.2876168E-01 -1.1491746E+00 -6.0328866E-01
-8.7219589E-01 1.3390918E-01 -1.0043109E+00 -7.3758244E-01 -1.1380460E+00 -6.1695379E-01
-9.0573262E-01 1.1435970E-01 -1.0108612E+00 -7.8348787E-01 -1.1389574E+00 -6.9320800E-01
-9.9649632E-01 1.5740317E-01 -1.1441544E+00 -8.3168462E-01 -1.3139992E+00 -6.9507076E-01
-1.1013518E+00 1.9718889E-01 -1.2750814E+00 -8.8958866E-01 -1.5211328E+00 -7.4092024E-01
-1.1514003E+00 2.1364772E-01 -1.3303260E+00 -9.1439330E-01 -1.5827075E+00 -7.5080887E-01
-1.1616142E+00 2.1394003E-01 -1.3413649E+00 -9.2268036E-01 -1.5908280E+00 -7.6097909E-01
-1.1819254E+00 2.2161209E-01 -1.3762241E+00 -9.3686025E-01 -1.6226898E+00 -7.6287419E-01
-1.1852834E+00 2.3689730E-01 -1.4016065E+00 -9.2803923E-01 -1.6701003E+00 -7.4909118E-01
-1.1934088E+00 2.3907716E-01 -1.4190964E+00 -9.4208684E-01 -1.6739539E+00 -7.4600102E-01
-1.2108811E+00 3.3531482E-01 -1.5086661E+00 -8.6143222E-01 -1.9214167E+00 -5.8866042E-01
-1.2336137E+00 4.9192129E-01 -1.6746164E+00 -7.1362029E-01 -2.2697053E+00 -3.1388935E-01
-1.2629930E+00 6.8222435E-01 -1.8805178E+00 -4.8710718E-01 -2.6044135E+00 1.4461548E-02
-1.2812700E+00 7.8565131E-01 -2.0055254E+00 -3.5881606E-01 -2.8031900E+00 1.6616321E-01
-1.2825363E+00 7.8953025E-01 -2.0131977E+00 -3.5507260E-01 -2.8075075E+00 1.7358455E-01
-1.2973221E+00 8.7254383E-01 -2.0886369E+00 -2.1102509E-01 -2.9447545E+00 2.4544166E-01
-1.3082008E+00 9.6110132E-01 -2.1959166E+00 -1.0141954E-01 -3.0689762E+00 3.9518037E-01
-1.3078765E+00 9.6118649E-01 -2.1901764E+00 -9.9025975E-02 -3.0596568E+00 3.9142647E-01
-1.3073585E+00 9.8835727E-01 -2.1999847E+00 -4.4930795E-02 -3.5000000E+00 5.0000000E-01
