-1.2026341E+00 1.7288836E-01 -1.3733407E+00 -1.0295996E+00 -1.5487520E+00 -8.7233091E-01
-1.1915055E+00 1.4654426E-01 -1.3357323E+00 -1.0450273E+00 -1.4845115E+00 -9.1072990E-01
-1.1955942E+00 1.4026066E-01 -1.3341123E+00 -1.0570082E+00 -1.4763013E+00 -9.2586734E-01
-1.1258562E+00 1.1778901E-01 -1.2409397E+00 -1.0109002E+00 -1.3662856E+00 -8.9888017E-01
-9.2960326E-01 1.4406940E-01 -1.0703522E+00 -7.8749866E-01 -1.2238243E+00 -6.5492742E-01
-7.1196843E-01 1.5851452E-01 -8.5994104E-01 -5.4999717E-01 -1.0381614E+00 -4.1205502E-01
-6.2228449E-01 1.6519825E-01 -7.7521395E-01 -4.5095209E-01 -9.6355369E-01 -3.1479965E-01
-6.1386917E-01 1.6289193E-01 -7.6533504E-01 -4.4413860E-01 -9.3290941E-01 -2.9797475E-01
-6.3298388E-01 1.7372539E-01 -7.9590818E-01 -4.5175506E-01 -9.7467987E-01 -2.9588976E-01
-6.5150267E-01 1.9407658E-01 -8.3076030E-01 -4.4612734E-01 -1.0523470E+00 -2.8892676E-01
-8.2147227E-01 2.1358605E-01 -1.0346922E+00 -6.0805320E-01 -1.2543447E+00 -4.1671686E-01
-1.2386084E+00 3.0501290E-01 -1.5202884E+00 -9.2152471E-01 -1.8564675E+00 -6.5147125E-01
-1.6523057E+00 4.1757389E-01 -2.0732921E+00 -1.2324235E+00 -2.4706848E+00 -8.4365089E-01
-2.0278998E+00 5.5762192E-01 -2.6554573E+00 -1.5328380E+00 -3.0765439E+00 -9.2069747E-01
-2.1770370E+00 6.3532902E-01 -2.9394496E+00 -1.6682812E+00 -3.3382121E+00 -9.1613296E-01
-2.1753762E+00 6.3793017E-01 -2.9525692E+00 -1.6748039E+00 -3.3304346E+00 -9.0990866E-01
-2.2443470E+00 7.0201355E-01 -3.1715434E+00 -1.7992758E+00 -3.4003889E+00 -8.5465974E-01
-2.2768966E+00 7.8434252E-01 -3.3696499E+00 -1.8832651E+00 -3.5000000E+00 -7.8460782E-01
-2.2733804E+00 7.8572534E-01 -3.3784763E+00 -1.8989703E+00 -3.4711674E+00 -7.5817500E-01
-2.2778479E+00 8.1432727E-01 -3.4666598E+00 -1.9313575E+00 -3.5000000E+00 -7.3096498E-01
