-8.1603260E-01 1.7230366E-01 -9.8834014E-01 -6.4415179E-01 -1.1531855E+00 -4.8120029E-01
-8.2370681E-01 1.4708488E-01 -9.7019962E-01 -6.7825860E-01 -1.1138466E+00 -5.4024732E-01
-8.2063718E-01 1.4251334E-01 -9.5578495E-01 -6.7306172E-01 -1.1034259E+00 -5.4565131E-01
-8.6017383E-01 1.2254107E-01 -9.7168046E-01 -7.3155516E-01 -1.1145641E+00 -6.2895187E-01
-9.7904367E-01 1.6145201E-01 -1.1276920E+00 -8.0960273E-01 -1.3146233E+00 -6.7806627E-01
-1.1241857E+00 1.9916381E-01 -1.3054350E+00 -9.1250756E-01 -1.5350917E+00 -7.5018166E-01
-1.1952030E+00 2.1274517E-01 -1.3911829E+00 -9.6783015E-01 -1.6350799E+00 -8.0260878E-01
-1.2130264E+00 2.1001583E-01 -1.4103000E+00 -9.8961590E-01 -1.6248708E+00 -8.1020323E-01
-1.2353681E+00 2.1285558E-01 -1.4468867E+00 -1.0200228E+00 -1.6654845E+00 -8.2991486E-01
-1.2453711E+00 2.2644804E-01 -1.4677896E+00 -1.0182105E+00 -1.6962645E+00 -8.0455523E-01
-1.2033627E+00 2.2979933E-01 -1.4294998E+00 -9.7364023E-01 -1.6567922E+00 -7.5524450E-01
-1.0598147E+00 3.1431304E-01 -1.3648310E+00 -7.5035164E-01 -1.7046540E+00 -4.5899914E-01
-8.9223348E-01 4.2900336E-01 -1.2597333E+00 -4.2497356E-01 -1.7520489E+00 -7.5084828E-02
-7.3223696E-01 5.6494901E-01 -1.1551007E+00 -7.3165317E-02 -1.8620240E+00 2.9120875E-01
-6.7236997E-01 6.3958257E-01 -1.1015246E+00 1.0072874E-01 -1.9242423E+00 4.4891656E-01
-6.7271215E-01 6.4149829E-01 -1.0979756E+00 1.0531385E-01 -1.9319178E+00 4.4260539E-01
-6.5902571E-01 7.0566561E-01 -1.0346407E+00 2.4495169E-01 -2.0521436E+00 4.6634246E-01
-6.6143193E-01 7.8324324E-01 -1.0032721E+00 3.9979471E-01 -2.1783421E+00 5.0000000E-01
-6.6477564E-01 7.8463181E-01 -9.9245281E-01 4.0401511E-01 -2.1949714E+00 4.9129966E-01
-6.6592355E-01 8.0867829E-01 -9.5497348E-01 5.0000000E-01 -2.2341452E+00 5.0000000E-01
