-1.1537981E+00 1.7522551E-01 -1.3279835E+00 -9.8272375E-01 -1.5069479E+00 -8.1572961E-01
-1.1516729E+00 1.4850722E-01 -1.2915930E+00 -9.9796542E-01 -1.4533950E+00 -8.6990573E-01
-1.1558371E+00 1.4165715E-01 -1.2886519E+00 -1.0075217E+00 -1.4436699E+00 -8.8893137E-01
-1.1388719E+00 1.2641065E-01 -1.2564273E+00 -1.0052255E+00 -1.3955758E+00 -9.0472000E-01
-1.0729466E+00 1.6751485E-01 -1.2214102E+00 -8.9133092E-01 -1.4208064E+00 -7.6736973E-01
-9.8075533E-01 1.9868658E-01 -1.1385032E+00 -7.6176605E-01 -1.3880378E+00 -6.0863742E-01
-9.3154448E-01 2.1175902E-01 -1.1022371E+00 -6.9462119E-01 -1.3638742E+00 -5.3822693E-01
-9.1677818E-01 2.1142834E-01 -1.0893028E+00 -6.7678550E-01 -1.3465208E+00 -5.2645464E-01
-8.9672327E-01 2.1752039E-01 -1.0865214E+00 -6.5382416E-01 -1.3300038E+00 -4.8905202E-01
-8.8570468E-01 2.3271191E-01 -1.0993163E+00 -6.3364615E-01 -1.3616801E+00 -4.5905535E-01
-9.0264422E-01 2.2843520E-01 -1.1307903E+00 -6.7606533E-01 -1.3578416E+00 -4.6226851E-01
-9.8550451E-01 3.0994592E-01 -1.2946578E+00 -6.8270079E-01 -1.6058887E+00 -3.7896603E-01
-1.1036017E+00 4.5847274E-01 -1.5368428E+00 -6.1591017E-01 -2.0197751E+00 -2.3214758E-01
-1.2451559E+00 6.5091337E-01 -1.8754710E+00 -5.2544692E-01 -2.5328934E+00 -5.1362030E-02
-1.3194170E+00 7.6037848E-01 -2.0694866E+00 -4.6186292E-01 -2.7579079E+00 9.5018431E-02
-1.3230569E+00 7.6460971E-01 -2.0733943E+00 -4.5459388E-01 -2.7673235E+00 9.4991035E-02
-1.3823969E+00 8.6068668E-01 -2.2627134E+00 -3.8897861E-01 -2.9764923E+00 1.6843575E-01
-1.4241710E+00 9.5793244E-01 -2.4143743E+00 -2.9638712E-01 -3.1723547E+00 2.9650490E-01
-1.4229819E+00 9.5746447E-01 -2.4124641E+00 -2.9551261E-01 -3.1593722E+00 2.9924488E-01
-1.4313708E+00 9.8809312E-01 -2.4403083E+00 -2.5057968E-01 -3.5000000E+00 5.0000000E-01
