-1.2638241E+00 1.8085379E-01 -1.4438215E+00 -1.0822999E+00 -1.6248361E+00 -9.1670354E-01
-1.2466603E+00 1.5442031E-01 -1.4009454E+00 -1.0945499E+00 -1.5559381E+00 -9.4956729E-01
-1.2487213E+00 1.4842200E-01 -1.3963239E+00 -1.1027667E+00 -1.5476245E+00 -9.6213793E-01
-1.1646352E+00 1.2634775E-01 -1.2887996E+00 -1.0406201E+00 -1.4169863E+00 -9.1662538E-01
-9.3015558E-01 1.5649137E-01 -1.0757816E+00 -7.6718235E-01 -1.2513792E+00 -6.3371831E-01
-6.6357176E-01 1.7924730E-01 -8.2742540E-01 -4.7567720E-01 -1.0336496E+00 -3.3150686E-01
-5.4579562E-01 1.8993591E-01 -7.1271944E-01 -3.3797228E-01 -9.2189651E-01 -1.8772818E-01
-5.3033914E-01 1.8748750E-01 -6.9200314E-01 -3.2669044E-01 -9.0514290E-01 -1.7754562E-01
-5.2953690E-01 1.9413574E-01 -7.0025957E-01 -3.2173817E-01 -9.1827921E-01 -1.6046285E-01
-5.3947794E-01 2.1100067E-01 -7.3145986E-01 -3.1612137E-01 -9.5962747E-01 -1.3414308E-01
-6.6884796E-01 2.1814142E-01 -8.8571923E-01 -4.5150230E-01 -1.1009716E+00 -2.5055847E-01
-9.9829920E-01 3.1050517E-01 -1.2863269E+00 -6.8084194E-01 -1.6347586E+00 -4.0414662E-01
-1.3339732E+00 4.5009301E-01 -1.7815079E+00 -8.8573088E-01 -2.2371632E+00 -4.6595080E-01
-1.6469820E+00 6.2531364E-01 -2.3255734E+00 -1.0394497E+00 -2.8147690E+00 -4.0644672E-01
-1.7773569E+00 7.2231437E-01 -2.6172859E+00 -1.1104368E+00 -3.1094730E+00 -3.8099531E-01
-1.7767386E+00 7.2437549E-01 -2.6277194E+00 -1.1170696E+00 -3.1045820E+00 -3.7388934E-01
-1.8548230E+00 8.0656394E-01 -2.8925011E+00 -1.2017612E+00 -3.2651655E+00 -3.1180255E-01
-1.9029668E+00 8.9930789E-01 -3.1207437E+00 -1.2211547E+00 -3.4571962E+00 -2.5370861E-01
-1.8998954E+00 9.0083503E-01 -3.1152997E+00 -1.2114848E+00 -3.4369888E+00 -2.4293620E-01
-1.9110512E+00 9.2927292E-01 -3.1685738E+00 -1.2011330E+00 -3.5000000E+00 -2.4079612E-01
