-1.0499902E+00 1.7591887E-01 -1.2243436E+00 -8.7450255E-01 -1.3957791E+00 -7.0486987E-01
-1.0637378E+00 1.5124383E-01 -1.2124126E+00 -9.1308932E-01 -1.3614426E+00 -7.7012188E-01
-1.0700728E+00 1.4536001E-01 -1.2137866E+00 -9.2600660E-01 -1.3585606E+00 -7.8939293E-01
-1.1126841E+00 1.2849031E-01 -1.2334719E+00 -9.7858488E-01 -1.3721021E+00 -8.7089207E-01
-1.1807502E+00 1.6664527E-01 -1.3481783E+00 -1.0127018E+00 -1.5162518E+00 -8.6918511E-01
-1.2103197E+00 2.0237070E-01 -1.3996617E+00 -9.9557658E-01 -1.6229342E+00 -8.3336102E-01
-1.2043385E+00 2.1924010E-01 -1.4099818E+00 -9.7061578E-01 -1.6481125E+00 -7.9603909E-01
-1.1913575E+00 2.1997929E-01 -1.3992195E+00 -9.5651649E-01 -1.6340183E+00 -7.8253926E-01
-1.1563263E+00 2.2433083E-01 -1.3713799E+00 -9.1850816E-01 -1.6031541E+00 -7.3566992E-01
-1.1389333E+00 2.3717390E-01 -1.3794673E+00 -8.9952563E-01 -1.6093344E+00 -6.9067490E-01
-1.0660158E+00 2.3473708E-01 -1.3004461E+00 -8.3172664E-01 -1.5332929E+00 -6.1879525E-01
-9.1167997E-01 3.0904224E-01 -1.1963764E+00 -5.9116091E-01 -1.5530357E+00 -3.2982116E-01
-7.7823354E-01 4.3201395E-01 -1.1519659E+00 -3.0715671E-01 -1.6375453E+00 4.3323608E-02
-6.8095481E-01 5.7915462E-01 -1.1134073E+00 6.7153164E-03 -1.8096060E+00 3.6085656E-01
-6.5684288E-01 6.5858881E-01 -1.0917949E+00 1.6210424E-01 -1.8907861E+00 5.0000000E-01
-6.6139463E-01 6.5923673E-01 -1.0851616E+00 1.6476301E-01 -1.9207117E+00 4.7921753E-01
-6.7590390E-01 7.2654165E-01 -1.0500686E+00 2.7400379E-01 -2.1034562E+00 4.6685373E-01
-6.9621766E-01 8.0840764E-01 -1.0466151E+00 4.1156228E-01 -2.2492289E+00 5.0000000E-01
-6.9761813E-01 8.0863023E-01 -1.0368092E+00 4.1270480E-01 -2.2591099E+00 4.9084121E-01
-7.0425661E-01 8.3429723E-01 -1.0111714E+00 4.9533928E-01 -2.3130350E+00 5.0000000E-01
