-8.1384601E-01 1.7028083E-01 -9.8310176E-01 -6.4677449E-01 -1.1541630E+00 -4.8217616E-01
-8.2136548E-01 1.4112796E-01 -9.6173343E-01 -6.8070646E-01 -1.1035024E+00 -5.4992516E-01
-8.2621390E-01 1.3354814E-01 -9.5917450E-01 -6.9336558E-01 -1.0934106E+00 -5.7035287E-01
-8.4821420E-01 1.0987117E-01 -9.5672158E-01 -7.3924086E-01 -1.0681180E+00 -6.3581045E-01
-8.6895436E-01 1.4648028E-01 -1.0147059E+00 -7.2432457E-01 -1.1596552E+00 -5.8657676E-01
-8.5847222E-01 1.6747458E-01 -1.0255130E+00 -6.9138537E-01 -1.1988934E+00 -5.4205688E-01
-8.4578845E-01 1.7797995E-01 -9.9965039E-01 -6.4945441E-01 -1.2028920E+00 -5.1205738E-01
-8.3801729E-01 1.7838989E-01 -9.8668807E-01 -6.4133197E-01 -1.2010181E+00 -5.0452254E-01
-8.4838396E-01 1.9372468E-01 -1.0158963E+00 -6.4078700E-01 -1.2404558E+00 -4.7951331E-01
-8.5036829E-01 2.1434348E-01 -1.0448511E+00 -6.2543560E-01 -1.2982922E+00 -4.5415341E-01
-9.4328544E-01 2.3160015E-01 -1.1586530E+00 -6.9946693E-01 -1.4143509E+00 -5.0806346E-01
-1.1970916E+00 3.2192197E-01 -1.4973119E+00 -8.6327728E-01 -1.8564542E+00 -5.8493113E-01
-1.4825776E+00 4.4527317E-01 -1.9270743E+00 -1.0414687E+00 -2.3677644E+00 -6.1855726E-01
-1.7748722E+00 6.0231384E-01 -2.4346021E+00 -1.2018568E+00 -2.8942485E+00 -5.6829426E-01
-1.9070017E+00 6.8991564E-01 -2.7157229E+00 -1.2883438E+00 -3.1788133E+00 -5.6116101E-01
-1.9091852E+00 6.9280980E-01 -2.7291193E+00 -1.2966252E+00 -3.1818679E+00 -5.5663925E-01
-1.9819356E+00 7.6972257E-01 -2.9925144E+00 -1.4083405E+00 -3.3180373E+00 -5.0785521E-01
-2.0238244E+00 8.5855136E-01 -3.2428808E+00 -1.4783611E+00 -3.4746951E+00 -4.4633878E-01
-2.0211882E+00 8.5891078E-01 -3.2667807E+00 -1.5000189E+00 -3.4457527E+00 -4.3077709E-01
-2.0289796E+00 8.8758618E-01 -3.2857637E+00 -1.4524200E+00 -3.5000000E+00 -4.1897385E-01
