-1.1066046E+00 1.7432753E-01 -1.2792427E+00 -9.3239962E-01 -1.4505597E+00 -7.6735596E-01
-1.0889489E+00 1.4841460E-01 -1.2353082E+00 -9.4098098E-01 -1.3861039E+00 -8.0344997E-01
-1.0791329E+00 1.4301107E-01 -1.2208183E+00 -9.3643491E-01 -1.3648997E+00 -8.0365615E-01
-1.0337719E+00 1.2479017E-01 -1.1570571E+00 -9.1112313E-01 -1.2837989E+00 -7.9494539E-01
-9.7646278E-01 1.6289619E-01 -1.1274790E+00 -8.0816485E-01 -1.3130121E+00 -6.7039961E-01
-9.7130808E-01 1.9485149E-01 -1.1415364E+00 -7.6239565E-01 -1.3627870E+00 -5.9447830E-01
-9.8959878E-01 2.0967502E-01 -1.1723037E+00 -7.6235491E-01 -1.4145070E+00 -5.9042759E-01
-1.0030403E+00 2.1002960E-01 -1.1869019E+00 -7.7460049E-01 -1.4253023E+00 -6.0209192E-01
-1.0235580E+00 2.1741424E-01 -1.2232166E+00 -7.8963427E-01 -1.4741536E+00 -6.2084751E-01
-1.0330656E+00 2.3177064E-01 -1.2507227E+00 -7.8783312E-01 -1.5066417E+00 -5.9901901E-01
-1.0406049E+00 2.2907255E-01 -1.2643662E+00 -8.1065285E-01 -1.5000360E+00 -6.0213720E-01
-1.0405040E+00 3.1213609E-01 -1.3345093E+00 -7.1855698E-01 -1.6712247E+00 -4.4578291E-01
-1.0306994E+00 4.5419701E-01 -1.4511448E+00 -5.4957352E-01 -1.9159555E+00 -1.5073657E-01
-1.0251110E+00 6.3097253E-01 -1.5888384E+00 -3.0467787E-01 -2.2567379E+00 1.4995750E-01
-1.0307199E+00 7.2855039E-01 -1.6431293E+00 -1.3919420E-01 -2.4405197E+00 2.8650182E-01
-1.0324553E+00 7.3195859E-01 -1.6437851E+00 -1.3245434E-01 -2.4455910E+00 2.8702604E-01
-1.0502639E+00 8.1142352E-01 -1.6561312E+00 2.8308789E-02 -2.5956640E+00 3.4977592E-01
-1.0675229E+00 9.0026958E-01 -1.6904444E+00 1.9976342E-01 -2.7002887E+00 4.8868128E-01
-1.0683244E+00 9.0069418E-01 -1.6563563E+00 2.3037384E-01 -2.7256192E+00 4.4952573E-01
-1.0723775E+00 9.2946751E-01 -1.7242017E+00 2.2514730E-01 -2.7485178E+00 5.0000000E-01
