-1.1497571E+00 1.6838515E-01 -1.3168367E+00 -9.8267023E-01 -1.4814981E+00 -8.2195390E-01
-1.1285700E+00 1.3998566E-01 -1.2658016E+00 -9.9074044E-01 -1.4098495E+00 -8.5695230E-01
-1.1202349E+00 1.3267984E-01 -1.2484725E+00 -9.8864359E-01 -1.3915336E+00 -8.6664159E-01
-1.0625898E+00 1.1315987E-01 -1.1751362E+00 -9.4987398E-01 -1.2927232E+00 -8.5010662E-01
-9.6138015E-01 1.4954214E-01 -1.1066637E+00 -8.1414625E-01 -1.2645623E+00 -6.7347233E-01
-8.9932159E-01 1.7603002E-01 -1.0523884E+00 -7.1503745E-01 -1.2502344E+00 -5.5620693E-01
-8.9305565E-01 1.8906347E-01 -1.0535080E+00 -6.9005073E-01 -1.2713066E+00 -5.3527653E-01
-9.0215618E-01 1.8758872E-01 -1.0610675E+00 -6.9828165E-01 -1.2752946E+00 -5.5143746E-01
-9.2427117E-01 1.9555270E-01 -1.0902071E+00 -7.1057109E-01 -1.3202469E+00 -5.5395731E-01
-9.3281539E-01 2.1140621E-01 -1.1206448E+00 -7.0823625E-01 -1.3776025E+00 -5.4004846E-01
-9.9956849E-01 2.2498646E-01 -1.2094723E+00 -7.6404659E-01 -1.4613349E+00 -5.7510359E-01
-1.1727585E+00 3.1606652E-01 -1.4879770E+00 -8.5901140E-01 -1.8012320E+00 -5.6378069E-01
-1.3682102E+00 4.3291548E-01 -1.7955006E+00 -9.3281550E-01 -2.2297950E+00 -5.3285728E-01
-1.5742769E+00 5.8610795E-01 -2.1658684E+00 -9.6668131E-01 -2.7091848E+00 -4.3057170E-01
-1.6718485E+00 6.7981271E-01 -2.4132730E+00 -1.0087119E+00 -2.9323853E+00 -3.1608445E-01
-1.6777576E+00 6.8391503E-01 -2.4300194E+00 -1.0170088E+00 -2.9385938E+00 -3.0584512E-01
-1.7475026E+00 7.7758714E-01 -2.6850645E+00 -1.0528740E+00 -3.1584993E+00 -2.5939206E-01
-1.7874777E+00 8.8307926E-01 -2.8604303E+00 -9.8963477E-01 -3.3886551E+00 -1.3517181E-01
-1.7832343E+00 8.8508653E-01 -2.8548947E+00 -9.8074059E-01 -3.3825366E+00 -1.3398639E-01
-1.7902167E+00 9.1805525E-01 -2.9099915E+00 -9.6250059E-01 -3.5000000E+00 -1.4638792E-01
