-8.0420149E-01 1.6603983E-01 -9.6691865E-01 -6.4005854E-01 -1.1387119E+00 -4.8345451E-01
-8.1447355E-01 1.3808694E-01 -9.4793598E-01 -6.7841702E-01 -1.0947451E+00 -5.4895799E-01
-8.1382226E-01 1.3217805E-01 -9.4192249E-01 -6.8447490E-01 -1.0832954E+00 -5.5739758E-01
-8.5836377E-01 1.1425203E-01 -9.6513958E-01 -7.4117717E-01 -1.0918471E+00 -6.4033810E-01
-9.7756872E-01 1.5288834E-01 -1.1214176E+00 -8.1804531E-01 -1.2887419E+00 -6.8679395E-01
-1.1095933E+00 1.9047576E-01 -1.2775447E+00 -9.0660869E-01 -1.4903292E+00 -7.4333428E-01
-1.1688624E+00 2.1255531E-01 -1.3507029E+00 -9.3793605E-01 -1.5959575E+00 -7.6534332E-01
-1.1788749E+00 2.1565129E-01 -1.3637262E+00 -9.4124738E-01 -1.6092758E+00 -7.6964434E-01
-1.1969862E+00 2.2574382E-01 -1.3973485E+00 -9.4899948E-01 -1.6470930E+00 -7.6900731E-01
-1.1996074E+00 2.4096864E-01 -1.4187790E+00 -9.3680382E-01 -1.6911826E+00 -7.5541332E-01
-1.1914153E+00 2.4241826E-01 -1.4202296E+00 -9.3732897E-01 -1.6842403E+00 -7.3420150E-01
-1.1745439E+00 3.2268542E-01 -1.4689146E+00 -8.4042975E-01 -1.8385944E+00 -5.6677820E-01
-1.1735365E+00 4.6129591E-01 -1.5839444E+00 -6.8114726E-01 -2.1376194E+00 -3.1816237E-01
-1.1944389E+00 6.4556809E-01 -1.7801453E+00 -4.6992610E-01 -2.4666688E+00 1.8661748E-02
-1.2163295E+00 7.5000939E-01 -1.8905930E+00 -3.3286757E-01 -2.6629418E+00 1.7717317E-01
-1.2184147E+00 7.5410566E-01 -1.8925527E+00 -3.2358580E-01 -2.6710475E+00 1.7876847E-01
-1.2504362E+00 8.4122307E-01 -1.9757254E+00 -1.7887119E-01 -2.8358845E+00 2.3845748E-01
-1.2800062E+00 9.3310749E-01 -2.0666282E+00 -4.0139322E-02 -2.9969920E+00 3.6135772E-01
-1.2812181E+00 9.3396266E-01 -2.0619376E+00 -3.4702867E-02 -2.9977270E+00 3.5968148E-01
-1.2859956E+00 9.6226437E-01 -2.1074743E+00 -1.7164031E-02 -3.5000000E+00 5.0000000E-01
