-1.0013228E+00 1.7895963E-01 -1.1778187E+00 -8.2572365E-01 -1.3647909E+00 -6.5788954E-01
-1.0085112E+00 1.5288955E-01 -1.1515000E+00 -8.4976275E-01 -1.3197111E+00 -7.2012195E-01
-1.0096675E+00 1.4698483E-01 -1.1457258E+00 -8.5538674E-01 -1.3083760E+00 -7.3119069E-01
-1.0430486E+00 1.3053115E-01 -1.1621931E+00 -9.0561892E-01 -1.3023997E+00 -7.9050157E-01
-1.1258208E+00 1.7022196E-01 -1.2953219E+00 -9.5622001E-01 -1.4702449E+00 -8.0456225E-01
-1.2024998E+00 2.0330069E-01 -1.3921377E+00 -9.8499178E-01 -1.6144905E+00 -8.2510892E-01
-1.2252971E+00 2.1677857E-01 -1.4284009E+00 -9.9224974E-01 -1.6623133E+00 -8.2380713E-01
-1.2193384E+00 2.1444302E-01 -1.4268645E+00 -9.9270086E-01 -1.6492742E+00 -8.2134910E-01
-1.1920330E+00 2.1873148E-01 -1.4138249E+00 -9.7057892E-01 -1.6272005E+00 -7.7778303E-01
-1.1749834E+00 2.3227776E-01 -1.4088663E+00 -9.4053953E-01 -1.6316509E+00 -7.3105803E-01
-1.0940794E+00 2.2967906E-01 -1.3190701E+00 -8.6544925E-01 -1.5525897E+00 -6.4582273E-01
-9.1343846E-01 3.0279428E-01 -1.2125667E+00 -6.1253528E-01 -1.5254482E+00 -3.3336271E-01
-7.4949662E-01 4.1363882E-01 -1.1188255E+00 -2.9481710E-01 -1.5692286E+00 3.3215428E-02
-6.2004588E-01 5.4356151E-01 -1.0303889E+00 4.2862208E-02 -1.6825107E+00 3.6426033E-01
-5.8242049E-01 6.1684907E-01 -9.9192079E-01 2.0112654E-01 -1.7481222E+00 5.0000000E-01
-5.8435236E-01 6.1955052E-01 -9.8003704E-01 2.1408680E-01 -1.7783413E+00 4.8018457E-01
-5.9379708E-01 6.8443083E-01 -9.3164012E-01 3.0023793E-01 -1.9564006E+00 4.7806932E-01
-6.1568015E-01 7.6574968E-01 -9.3560296E-01 4.0337284E-01 -2.1223392E+00 5.0000000E-01
-6.2068459E-01 7.6573052E-01 -9.2414091E-01 4.0324873E-01 -2.1436297E+00 4.8322238E-01
-6.2922620E-01 7.9535474E-01 -9.2215463E-01 4.6341920E-01 -2.1942325E+00 5.0000000E-01
