-1.2067773E+00 1.8562727E-01 -1.3898631E+00 -1.0260243E+00 -1.5810211E+00 -8.4459333E-01
-1.1916133E+00 1.6037994E-01 -1.3414600E+00 -1.0265323E+00 -1.5214655E+00 -8.8705650E-01
-1.1892166E+00 1.5610827E-01 -1.3351676E+00 -1.0277537E+00 -1.5094264E+00 -8.9380666E-01
-1.1306205E+00 1.3702911E-01 -1.2501795E+00 -9.8366922E-01 -1.4191870E+00 -8.7744866E-01
-9.9582950E-01 1.7249938E-01 -1.1483446E+00 -8.1114940E-01 -1.3598279E+00 -6.7846726E-01
-8.7171081E-01 1.9965783E-01 -1.0479296E+00 -6.5489110E-01 -1.2709142E+00 -4.9162646E-01
-8.2855604E-01 2.0714706E-01 -1.0212748E+00 -6.0967197E-01 -1.2553127E+00 -4.4298545E-01
-8.3036839E-01 2.0291664E-01 -1.0222420E+00 -6.1550735E-01 -1.2379643E+00 -4.5000255E-01
-8.3262635E-01 2.0442323E-01 -1.0384902E+00 -6.2568554E-01 -1.2361566E+00 -4.4386175E-01
-8.3996636E-01 2.1834321E-01 -1.0577318E+00 -6.1976059E-01 -1.2712520E+00 -4.2106606E-01
-8.5390135E-01 2.2157088E-01 -1.0733711E+00 -6.3194663E-01 -1.2886117E+00 -4.1973980E-01
-8.7362536E-01 3.1441718E-01 -1.1836354E+00 -5.6077349E-01 -1.4997637E+00 -2.6524924E-01
-8.8120062E-01 4.4767875E-01 -1.2948134E+00 -4.0584223E-01 -1.7643754E+00 -1.9522895E-02
-8.8438439E-01 6.0707989E-01 -1.3983626E+00 -1.6766051E-01 -2.0483919E+00 2.3328907E-01
-8.8809210E-01 6.9759810E-01 -1.4392227E+00 -1.9552819E-02 -2.2072502E+00 3.5446339E-01
-8.8823077E-01 7.0139485E-01 -1.4323976E+00 -8.7213272E-03 -2.2162683E+00 3.5274694E-01
-9.0550679E-01 7.8103523E-01 -1.4094833E+00 1.4569691E-01 -2.4003775E+00 4.0061205E-01
-9.2185491E-01 8.6903231E-01 -1.4001228E+00 3.1495188E-01 -2.5459249E+00 4.9724964E-01
-9.2371101E-01 8.6983086E-01 -1.3853936E+00 3.2816245E-01 -2.5652566E+00 4.7284555E-01
-9.2668319E-01 8.9855196E-01 -1.4219225E+00 3.5902282E-01 -2.6043248E+00 5.0000000E-01
