-1.1257180E+00 1.7200706E-01 -1.2975163E+00 -9.5300416E-01 -1.4646101E+00 -7.9325501E-01
-1.1025351E+00 1.4593724E-01 -1.2457942E+00 -9.5611211E-01 -1.3927525E+00 -8.2128964E-01
-1.0938773E+00 1.3931634E-01 -1.2297521E+00 -9.5541116E-01 -1.3736664E+00 -8.2550567E-01
-1.0109552E+00 1.1765890E-01 -1.1276632E+00 -8.9532471E-01 -1.2503096E+00 -7.8543525E-01
-8.4831863E-01 1.5039766E-01 -9.9915578E-01 -6.9938397E-01 -1.1465147E+00 -5.6028109E-01
-7.3695472E-01 1.7113875E-01 -8.9376346E-01 -5.5974591E-01 -1.0845459E+00 -4.1660272E-01
-7.2706844E-01 1.8010553E-01 -8.8187508E-01 -5.3323154E-01 -1.0881676E+00 -3.8738158E-01
-7.5331484E-01 1.7780024E-01 -9.0255272E-01 -5.6056425E-01 -1.1139326E+00 -4.1673376E-01
-8.2094949E-01 1.8576047E-01 -9.7923886E-01 -6.2031949E-01 -1.2169076E+00 -4.8303290E-01
-8.5985405E-01 2.0256648E-01 -1.0407888E+00 -6.4581209E-01 -1.2859234E+00 -4.8437975E-01
-1.0197940E+00 2.1923034E-01 -1.2268635E+00 -7.9106015E-01 -1.4618800E+00 -6.0372579E-01
-1.3521085E+00 3.2460057E-01 -1.6734110E+00 -1.0298807E+00 -2.0014226E+00 -7.2890081E-01
-1.6392626E+00 4.5377498E-01 -2.0946179E+00 -1.1812889E+00 -2.5320331E+00 -7.6182779E-01
-1.8684780E+00 6.0655250E-01 -2.5528494E+00 -1.2953096E+00 -2.9871747E+00 -6.7439125E-01
-1.9486140E+00 6.9309265E-01 -2.7688337E+00 -1.3232039E+00 -3.2142028E+00 -6.0470455E-01
-1.9446964E+00 6.9584839E-01 -2.7718935E+00 -1.3205319E+00 -3.2099493E+00 -5.9548238E-01
-1.9752341E+00 7.7637214E-01 -3.0041417E+00 -1.3903411E+00 -3.3133089E+00 -4.9224078E-01
-1.9875221E+00 8.6980650E-01 -3.2199297E+00 -1.4182136E+00 -3.4549399E+00 -3.8066174E-01
-1.9853243E+00 8.7198833E-01 -3.2390605E+00 -1.4305769E+00 -3.4391469E+00 -3.6993085E-01
-1.9889289E+00 9.0205859E-01 -3.2490444E+00 -1.3704014E+00 -3.5000000E+00 -3.5680192E-01
