-1.0768041E+00 1.7894455E-01 -1.2528822E+00 -8.9765197E-01 -1.4270393E+00 -7.2212890E-01
-1.0906815E+00 1.5328795E-01 -1.2413543E+00 -9.3821323E-01 -1.3945080E+00 -7.9298590E-01
-1.0960529E+00 1.4740209E-01 -1.2393055E+00 -9.4990848E-01 -1.3912406E+00 -8.1228656E-01
-1.1347535E+00 1.3177726E-01 -1.2581032E+00 -9.9823115E-01 -1.4067371E+00 -8.8614020E-01
-1.2023541E+00 1.7199927E-01 -1.3589233E+00 -1.0193794E+00 -1.5563493E+00 -8.8307992E-01
-1.2368567E+00 2.0544323E-01 -1.4156307E+00 -1.0124236E+00 -1.6696447E+00 -8.6239439E-01
-1.2287249E+00 2.2393057E-01 -1.4238077E+00 -9.8091833E-01 -1.6967581E+00 -8.2130298E-01
-1.2090691E+00 2.2549362E-01 -1.4071175E+00 -9.5514535E-01 -1.6740087E+00 -7.9941000E-01
-1.1575353E+00 2.3344317E-01 -1.3723633E+00 -8.9981246E-01 -1.6294978E+00 -7.2848122E-01
-1.1247453E+00 2.4719079E-01 -1.3562422E+00 -8.5561757E-01 -1.6212673E+00 -6.6511244E-01
-1.0159685E+00 2.4779571E-01 -1.2497102E+00 -7.4934352E-01 -1.5052336E+00 -5.5314241E-01
-8.2439037E-01 3.0479979E-01 -1.1271566E+00 -5.1939206E-01 -1.4353250E+00 -2.4905333E-01
-7.0294696E-01 4.0538763E-01 -1.0695774E+00 -2.6366388E-01 -1.5063920E+00 7.2212634E-02
-6.5568311E-01 5.5576974E-01 -1.0767862E+00 1.6601785E-02 -1.7596266E+00 3.4893899E-01
-6.6741616E-01 6.4807990E-01 -1.1048148E+00 1.5409813E-01 -1.9120427E+00 4.7325330E-01
-6.7497595E-01 6.5184762E-01 -1.1136904E+00 1.5034390E-01 -1.9357087E+00 4.6187285E-01
-7.2698999E-01 7.3638382E-01 -1.1435589E+00 2.3915245E-01 -2.1623863E+00 4.6975768E-01
-7.7918308E-01 8.3095411E-01 -1.1745697E+00 3.7054355E-01 -2.3798512E+00 5.0000000E-01
-7.8362494E-01 8.3131895E-01 -1.1530590E+00 3.8435815E-01 -2.3992210E+00 4.8621814E-01
-7.9980074E-01 8.6289837E-01 -1.1745398E+00 4.3867225E-01 -2.4648639E+00 5.0000000E-01
