-8.9961804E-01 1.7535867E-01 -1.0720310E+00 -7.2858757E-01 -1.2480112E+00 -5.5643174E-01
-9.0270832E-01 1.4766688E-01 -1.0490718E+00 -7.5755848E-01 -1.1994706E+00 -6.2019102E-01
-9.0466458E-01 1.4198113E-01 -1.0397305E+00 -7.6022024E-01 -1.1898789E+00 -6.3235118E-01
-9.1156854E-01 1.1936123E-01 -1.0260157E+00 -7.8963173E-01 -1.1509973E+00 -6.8387588E-01
-9.2365935E-01 1.5562997E-01 -1.0616338E+00 -7.5991302E-01 -1.2502148E+00 -6.3557627E-01
-9.3038923E-01 1.9183367E-01 -1.0903901E+00 -7.2052177E-01 -1.3202033E+00 -5.6985994E-01
-9.3155921E-01 2.0809927E-01 -1.1071580E+00 -7.0146213E-01 -1.3509020E+00 -5.4281660E-01
-9.3161231E-01 2.0666399E-01 -1.1056153E+00 -7.0125010E-01 -1.3472760E+00 -5.4653502E-01
-9.4391955E-01 2.0989920E-01 -1.1293422E+00 -7.1119916E-01 -1.3600073E+00 -5.5277244E-01
-9.4966100E-01 2.2263766E-01 -1.1529235E+00 -7.0688652E-01 -1.4036550E+00 -5.4357873E-01
-9.9844584E-01 2.2306633E-01 -1.2062324E+00 -7.6107910E-01 -1.4519843E+00 -5.8051837E-01
-1.1207892E+00 3.1645615E-01 -1.4143564E+00 -7.9081944E-01 -1.7644982E+00 -5.2000111E-01
-1.2516219E+00 4.6584081E-01 -1.7144143E+00 -7.8815489E-01 -2.2010976E+00 -3.6763397E-01
-1.3830108E+00 6.5498265E-01 -2.0618442E+00 -7.0915932E-01 -2.6674152E+00 -1.5429100E-01
-1.4436352E+00 7.5929823E-01 -2.2435591E+00 -6.3930746E-01 -2.9077857E+00 -4.1922783E-02
-1.4443729E+00 7.6170114E-01 -2.2517161E+00 -6.3531834E-01 -2.9153976E+00 -3.9356122E-02
-1.4838631E+00 8.5051113E-01 -2.4092433E+00 -5.4755746E-01 -3.0712836E+00 3.8253819E-02
-1.5115509E+00 9.4648706E-01 -2.5546102E+00 -4.5473063E-01 -3.2453373E+00 1.8635133E-01
-1.5120449E+00 9.4813875E-01 -2.5585571E+00 -4.5264620E-01 -3.2478732E+00 1.9230319E-01
-1.5195922E+00 9.7652668E-01 -2.5971765E+00 -4.2787614E-01 -3.5000000E+00 5.0000000E-01
