-8.7918239E-01 1.6418893E-01 -1.0423402E+00 -7.1810170E-01 -1.2077480E+00 -5.6274560E-01
-8.7474161E-01 1.3761479E-01 -1.0107783E+00 -7.3763521E-01 -1.1525972E+00 -6.1138765E-01
-8.7578267E-01 1.3162620E-01 -1.0063072E+00 -7.4363457E-01 -1.1392214E+00 -6.2471198E-01
-8.5056507E-01 1.0945319E-01 -9.6010527E-01 -7.4110367E-01 -1.0642189E+00 -6.3671764E-01
-7.9465242E-01 1.3933846E-01 -9.3171690E-01 -6.5679562E-01 -1.0692351E+00 -5.2308329E-01
-7.6448187E-01 1.5574254E-01 -9.0931603E-01 -6.0370027E-01 -1.0810145E+00 -4.6901233E-01
-7.7759626E-01 1.6324680E-01 -9.2471219E-01 -6.0418144E-01 -1.1158074E+00 -4.7661929E-01
-7.9917947E-01 1.6183132E-01 -9.4289543E-01 -6.2739817E-01 -1.1208761E+00 -4.9044087E-01
-8.7777539E-01 1.7422817E-01 -1.0313606E+00 -6.9208036E-01 -1.2408670E+00 -5.5412048E-01
-9.1881918E-01 1.9312932E-01 -1.0952115E+00 -7.1683703E-01 -1.3200091E+00 -5.5768092E-01
-1.1229010E+00 2.1387267E-01 -1.3228153E+00 -9.0314762E-01 -1.5551974E+00 -7.1285231E-01
-1.5619718E+00 3.0897929E-01 -1.8691781E+00 -1.2514441E+00 -2.1810222E+00 -9.7139845E-01
-1.9553056E+00 4.1701627E-01 -2.3784066E+00 -1.5374814E+00 -2.7433887E+00 -1.1113812E+00
-2.2778961E+00 5.3883865E-01 -2.9140760E+00 -1.8279278E+00 -3.2683661E+00 -1.2277555E+00
-2.3882485E+00 6.0472485E-01 -3.1468491E+00 -1.9404217E+00 -3.4848442E+00 -1.2731497E+00
-2.3832544E+00 6.0577269E-01 -3.1457570E+00 -1.9381646E+00 -3.4552445E+00 -1.2445937E+00
-2.4087924E+00 6.5985902E-01 -3.2787241E+00 -2.0321505E+00 -3.4727278E+00 -1.1456289E+00
-2.4066568E+00 7.3301640E-01 -3.4024588E+00 -2.0655246E+00 -3.5000000E+00 -1.0130033E+00
-2.4025910E+00 7.3352310E-01 -3.4034629E+00 -2.0694992E+00 -3.4937453E+00 -1.0013818E+00
-2.3995596E+00 7.5917718E-01 -3.4885733E+00 -2.1020270E+00 -3.5000000E+00 -9.5778990E-01
