-1.0796485E+00 1.7856167E-01 -1.2477810E+00 -8.9209570E-01 -1.4410964E+00 -7.4141305E-01
-1.0675637E+00 1.5328701E-01 -1.2108325E+00 -9.0388844E-01 -1.3752806E+00 -7.7927673E-01
-1.0607436E+00 1.4646710E-01 -1.1987091E+00 -9.0468304E-01 -1.3545443E+00 -7.8601127E-01
-1.0423441E+00 1.2547952E-01 -1.1594755E+00 -9.1053854E-01 -1.2989659E+00 -8.0609773E-01
-1.0266412E+00 1.6458120E-01 -1.1892598E+00 -8.6501161E-01 -1.3572578E+00 -7.1159841E-01
-1.0326671E+00 1.9781784E-01 -1.2053147E+00 -8.1819938E-01 -1.4573203E+00 -6.7231680E-01
-1.0404638E+00 2.1176802E-01 -1.2254278E+00 -8.1072277E-01 -1.4641730E+00 -6.3856965E-01
-1.0400715E+00 2.1246238E-01 -1.2261556E+00 -8.1028161E-01 -1.4634028E+00 -6.3801929E-01
-1.0331650E+00 2.2145216E-01 -1.2331392E+00 -7.9550244E-01 -1.4891989E+00 -6.2295921E-01
-1.0282166E+00 2.3835022E-01 -1.2483335E+00 -7.7319991E-01 -1.5125472E+00 -5.8178909E-01
-1.0134889E+00 2.4097079E-01 -1.2427405E+00 -7.5973774E-01 -1.4994247E+00 -5.6379684E-01
-9.8916828E-01 3.2296106E-01 -1.2864084E+00 -6.4787258E-01 -1.6431130E+00 -3.8573264E-01
-9.7572303E-01 4.5213062E-01 -1.3692524E+00 -4.8167546E-01 -1.8784792E+00 -1.1963330E-01
-9.7650334E-01 6.1765030E-01 -1.4892478E+00 -2.5855952E-01 -2.1845695E+00 1.7094214E-01
-9.8539820E-01 7.1476007E-01 -1.5529324E+00 -1.1794154E-01 -2.3764625E+00 2.9966171E-01
-9.8794336E-01 7.1691529E-01 -1.5504955E+00 -1.1177731E-01 -2.3876345E+00 2.9168506E-01
-1.0077138E+00 8.0610635E-01 -1.5474697E+00 6.7314335E-02 -2.5836923E+00 3.4725441E-01
-1.0268921E+00 9.0317874E-01 -1.5744471E+00 2.4718523E-01 -2.7394952E+00 4.6671443E-01
-1.0293292E+00 9.0365318E-01 -1.5626274E+00 2.6060057E-01 -2.7515068E+00 4.4980075E-01
-1.0365310E+00 9.3184661E-01 -1.6265845E+00 2.6482495E-01 -2.7765202E+00 5.0000000E-01
