-1.3473052E+00 1.8254599E-01 -1.5282553E+00 -1.1668132E+00 -1.7109626E+00 -9.9473015E-01
-1.3328819E+00 1.5634217E-01 -1.4800729E+00 -1.1717037E+00 -1.6512169E+00 -1.0362429E+00
-1.3346471E+00 1.5108543E-01 -1.4749365E+00 -1.1770740E+00 -1.6431303E+00 -1.0517012E+00
-1.2566180E+00 1.3150450E-01 -1.3721021E+00 -1.1152899E+00 -1.5196444E+00 -1.0069931E+00
-1.0414647E+00 1.6266227E-01 -1.1830886E+00 -8.6866856E-01 -1.3679558E+00 -7.2740953E-01
-7.9542821E-01 1.8942628E-01 -9.4841501E-01 -5.8931201E-01 -1.1842686E+00 -4.4108625E-01
-6.8223374E-01 2.0057742E-01 -8.3998552E-01 -4.5970632E-01 -1.0927872E+00 -3.0842656E-01
-6.6073029E-01 1.9891086E-01 -8.1757618E-01 -4.3728425E-01 -1.0720091E+00 -2.9564298E-01
-6.3775307E-01 2.0418559E-01 -8.0751931E-01 -4.0870131E-01 -1.0721407E+00 -2.7463761E-01
-6.3241880E-01 2.2026408E-01 -8.2509194E-01 -3.8978172E-01 -1.0898370E+00 -2.3036382E-01
-6.9839190E-01 2.2253116E-01 -9.2055538E-01 -4.7322056E-01 -1.1398137E+00 -2.7364175E-01
-9.0576099E-01 3.0815541E-01 -1.1959630E+00 -5.9199841E-01 -1.5288176E+00 -3.0680107E-01
-1.1468947E+00 4.5106194E-01 -1.5931510E+00 -7.0507933E-01 -2.0383858E+00 -2.5496084E-01
-1.3958269E+00 6.3456217E-01 -2.0726960E+00 -7.8305282E-01 -2.5984812E+00 -1.1901735E-01
-1.5126112E+00 7.3727045E-01 -2.3309747E+00 -7.9898000E-01 -2.8697008E+00 -3.6791549E-02
-1.5153491E+00 7.3917807E-01 -2.3347313E+00 -7.9627299E-01 -2.8722663E+00 -4.2724448E-02
-1.5986422E+00 8.3135349E-01 -2.5583085E+00 -7.8519068E-01 -3.1133064E+00 -7.4849090E-03
-1.6563003E+00 9.3200512E-01 -2.7556514E+00 -7.3785143E-01 -3.3645101E+00 6.7190051E-02
-1.6541439E+00 9.3484080E-01 -2.7599003E+00 -7.3649583E-01 -3.3668521E+00 6.2267316E-02
-1.6666545E+00 9.6546313E-01 -2.8247752E+00 -7.3004522E-01 -3.5000000E+00 5.0000000E-01
