-9.9774858E-01 1.7400181E-01 -1.1706241E+00 -8.2488776E-01 -1.3388257E+00 -6.5356268E-01
-9.9960075E-01 1.4769068E-01 -1.1447534E+00 -8.5377765E-01 -1.2923606E+00 -7.1064861E-01
-9.9676140E-01 1.4256894E-01 -1.1371759E+00 -8.5543063E-01 -1.2769874E+00 -7.1606029E-01
-1.0119153E+00 1.2353724E-01 -1.1332347E+00 -8.8944479E-01 -1.2644945E+00 -7.7758830E-01
-1.0638221E+00 1.6469112E-01 -1.2133783E+00 -8.8919927E-01 -1.4010696E+00 -7.5372813E-01
-1.1319468E+00 1.9762042E-01 -1.3058302E+00 -9.1789311E-01 -1.5459587E+00 -7.7175376E-01
-1.1660943E+00 2.1202018E-01 -1.3487426E+00 -9.3102186E-01 -1.5904974E+00 -7.6763405E-01
-1.1716241E+00 2.1127174E-01 -1.3551061E+00 -9.3926577E-01 -1.5972363E+00 -7.7495955E-01
-1.1773617E+00 2.1662942E-01 -1.3737598E+00 -9.4670755E-01 -1.6244848E+00 -7.7982668E-01
-1.1772425E+00 2.3039694E-01 -1.3952329E+00 -9.3720534E-01 -1.6450996E+00 -7.4264114E-01
-1.1589100E+00 2.3173399E-01 -1.3884622E+00 -9.2884745E-01 -1.6231851E+00 -7.1591921E-01
-1.1054153E+00 3.1487749E-01 -1.4028064E+00 -7.8188386E-01 -1.7421553E+00 -4.9964929E-01
-1.0455566E+00 4.4807302E-01 -1.4651699E+00 -5.6682735E-01 -1.9544960E+00 -2.2049681E-01
-9.9699020E-01 6.1667788E-01 -1.5084258E+00 -2.6153269E-01 -2.2248162E+00 1.1726836E-01
-9.8594272E-01 7.1038936E-01 -1.5327616E+00 -9.8209837E-02 -2.3915068E+00 2.5873914E-01
-9.8862798E-01 7.1255809E-01 -1.5360553E+00 -9.7450409E-02 -2.3967649E+00 2.5939677E-01
-1.0040981E+00 7.9478314E-01 -1.5523051E+00 4.7369954E-02 -2.5628636E+00 3.2576324E-01
-1.0227135E+00 8.8646680E-01 -1.5788477E+00 2.1871489E-01 -2.6974128E+00 4.6609423E-01
-1.0232943E+00 8.8566550E-01 -1.5699990E+00 2.2587834E-01 -2.7056317E+00 4.4381107E-01
-1.0301146E+00 9.1300690E-01 -1.6311416E+00 2.2593498E-01 -2.7243792E+00 5.0000000E-01
