-9.2186791E-01 1.7726791E-01 -1.0975460E+00 -7.4545190E-01 -1.2720096E+00 -5.7871180E-01
-9.4260951E-01 1.5032255E-01 -1.0904577E+00 -7.9410475E-01 -1.2400518E+00 -6.4938165E-01
-9.5070183E-01 1.4386119E-01 -1.0921268E+00 -8.0979225E-01 -1.2390550E+00 -6.7037616E-01
-1.0083173E+00 1.2420522E-01 -1.1208829E+00 -8.7922453E-01 -1.2664895E+00 -7.7430939E-01
-1.1043677E+00 1.6523950E-01 -1.2568793E+00 -9.2839249E-01 -1.4409431E+00 -7.9834256E-01
-1.1514935E+00 2.0300370E-01 -1.3292503E+00 -9.2907279E-01 -1.5588243E+00 -7.6777737E-01
-1.1453122E+00 2.2111908E-01 -1.3371061E+00 -8.9644034E-01 -1.5865169E+00 -7.3353169E-01
-1.1277894E+00 2.2167187E-01 -1.3257027E+00 -8.8211182E-01 -1.5675271E+00 -7.1176962E-01
-1.0935794E+00 2.2699065E-01 -1.3019670E+00 -8.4870956E-01 -1.5436657E+00 -6.6395615E-01
-1.0725248E+00 2.4312727E-01 -1.3011824E+00 -8.1330415E-01 -1.5668040E+00 -6.1964436E-01
-1.0252143E+00 2.4626077E-01 -1.2583402E+00 -7.6852637E-01 -1.5232776E+00 -5.6022008E-01
-9.5308600E-01 3.2596825E-01 -1.2716829E+00 -6.2727296E-01 -1.6159307E+00 -3.2967906E-01
-9.2173840E-01 4.5514383E-01 -1.3336586E+00 -4.3331295E-01 -1.8217595E+00 -4.3764454E-02
-9.3264370E-01 6.2742370E-01 -1.4493609E+00 -1.8597936E-01 -2.1715198E+00 2.1658390E-01
-9.5983764E-01 7.2676410E-01 -1.5310944E+00 -5.8003454E-02 -2.3726844E+00 3.4729646E-01
-9.6462705E-01 7.3053278E-01 -1.5369310E+00 -5.3376513E-02 -2.3850083E+00 3.3950301E-01
-1.0156057E+00 8.1902764E-01 -1.5893715E+00 7.7059767E-02 -2.6000661E+00 3.7240936E-01
-1.0595714E+00 9.1441666E-01 -1.6274140E+00 2.4526298E-01 -2.7724687E+00 4.7285857E-01
-1.0614413E+00 9.1476989E-01 -1.6104827E+00 2.6313286E-01 -2.7841201E+00 4.5206861E-01
-1.0726725E+00 9.4410283E-01 -1.6877793E+00 2.5873751E-01 -2.8152366E+00 5.0000000E-01
