-1.1303204E+00 1.7544691E-01 -1.3029291E+00 -9.5635530E-01 -1.4831356E+00 -7.9434050E-01
-1.1330169E+00 1.4924828E-01 -1.2716928E+00 -9.8026063E-01 -1.4369599E+00 -8.4932938E-01
-1.1331688E+00 1.4277363E-01 -1.2720206E+00 -9.9230194E-01 -1.4219273E+00 -8.6201060E-01
-1.1353106E+00 1.2660633E-01 -1.2513216E+00 -1.0035320E+00 -1.3960963E+00 -8.9795048E-01
-1.1333609E+00 1.6676438E-01 -1.2984777E+00 -9.6760243E-01 -1.4662869E+00 -8.1217729E-01
-1.1164478E+00 2.0054961E-01 -1.2963180E+00 -8.9600635E-01 -1.5245454E+00 -7.5071305E-01
-1.0984396E+00 2.1753898E-01 -1.2945117E+00 -8.6022240E-01 -1.5478942E+00 -7.0651346E-01
-1.0885420E+00 2.1943956E-01 -1.2821234E+00 -8.4507587E-01 -1.5244371E+00 -6.7837529E-01
-1.0647493E+00 2.2697645E-01 -1.2682258E+00 -8.1864325E-01 -1.5154848E+00 -6.3381575E-01
-1.0530097E+00 2.4073171E-01 -1.2768050E+00 -7.9903286E-01 -1.5405975E+00 -6.0351113E-01
-1.0056712E+00 2.3998954E-01 -1.2299353E+00 -7.5273921E-01 -1.4932294E+00 -5.5507455E-01
-9.1432825E-01 3.1216814E-01 -1.2067401E+00 -5.8095715E-01 -1.5443494E+00 -3.3961850E-01
-8.5222302E-01 4.3892022E-01 -1.2428471E+00 -3.7817083E-01 -1.7068348E+00 -8.7450247E-03
-8.2793995E-01 6.1084099E-01 -1.3374114E+00 -1.1878838E-01 -1.9990485E+00 2.8851806E-01
-8.3697823E-01 7.0835082E-01 -1.3752656E+00 4.4139743E-02 -2.1681276E+00 4.3617229E-01
-8.4123382E-01 7.1138118E-01 -1.3704198E+00 5.5249206E-02 -2.1860535E+00 4.2022842E-01
-8.7752094E-01 7.8956680E-01 -1.3618463E+00 2.0197355E-01 -2.3851437E+00 4.3657882E-01
-9.1144051E-01 8.7554385E-01 -1.3812218E+00 3.4502974E-01 -2.5464031E+00 5.0000000E-01
-9.1281420E-01 8.7628354E-01 -1.3546534E+00 3.6657619E-01 -2.5682480E+00 4.7561260E-01
-9.2360291E-01 9.0383775E-01 -1.3834153E+00 4.0389973E-01 -2.6144023E+00 5.0000000E-01
