-1.2533983E+00 1.8212478E-01 -1.4325923E+00 -1.0735614E+00 -1.6192521E+00 -8.9952202E-01
-1.2520239E+00 1.5676799E-01 -1.4003664E+00 -1.0912942E+00 -1.5685798E+00 -9.5071493E-01
-1.2570279E+00 1.5103575E-01 -1.4064330E+00 -1.1078064E+00 -1.5642087E+00 -9.6853065E-01
-1.2201427E+00 1.3311914E-01 -1.3373945E+00 -1.0763875E+00 -1.4851070E+00 -9.6457120E-01
-1.1106303E+00 1.7171085E-01 -1.2641732E+00 -9.2569214E-01 -1.4622544E+00 -7.9215572E-01
-9.9032692E-01 2.0324001E-01 -1.1720793E+00 -7.7041907E-01 -1.4145780E+00 -6.1755909E-01
-9.3827917E-01 2.1255264E-01 -1.1282445E+00 -7.0858818E-01 -1.3620909E+00 -5.3606374E-01
-9.3228284E-01 2.0940250E-01 -1.1169352E+00 -7.0276443E-01 -1.3481704E+00 -5.3695905E-01
-9.1672300E-01 2.1186273E-01 -1.1105677E+00 -6.8969160E-01 -1.3334560E+00 -5.1264042E-01
-9.1518144E-01 2.2543474E-01 -1.1280934E+00 -6.7744148E-01 -1.3706105E+00 -4.9469174E-01
-8.9607467E-01 2.2918803E-01 -1.1219998E+00 -6.6575150E-01 -1.3557415E+00 -4.6075453E-01
-8.5257862E-01 3.1462342E-01 -1.1652181E+00 -5.3642825E-01 -1.4790816E+00 -2.5581619E-01
-8.1108982E-01 4.3093043E-01 -1.2099473E+00 -3.4371790E-01 -1.6883170E+00 -6.3157928E-03
-7.7721501E-01 5.6808897E-01 -1.2762391E+00 -1.2541954E-01 -1.8847506E+00 2.9102288E-01
-7.7046631E-01 6.4391491E-01 -1.2899513E+00 5.5452084E-03 -2.0034390E+00 4.1378031E-01
-7.7067308E-01 6.4412146E-01 -1.2807529E+00 1.0493143E-02 -2.0143642E+00 4.0392731E-01
-7.8893812E-01 7.1484488E-01 -1.2436666E+00 1.5060440E-01 -2.1843537E+00 4.1467882E-01
-8.1112007E-01 8.0414661E-01 -1.2475696E+00 3.0399653E-01 -2.3259852E+00 5.0000000E-01
-8.1511019E-01 8.0594373E-01 -1.2322179E+00 3.2092570E-01 -2.3558343E+00 4.6864592E-01
-8.2167136E-01 8.3613693E-01 -1.2754242E+00 3.4879980E-01 -2.3935869E+00 5.0000000E-01
