-1.1719250E+00 1.8132797E-01 -1.3509556E+00 -9.9147835E-01 -1.5223201E+00 -8.1046380E-01
-1.1696604E+00 1.5509190E-01 -1.3221672E+00 -1.0174380E+00 -1.4772072E+00 -8.6570288E-01
-1.1714402E+00 1.4953083E-01 -1.3181697E+00 -1.0247810E+00 -1.4696674E+00 -8.7954538E-01
-1.1490343E+00 1.3156805E-01 -1.2711368E+00 -1.0146303E+00 -1.4199830E+00 -8.9827646E-01
-1.0843477E+00 1.7171433E-01 -1.2473077E+00 -9.0532394E-01 -1.4340197E+00 -7.6007881E-01
-1.0057184E+00 2.0516361E-01 -1.1932418E+00 -7.8511360E-01 -1.4113153E+00 -6.1340374E-01
-9.6642460E-01 2.1700325E-01 -1.1610004E+00 -7.3249962E-01 -1.3979766E+00 -5.5109581E-01
-9.5854108E-01 2.1344126E-01 -1.1524337E+00 -7.2955127E-01 -1.3811723E+00 -5.4999702E-01
-9.4175508E-01 2.1336718E-01 -1.1382382E+00 -7.1119688E-01 -1.3605723E+00 -5.3425296E-01
-9.3669935E-01 2.2553240E-01 -1.1504170E+00 -6.9677323E-01 -1.3948341E+00 -5.1595788E-01
-9.1990695E-01 2.2420795E-01 -1.1432504E+00 -6.9733754E-01 -1.3710606E+00 -4.9274227E-01
-8.9411631E-01 3.0802872E-01 -1.1979280E+00 -5.8774543E-01 -1.5121296E+00 -3.0216321E-01
-8.7998309E-01 4.4234641E-01 -1.2775196E+00 -4.0633370E-01 -1.7591597E+00 -3.2299811E-02
-8.7768761E-01 6.1647362E-01 -1.3560501E+00 -1.4478525E-01 -2.1151572E+00 2.3261992E-01
-8.8698371E-01 7.1792686E-01 -1.3916553E+00 1.3697757E-02 -2.3101023E+00 3.7540305E-01
-8.9009515E-01 7.2310639E-01 -1.3909741E+00 2.3250814E-02 -2.3236584E+00 3.7110560E-01
-9.1589503E-01 8.1465833E-01 -1.3882318E+00 1.8531017E-01 -2.5340857E+00 4.0630071E-01
-9.3961772E-01 9.1369080E-01 -1.3965978E+00 3.5972174E-01 -2.7003024E+00 5.0000000E-01
-9.4125035E-01 9.1429270E-01 -1.3761041E+00 3.7463637E-01 -2.7174409E+00 4.8232803E-01
-9.4827257E-01 9.4391797E-01 -1.3488072E+00 4.7138250E-01 -2.7647936E+00 5.0000000E-01
