-1.0577077E+00 1.7171581E-01 -1.2286424E+00 -8.8883138E-01 -1.4018209E+00 -7.2852223E-01
-1.0575165E+00 1.4540905E-01 -1.2008250E+00 -9.1370885E-01 -1.3526263E+00 -7.8090747E-01
-1.0623765E+00 1.3923324E-01 -1.2001603E+00 -9.2472958E-01 -1.3465656E+00 -7.9954326E-01
-1.0481716E+00 1.2251334E-01 -1.1702187E+00 -9.2552942E-01 -1.2945662E+00 -8.1611166E-01
-9.9236704E-01 1.5858864E-01 -1.1478166E+00 -8.3492050E-01 -1.3160759E+00 -6.9269119E-01
-9.2316144E-01 1.8822199E-01 -1.0876775E+00 -7.2195386E-01 -1.2994130E+00 -5.6478747E-01
-8.9330668E-01 2.0203736E-01 -1.0671313E+00 -6.7611425E-01 -1.2999957E+00 -5.0641123E-01
-8.9313316E-01 2.0202644E-01 -1.0621991E+00 -6.7414351E-01 -1.3061258E+00 -5.0996413E-01
-9.0258051E-01 2.0820804E-01 -1.0813407E+00 -6.7790336E-01 -1.3212821E+00 -5.0778627E-01
-9.0912702E-01 2.2291055E-01 -1.1069910E+00 -6.7003155E-01 -1.3711793E+00 -5.0070285E-01
-9.5302721E-01 2.2874534E-01 -1.1793432E+00 -7.2706724E-01 -1.4083885E+00 -5.0931869E-01
-1.0654035E+00 3.2286852E-01 -1.3818399E+00 -7.4766324E-01 -1.7193587E+00 -4.4339874E-01
-1.1911727E+00 4.6090226E-01 -1.6492340E+00 -7.3164195E-01 -2.1242707E+00 -3.2305797E-01
-1.3240781E+00 6.3643037E-01 -1.9759994E+00 -6.7378471E-01 -2.5834149E+00 -1.2381341E-01
-1.3906853E+00 7.3747326E-01 -2.1696489E+00 -6.2122578E-01 -2.8212909E+00 -1.7024316E-02
-1.3930590E+00 7.4054781E-01 -2.1771815E+00 -6.1902413E-01 -2.8276574E+00 -1.6187924E-02
-1.4474301E+00 8.2674820E-01 -2.3514169E+00 -5.5707809E-01 -2.9906386E+00 8.2091890E-02
-1.4856093E+00 9.2172068E-01 -2.5018821E+00 -4.8336285E-01 -3.1807222E+00 2.2615387E-01
-1.4849185E+00 9.2384453E-01 -2.5070777E+00 -4.8180047E-01 -3.1826768E+00 2.3501019E-01
-1.4946832E+00 9.5354585E-01 -2.5480871E+00 -4.6129194E-01 -3.5000000E+00 5.0000000E-01
