-1.1449041E+00 1.7402764E-01 -1.3173183E+00 -9.7205713E-01 -1.4864286E+00 -8.0483931E-01
-1.1416829E+00 1.5077080E-01 -1.2909443E+00 -9.8991881E-01 -1.4436701E+00 -8.5430579E-01
-1.1376443E+00 1.4541938E-01 -1.2810607E+00 -9.9212329E-01 -1.4291453E+00 -8.6228678E-01
-1.1399285E+00 1.2792336E-01 -1.2598426E+00 -1.0071178E+00 -1.4014436E+00 -8.9909100E-01
-1.1567110E+00 1.6967684E-01 -1.3297720E+00 -9.8634617E-01 -1.4882048E+00 -8.3442510E-01
-1.1767467E+00 2.0237831E-01 -1.3654338E+00 -9.6140198E-01 -1.5912765E+00 -8.0035512E-01
-1.1812692E+00 2.1786890E-01 -1.3778776E+00 -9.3974101E-01 -1.6291072E+00 -7.8542660E-01
-1.1778992E+00 2.1753470E-01 -1.3752792E+00 -9.3463249E-01 -1.6211445E+00 -7.8390196E-01
-1.1606911E+00 2.2457649E-01 -1.3728794E+00 -9.1703480E-01 -1.6108936E+00 -7.4589833E-01
-1.1504503E+00 2.4103550E-01 -1.3956892E+00 -9.0468817E-01 -1.6264184E+00 -6.9814971E-01
-1.0968271E+00 2.4142899E-01 -1.3370355E+00 -8.5511365E-01 -1.5778211E+00 -6.3469374E-01
-9.8073757E-01 3.1066535E-01 -1.2801071E+00 -6.7647607E-01 -1.6273609E+00 -3.9276138E-01
-8.8158813E-01 4.2742017E-01 -1.2678303E+00 -4.2764319E-01 -1.7302586E+00 -5.6428989E-02
-8.0947368E-01 5.7958856E-01 -1.2966444E+00 -1.4705236E-01 -1.9519734E+00 2.7548390E-01
-7.9138977E-01 6.6456148E-01 -1.3031626E+00 1.9267352E-02 -2.0584304E+00 4.3455519E-01
-7.9375407E-01 6.6730439E-01 -1.2969114E+00 2.6783318E-02 -2.0797966E+00 4.1636343E-01
-8.0521248E-01 7.3534953E-01 -1.2706163E+00 1.6951822E-01 -2.2395920E+00 4.2086600E-01
-8.2231844E-01 8.1937931E-01 -1.2781547E+00 3.2252244E-01 -2.3651306E+00 5.0000000E-01
-8.2481871E-01 8.2145546E-01 -1.2496930E+00 3.4844215E-01 -2.3924405E+00 4.7032008E-01
-8.2942215E-01 8.5056446E-01 -1.2640122E+00 3.9838461E-01 -2.4209770E+00 5.0000000E-01
