-1.0390338E+00 1.6720388E-01 -1.2053734E+00 -8.7129360E-01 -1.3632790E+00 -7.0923844E-01
-1.0512745E+00 1.4123437E-01 -1.1905021E+00 -9.1086471E-01 -1.3292439E+00 -7.7514982E-01
-1.0585129E+00 1.3524111E-01 -1.1920061E+00 -9.2466569E-01 -1.3255431E+00 -7.9258827E-01
-1.1058542E+00 1.1864811E-01 -1.2236977E+00 -9.8784234E-01 -1.3435054E+00 -8.7821649E-01
-1.1817485E+00 1.6054757E-01 -1.3344349E+00 -1.0149361E+00 -1.5051527E+00 -8.8172495E-01
-1.2039646E+00 2.0163150E-01 -1.3676255E+00 -9.7543231E-01 -1.6160601E+00 -8.3244973E-01
-1.1793617E+00 2.2496841E-01 -1.3591217E+00 -9.2663215E-01 -1.6430811E+00 -7.6553747E-01
-1.1507812E+00 2.2877799E-01 -1.3316484E+00 -8.9372104E-01 -1.6237570E+00 -7.3186390E-01
-1.1026929E+00 2.3905013E-01 -1.2938430E+00 -8.3239760E-01 -1.5951046E+00 -6.6444569E-01
-1.0727656E+00 2.5447075E-01 -1.2871551E+00 -7.9070049E-01 -1.5941051E+00 -6.0267031E-01
-1.0380105E+00 2.5045872E-01 -1.2659555E+00 -7.7121889E-01 -1.5581199E+00 -5.7363002E-01
-1.0362792E+00 3.1844059E-01 -1.3214589E+00 -6.9872241E-01 -1.6913381E+00 -4.3393577E-01
-1.1033265E+00 4.5424043E-01 -1.5485910E+00 -6.5137416E-01 -2.0429594E+00 -2.4748801E-01
-1.2192091E+00 6.4589975E-01 -1.8730952E+00 -5.5615138E-01 -2.4969771E+00 9.6646713E-03
-1.2925548E+00 7.5771063E-01 -2.0831302E+00 -4.9821305E-01 -2.7480012E+00 1.3312315E-01
-1.2978389E+00 7.5997757E-01 -2.0941571E+00 -4.9592742E-01 -2.7133955E+00 1.7362513E-01
-1.3727993E+00 8.5809479E-01 -2.3069202E+00 -4.3925279E-01 -2.9288860E+00 2.2816724E-01
-1.4319964E+00 9.5943800E-01 -2.4954909E+00 -3.7891642E-01 -3.1611024E+00 3.3042076E-01
-1.4324481E+00 9.6046382E-01 -2.4975300E+00 -3.7597254E-01 -3.1497791E+00 3.3896943E-01
-1.4469337E+00 9.9113139E-01 -2.5465956E+00 -3.5872733E-01 -3.5000000E+00 5.0000000E-01
