-1.2480174E+00 1.6807811E-01 -1.4135162E+00 -1.0818509E+00 -1.5829111E+00 -9.2086726E-01
-1.2286484E+00 1.4103116E-01 -1.3675256E+00 -1.0873419E+00 -1.5073724E+00 -9.5418043E-01
-1.2297476E+00 1.3425557E-01 -1.3624521E+00 -1.0964906E+00 -1.4942817E+00 -9.6741200E-01
-1.1392077E+00 1.1349632E-01 -1.2490888E+00 -1.0276864E+00 -1.3666247E+00 -9.1549519E-01
-9.1686258E-01 1.4333106E-01 -1.0496640E+00 -7.6903470E-01 -1.2096479E+00 -6.4214531E-01
-7.1004205E-01 1.5968674E-01 -8.5417284E-01 -5.3893132E-01 -1.0408207E+00 -4.1756030E-01
-6.4727944E-01 1.6771578E-01 -7.9355848E-01 -4.6675238E-01 -9.8081998E-01 -3.2759285E-01
-6.6065566E-01 1.6547903E-01 -8.0261377E-01 -4.8138371E-01 -9.8954386E-01 -3.4733473E-01
-7.1644989E-01 1.7384503E-01 -8.6887650E-01 -5.2905233E-01 -1.0827888E+00 -4.0042637E-01
-7.5462366E-01 1.9102791E-01 -9.2655143E-01 -5.5217203E-01 -1.1504977E+00 -3.9653452E-01
-9.5093340E-01 2.0864652E-01 -1.1511632E+00 -7.3801021E-01 -1.3708073E+00 -5.5219227E-01
-1.3798642E+00 3.1077623E-01 -1.6772200E+00 -1.0575996E+00 -1.9976449E+00 -7.8183488E-01
-1.7666137E+00 4.2878082E-01 -2.1979675E+00 -1.3338989E+00 -2.5858736E+00 -9.1422905E-01
-2.0919202E+00 5.6307081E-01 -2.7289199E+00 -1.5851925E+00 -3.1482368E+00 -1.0003663E+00
-2.2134426E+00 6.3665672E-01 -2.9803512E+00 -1.6941499E+00 -3.3842762E+00 -9.9687496E-01
-2.2103879E+00 6.3888178E-01 -2.9843700E+00 -1.6935888E+00 -3.3755763E+00 -9.8804950E-01
-2.2591634E+00 6.9781325E-01 -3.1656658E+00 -1.7986465E+00 -3.4300381E+00 -9.2078476E-01
-2.2793509E+00 7.7384271E-01 -3.3532190E+00 -1.8739610E+00 -3.5000000E+00 -8.3585534E-01
-2.2757834E+00 7.7380491E-01 -3.3613163E+00 -1.8895971E+00 -3.4717201E+00 -8.0765992E-01
-2.2798257E+00 8.0001336E-01 -3.4238550E+00 -1.8923033E+00 -3.5000000E+00 -7.7999938E-01
