-1.1770254E+00 1.6937227E-01 -1.3433813E+00 -1.0093708E+00 -1.5168222E+00 -8.4968944E-01
-1.1585722E+00 1.4283957E-01 -1.2969618E+00 -1.0173515E+00 -1.4451162E+00 -8.8214022E-01
-1.1511946E+00 1.3683375E-01 -1.2844688E+00 -1.0155844E+00 -1.4259680E+00 -8.8759058E-01
-1.0958595E+00 1.2052303E-01 -1.2167331E+00 -9.7613018E-01 -1.3348293E+00 -8.6287663E-01
-9.9283737E-01 1.5979187E-01 -1.1406077E+00 -8.2450356E-01 -1.3244817E+00 -6.9361870E-01
-9.2394354E-01 1.8681479E-01 -1.0873757E+00 -7.2588201E-01 -1.2935673E+00 -5.6029354E-01
-9.1317862E-01 1.9911796E-01 -1.0806482E+00 -6.9933798E-01 -1.3095524E+00 -5.3060019E-01
-9.2335060E-01 1.9750574E-01 -1.0878229E+00 -7.0789362E-01 -1.3221221E+00 -5.4780058E-01
-9.5012397E-01 2.0309315E-01 -1.1240635E+00 -7.2614721E-01 -1.3606455E+00 -5.6731670E-01
-9.6378844E-01 2.1873827E-01 -1.1590143E+00 -7.2773432E-01 -1.4030790E+00 -5.4577473E-01
-1.0343613E+00 2.2395499E-01 -1.2562981E+00 -8.1064908E-01 -1.4939155E+00 -6.1199015E-01
-1.1989122E+00 3.2004743E-01 -1.5204248E+00 -8.7776411E-01 -1.8378825E+00 -5.9076909E-01
-1.3616830E+00 4.6662089E-01 -1.8053250E+00 -8.7327104E-01 -2.3049034E+00 -4.6994260E-01
-1.5103866E+00 6.4392047E-01 -2.1712568E+00 -8.6295310E-01 -2.7815540E+00 -2.7842293E-01
-1.5706788E+00 7.4175681E-01 -2.3489265E+00 -8.0443979E-01 -2.9874724E+00 -1.4835784E-01
-1.5711956E+00 7.4505054E-01 -2.3557400E+00 -7.9749681E-01 -2.9870800E+00 -1.4261901E-01
-1.6038808E+00 8.3184739E-01 -2.5139187E+00 -7.1825541E-01 -3.1542250E+00 -6.5881044E-02
-1.6215327E+00 9.2676451E-01 -2.6483532E+00 -6.2414233E-01 -3.3437963E+00 4.9146121E-02
-1.6194462E+00 9.2726079E-01 -2.6487458E+00 -6.2012020E-01 -3.3464839E+00 3.6752065E-02
-1.6211789E+00 9.5664861E-01 -2.6807301E+00 -5.9018885E-01 -3.5000000E+00 5.0000000E-01
