-1.0518112E+00 1.7456196E-01 -1.2244158E+00 -8.8029821E-01 -1.4005280E+00 -7.1244757E-01
-1.0541762E+00 1.4800996E-01 -1.2004937E+00 -9.0606248E-01 -1.3531224E+00 -7.7017196E-01
-1.0557667E+00 1.4174446E-01 -1.1955273E+00 -9.1543845E-01 -1.3412064E+00 -7.8230575E-01
-1.0566581E+00 1.2526161E-01 -1.1811097E+00 -9.3244842E-01 -1.3091837E+00 -8.1768544E-01
-1.0654103E+00 1.7045075E-01 -1.2257862E+00 -8.8523560E-01 -1.4080592E+00 -7.4562722E-01
-1.0859117E+00 2.0131199E-01 -1.2686134E+00 -8.6750509E-01 -1.5009326E+00 -7.1590074E-01
-1.1021085E+00 2.1260121E-01 -1.2953229E+00 -8.7061078E-01 -1.5411154E+00 -7.1071239E-01
-1.1108354E+00 2.1002378E-01 -1.3057322E+00 -8.8353426E-01 -1.5377374E+00 -7.2508267E-01
-1.1191710E+00 2.1169367E-01 -1.3230330E+00 -8.9612122E-01 -1.5408142E+00 -7.2348530E-01
-1.1248120E+00 2.2411308E-01 -1.3420206E+00 -8.8932628E-01 -1.5684556E+00 -7.0319018E-01
-1.0956327E+00 2.2842622E-01 -1.3238644E+00 -8.6901222E-01 -1.5488283E+00 -6.5226590E-01
-1.0003370E+00 3.2103558E-01 -1.3155580E+00 -6.8567363E-01 -1.6497787E+00 -3.7762509E-01
-8.8520364E-01 4.5092176E-01 -1.2731679E+00 -4.0560908E-01 -1.7855071E+00 -1.2286503E-02
-7.6591552E-01 6.0676664E-01 -1.1948899E+00 -5.4181016E-02 -1.9652307E+00 3.3095955E-01
-7.1401619E-01 6.9083575E-01 -1.1383334E+00 1.2758326E-01 -2.0266816E+00 5.0000000E-01
-7.1310153E-01 6.9269694E-01 -1.1283066E+00 1.3506207E-01 -2.0619257E+00 4.7260750E-01
-6.9512265E-01 7.5636169E-01 -1.0339006E+00 2.7878701E-01 -2.2200005E+00 4.7579257E-01
-6.8947004E-01 8.2988366E-01 -1.0032318E+00 4.0249410E-01 -2.3599330E+00 5.0000000E-01
-6.9237927E-01 8.3016938E-01 -9.9482133E-01 4.0049013E-01 -2.3717548E+00 4.8824826E-01
-6.9039230E-01 8.5654896E-01 -9.6716527E-01 4.8718965E-01 -2.4108126E+00 5.0000000E-01
