-1.0700100E+00 1.7573115E-01 -1.2359530E+00 -8.8984664E-01 -1.4283215E+00 -7.3191753E-01
-1.0711933E+00 1.4859525E-01 -1.2099523E+00 -9.1788338E-01 -1.3755321E+00 -7.8691286E-01
-1.0777376E+00 1.4174857E-01 -1.2179251E+00 -9.3837633E-01 -1.3663772E+00 -8.0695906E-01
-1.0659626E+00 1.2103822E-01 -1.1779553E+00 -9.3920037E-01 -1.3114974E+00 -8.3560599E-01
-1.0001410E+00 1.5620880E-01 -1.1529696E+00 -8.4531423E-01 -1.3164135E+00 -7.0201095E-01
-9.0063102E-01 1.8234512E-01 -1.0594034E+00 -7.0534438E-01 -1.2606361E+00 -5.5277114E-01
-8.4868373E-01 1.9555539E-01 -1.0098506E+00 -6.3179051E-01 -1.2400935E+00 -4.8671408E-01
-8.3423845E-01 1.9514291E-01 -9.9562440E-01 -6.1756227E-01 -1.2292939E+00 -4.7389182E-01
-8.2427870E-01 2.0573387E-01 -9.9955858E-01 -5.9743796E-01 -1.2614024E+00 -4.5759435E-01
-8.2208116E-01 2.2331081E-01 -1.0180828E+00 -5.7638543E-01 -1.2873293E+00 -4.1633949E-01
-8.7293209E-01 2.2947723E-01 -1.0878141E+00 -6.3259303E-01 -1.3382965E+00 -4.4166060E-01
-1.0285682E+00 3.1390192E-01 -1.3186410E+00 -6.9983191E-01 -1.6761861E+00 -4.4510798E-01
-1.2143261E+00 4.5020029E-01 -1.6668122E+00 -7.6892102E-01 -2.1065358E+00 -3.4260106E-01
-1.4116482E+00 6.3294778E-01 -2.0614118E+00 -7.6463126E-01 -2.6092178E+00 -1.5732165E-01
-1.5051890E+00 7.3773956E-01 -2.3164853E+00 -7.7201031E-01 -2.8741471E+00 -6.3856042E-02
-1.5075650E+00 7.4119589E-01 -2.3227370E+00 -7.6848949E-01 -2.8795054E+00 -6.8286480E-02
-1.5724497E+00 8.3579855E-01 -2.5375164E+00 -7.3291976E-01 -3.0855293E+00 -5.8171317E-03
-1.6144483E+00 9.3591346E-01 -2.7008806E+00 -6.5114620E-01 -3.3150905E+00 9.5449214E-02
-1.6144393E+00 9.3637267E-01 -2.6990146E+00 -6.4561352E-01 -3.3189056E+00 8.1613572E-02
-1.6233430E+00 9.6556513E-01 -2.7482622E+00 -6.2721693E-01 -3.5000000E+00 5.0000000E-01
