-1.1926703E+00 1.7809277E-01 -1.3584119E+00 -1.0066642E+00 -1.5550522E+00 -8.5332620E-01
-1.1737865E+00 1.5166623E-01 -1.3142662E+00 -1.0172818E+00 -1.4871631E+00 -8.8557650E-01
-1.1673754E+00 1.4647435E-01 -1.3009228E+00 -1.0149287E+00 -1.4730842E+00 -8.9018507E-01
-1.0939787E+00 1.2914424E-01 -1.2107118E+00 -9.5954690E-01 -1.3518270E+00 -8.4147780E-01
-9.4141584E-01 1.6362306E-01 -1.0898928E+00 -7.6854111E-01 -1.2818862E+00 -6.3666209E-01
-8.1445165E-01 1.8732793E-01 -9.7897617E-01 -6.1002171E-01 -1.1908648E+00 -4.5786731E-01
-7.7628866E-01 1.9372507E-01 -9.4310519E-01 -5.6230698E-01 -1.1860873E+00 -4.2576686E-01
-7.7999118E-01 1.9039290E-01 -9.4612315E-01 -5.7192090E-01 -1.1633750E+00 -4.2114452E-01
-7.8967177E-01 1.9774131E-01 -9.6766507E-01 -5.7564525E-01 -1.1817420E+00 -4.1178687E-01
-7.9787399E-01 2.1738339E-01 -9.9962671E-01 -5.6663495E-01 -1.2449532E+00 -3.9523275E-01
-8.5030749E-01 2.2638953E-01 -1.0735336E+00 -6.2609190E-01 -1.3033345E+00 -4.1345167E-01
-9.8520482E-01 3.2349457E-01 -1.3094792E+00 -6.6569273E-01 -1.6304472E+00 -3.6692847E-01
-1.1314988E+00 4.7122166E-01 -1.6037159E+00 -6.6882338E-01 -2.0710965E+00 -1.9614990E-01
-1.2852373E+00 6.6095410E-01 -1.9633540E+00 -6.1256517E-01 -2.5869877E+00 -3.5948044E-03
-1.3606127E+00 7.6634009E-01 -2.1730342E+00 -5.5394998E-01 -2.8462408E+00 8.2442876E-02
-1.3636696E+00 7.6972096E-01 -2.1815150E+00 -5.5000648E-01 -2.8550513E+00 7.7891801E-02
-1.4184404E+00 8.5637285E-01 -2.3500846E+00 -4.8122592E-01 -3.0306301E+00 1.2447349E-01
-1.4546381E+00 9.4771121E-01 -2.4998759E+00 -4.0602774E-01 -3.2128274E+00 2.4305740E-01
-1.4521189E+00 9.4722003E-01 -2.4985834E+00 -4.0613472E-01 -3.2092094E+00 2.4836650E-01
-1.4594872E+00 9.7576239E-01 -2.5430593E+00 -3.8388317E-01 -3.5000000E+00 5.0000000E-01
