-1.1185786E+00 1.7125885E-01 -1.2886655E+00 -9.4884361E-01 -1.4576967E+00 -7.8567917E-01
-1.1166809E+00 1.4551620E-01 -1.2623318E+00 -9.7260813E-01 -1.4059118E+00 -8.3715055E-01
-1.1178148E+00 1.3922233E-01 -1.2502839E+00 -9.7384633E-01 -1.3966158E+00 -8.4998803E-01
-1.1076957E+00 1.2233018E-01 -1.2206343E+00 -9.7977057E-01 -1.3575373E+00 -8.7778260E-01
-1.0731875E+00 1.6214484E-01 -1.2336127E+00 -9.1093196E-01 -1.3980858E+00 -7.6236988E-01
-1.0285610E+00 1.9566661E-01 -1.2025571E+00 -8.1295887E-01 -1.4315655E+00 -6.6981006E-01
-1.0030788E+00 2.1194755E-01 -1.1880644E+00 -7.6666931E-01 -1.4258764E+00 -6.0839432E-01
-9.9594662E-01 2.1220554E-01 -1.1787945E+00 -7.5818999E-01 -1.4200266E+00 -6.0197675E-01
-9.7681776E-01 2.1858017E-01 -1.1687163E+00 -7.3546456E-01 -1.4123393E+00 -5.6816592E-01
-9.6539719E-01 2.3296137E-01 -1.1780066E+00 -7.1204055E-01 -1.4428579E+00 -5.4162178E-01
-9.3994320E-01 2.3422109E-01 -1.1752752E+00 -7.0475181E-01 -1.4045713E+00 -4.9753786E-01
-9.1825485E-01 3.0674103E-01 -1.2211809E+00 -6.1134162E-01 -1.5346729E+00 -3.3450568E-01
-9.3973954E-01 4.3051507E-01 -1.3458238E+00 -4.8137019E-01 -1.7885662E+00 -1.1767174E-01
-1.0065374E+00 6.0618667E-01 -1.5586403E+00 -3.1408493E-01 -2.1755719E+00 1.2900723E-01
-1.0604758E+00 7.1050400E-01 -1.7011648E+00 -2.1986472E-01 -2.4253413E+00 2.4296750E-01
-1.0659766E+00 7.1553119E-01 -1.7106203E+00 -2.1409598E-01 -2.4405683E+00 2.4093205E-01
-1.1303370E+00 8.0942263E-01 -1.8084078E+00 -9.3099419E-02 -2.6539299E+00 3.0468395E-01
-1.1823324E+00 9.0888110E-01 -1.9528429E+00 -3.2244617E-03 -2.8334332E+00 4.4137708E-01
-1.1820659E+00 9.0963705E-01 -1.9636068E+00 -1.4250068E-02 -2.8381554E+00 4.2757354E-01
-1.1938589E+00 9.3976375E-01 -1.9973861E+00 1.7616803E-02 -2.8606610E+00 5.0000000E-01
