-1.1744148E+00 1.6449879E-01 -1.3387327E+00 -1.0127375E+00 -1.5007594E+00 -8.5379188E-01
-1.1413166E+00 1.3845946E-01 -1.2774148E+00 -1.0055315E+00 -1.4191332E+00 -8.7354889E-01
-1.1320618E+00 1.3361191E-01 -1.2628225E+00 -1.0007802E+00 -1.3989595E+00 -8.7274065E-01
-1.0086634E+00 1.1332889E-01 -1.1202181E+00 -8.9645047E-01 -1.2367005E+00 -7.9074470E-01
-7.6986565E-01 1.4621879E-01 -9.1446682E-01 -6.2483647E-01 -1.0614256E+00 -4.8842634E-01
-6.1933228E-01 1.6228682E-01 -7.7009196E-01 -4.5114394E-01 -9.5286157E-01 -3.1968313E-01
-6.1198651E-01 1.6780213E-01 -7.6066690E-01 -4.3347448E-01 -9.6280233E-01 -3.0422004E-01
-6.5051804E-01 1.6414381E-01 -7.9171931E-01 -4.7232128E-01 -9.7962484E-01 -3.3918004E-01
-7.4060204E-01 1.7369629E-01 -8.9570837E-01 -5.5410735E-01 -1.0879361E+00 -4.0806737E-01
-7.9163360E-01 1.9298030E-01 -9.6920764E-01 -5.8777638E-01 -1.1933437E+00 -4.3177642E-01
-9.9777081E-01 2.1586162E-01 -1.2093987E+00 -7.8458935E-01 -1.4329059E+00 -5.7669035E-01
-1.4215507E+00 3.2432564E-01 -1.7438876E+00 -1.1031017E+00 -2.0610644E+00 -7.8581010E-01
-1.7851850E+00 4.4828621E-01 -2.2433522E+00 -1.3350121E+00 -2.6329984E+00 -8.9302477E-01
-2.0768587E+00 5.8937557E-01 -2.7493289E+00 -1.5457151E+00 -3.1877551E+00 -9.5087959E-01
-2.1778400E+00 6.6639969E-01 -2.9718131E+00 -1.6132144E+00 -3.4252440E+00 -9.4342839E-01
-2.1743006E+00 6.6868158E-01 -2.9738531E+00 -1.6114541E+00 -3.4152326E+00 -9.3119213E-01
-2.2008991E+00 7.3208174E-01 -3.1734645E+00 -1.7111620E+00 -3.4460152E+00 -8.3068297E-01
-2.2005479E+00 8.1077808E-01 -3.3502973E+00 -1.7655157E+00 -3.5000000E+00 -7.0833394E-01
-2.1966081E+00 8.1192067E-01 -3.3627852E+00 -1.7809583E+00 -3.4759347E+00 -6.8904885E-01
-2.1926022E+00 8.3864591E-01 -3.4059157E+00 -1.7639626E+00 -3.5000000E+00 -6.5203097E-01
