-9.6792408E-01 1.7136031E-01 -1.1393817E+00 -7.9681396E-01 -1.3120590E+00 -6.4136701E-01
-9.8817742E-01 1.4438811E-01 -1.1296898E+00 -8.4473330E-01 -1.2794591E+00 -7.1333199E-01
-9.9535734E-01 1.3804537E-01 -1.1306568E+00 -8.5946467E-01 -1.2735243E+00 -7.3135351E-01
-1.0585591E+00 1.1980738E-01 -1.1711216E+00 -9.3457354E-01 -1.3028716E+00 -8.3219047E-01
-1.1789426E+00 1.6786640E-01 -1.3351117E+00 -1.0027382E+00 -1.5190751E+00 -8.6729548E-01
-1.2597527E+00 2.0108305E-01 -1.4399629E+00 -1.0427348E+00 -1.6548296E+00 -8.7553600E-01
-1.2695708E+00 2.1585080E-01 -1.4623489E+00 -1.0345333E+00 -1.7177478E+00 -8.7398949E-01
-1.2537828E+00 2.1750224E-01 -1.4492179E+00 -1.0154270E+00 -1.7021462E+00 -8.5162771E-01
-1.2171265E+00 2.2790405E-01 -1.4256838E+00 -9.6997318E-01 -1.6833113E+00 -7.9426047E-01
-1.1917819E+00 2.4605729E-01 -1.4239432E+00 -9.2898064E-01 -1.6887414E+00 -7.3301214E-01
-1.1178354E+00 2.5041599E-01 -1.3485447E+00 -8.5532718E-01 -1.6251521E+00 -6.4912813E-01
-9.8945512E-01 3.2544636E-01 -1.3044719E+00 -6.7137182E-01 -1.6485211E+00 -3.7853687E-01
-9.0726437E-01 4.5304138E-01 -1.2924019E+00 -4.0667431E-01 -1.8035807E+00 -6.6476503E-02
-8.6875481E-01 6.2180792E-01 -1.3488494E+00 -1.2844909E-01 -2.1014317E+00 2.3945037E-01
-8.7229877E-01 7.1630221E-01 -1.3844059E+00 1.6391194E-02 -2.2875196E+00 3.8091893E-01
-8.7689787E-01 7.1668660E-01 -1.3859468E+00 1.4684670E-02 -2.2984953E+00 3.7085501E-01
-9.1022374E-01 7.9945309E-01 -1.3846118E+00 1.5112014E-01 -2.5121006E+00 3.9252029E-01
-9.4265080E-01 8.9453410E-01 -1.4033251E+00 3.1664832E-01 -2.6830943E+00 4.7943048E-01
-9.4341073E-01 8.9720493E-01 -1.3906382E+00 3.3394293E-01 -2.6926546E+00 4.6662364E-01
-9.4994658E-01 9.2528190E-01 -1.4197430E+00 3.7889321E-01 -2.7207939E+00 5.0000000E-01
