-1.1203525E+00 1.6297115E-01 -1.2830027E+00 -9.5790281E-01 -1.4430264E+00 -8.0283130E-01
-1.0887894E+00 1.3568933E-01 -1.2234390E+00 -9.5372948E-01 -1.3575559E+00 -8.2467279E-01
-1.0766822E+00 1.3006085E-01 -1.2044799E+00 -9.4746037E-01 -1.3336654E+00 -8.2112828E-01
-9.7718710E-01 1.1191651E-01 -1.0879303E+00 -8.6527335E-01 -1.1988138E+00 -7.6116348E-01
-7.9819332E-01 1.4203056E-01 -9.3859130E-01 -6.5844157E-01 -1.0784265E+00 -5.1717233E-01
-6.9005178E-01 1.5743853E-01 -8.3870671E-01 -5.2627123E-01 -1.0043038E+00 -3.9136635E-01
-6.8406786E-01 1.6436658E-01 -8.3353475E-01 -5.0908806E-01 -1.0238074E+00 -3.8186433E-01
-7.0661450E-01 1.6047682E-01 -8.4914869E-01 -5.3481195E-01 -1.0398690E+00 -4.1125047E-01
-7.7537422E-01 1.6795990E-01 -9.2777623E-01 -5.9776201E-01 -1.1204773E+00 -4.6161412E-01
-8.1256342E-01 1.8566700E-01 -9.8837306E-01 -6.2078562E-01 -1.1900841E+00 -4.5914956E-01
-1.0123969E+00 2.1182911E-01 -1.2199190E+00 -8.0347345E-01 -1.4424343E+00 -6.0488150E-01
-1.4561414E+00 3.1908298E-01 -1.7766022E+00 -1.1392928E+00 -2.0883723E+00 -8.4482006E-01
-1.8715971E+00 4.2250199E-01 -2.3034121E+00 -1.4492591E+00 -2.6780202E+00 -1.0442211E+00
-2.2348174E+00 5.3115420E-01 -2.8442691E+00 -1.7655003E+00 -3.2230670E+00 -1.2234103E+00
-2.3727402E+00 5.8894147E-01 -3.0959306E+00 -1.9123067E+00 -3.4480548E+00 -1.2760969E+00
-2.3688575E+00 5.8950446E-01 -3.0991918E+00 -1.9161375E+00 -3.4277623E+00 -1.2589089E+00
-2.4247453E+00 6.3132426E-01 -3.2573204E+00 -2.0558575E+00 -3.4565997E+00 -1.2117790E+00
-2.4487172E+00 6.9742907E-01 -3.4007107E+00 -2.1283852E+00 -3.5000000E+00 -1.1174921E+00
-2.4446850E+00 6.9977679E-01 -3.4015389E+00 -2.1352587E+00 -3.4841772E+00 -1.0957970E+00
-2.4476911E+00 7.2439272E-01 -3.4752480E+00 -2.1614177E+00 -3.5000000E+00 -1.0618261E+00
