-9.8065415E-01 1.7092196E-01 -1.1490056E+00 -8.1022155E-01 -1.3211884E+00 -6.5364359E-01
-9.7379117E-01 1.4506716E-01 -1.1162373E+00 -8.3094596E-01 -1.2668187E+00 -6.9500176E-01
-9.6903968E-01 1.3934635E-01 -1.1053114E+00 -8.3130299E-01 -1.2496092E+00 -7.0162793E-01
-9.5812449E-01 1.2222959E-01 -1.0726917E+00 -8.2993444E-01 -1.2058215E+00 -7.2904193E-01
-9.6793575E-01 1.5974959E-01 -1.1273805E+00 -8.1031218E-01 -1.2858828E+00 -6.6108926E-01
-1.0198599E+00 1.9256634E-01 -1.1866973E+00 -8.0731857E-01 -1.4236999E+00 -6.6979281E-01
-1.0622071E+00 2.1122266E-01 -1.2415555E+00 -8.2580016E-01 -1.4882656E+00 -6.6928354E-01
-1.0788057E+00 2.1173921E-01 -1.2564300E+00 -8.3883963E-01 -1.5041150E+00 -6.8559840E-01
-1.1047504E+00 2.1673169E-01 -1.2933434E+00 -8.6528648E-01 -1.5408163E+00 -6.9939677E-01
-1.1155320E+00 2.3135201E-01 -1.3204222E+00 -8.6461322E-01 -1.5987237E+00 -6.9029449E-01
-1.1325429E+00 2.3039017E-01 -1.3502574E+00 -8.9305790E-01 -1.5954329E+00 -6.9220945E-01
-1.1521945E+00 3.2030768E-01 -1.4467226E+00 -8.2031177E-01 -1.8129288E+00 -5.5051543E-01
-1.1592960E+00 4.7239006E-01 -1.5906635E+00 -6.6418621E-01 -2.1527290E+00 -2.7376820E-01
-1.1574780E+00 6.6055146E-01 -1.7390471E+00 -4.0899315E-01 -2.4537524E+00 8.9643963E-02
-1.1531589E+00 7.6044586E-01 -1.7913274E+00 -2.4145389E-01 -2.6434500E+00 2.4487213E-01
-1.1524436E+00 7.6254244E-01 -1.7902990E+00 -2.3477482E-01 -2.6451335E+00 2.4175034E-01
-1.1463387E+00 8.3885022E-01 -1.7779011E+00 -5.4600682E-02 -2.7798803E+00 2.9874358E-01
-1.1424464E+00 9.2306481E-01 -1.7751951E+00 1.3546900E-01 -2.8945503E+00 4.2706098E-01
-1.1421169E+00 9.2491678E-01 -1.7704912E+00 1.4369257E-01 -2.8969736E+00 4.2091560E-01
-1.1419566E+00 9.5198846E-01 -1.8020254E+00 1.7600956E-01 -2.8974688E+00 5.0000000E-01
