-9.5068286E-01 1.6533126E-01 -1.1060401E+00 -7.8131617E-01 -1.2824957E+00 -6.2931701E-01
-9.5644914E-01 1.3779770E-01 -1.0859984E+00 -8.1431436E-01 -1.2340688E+00 -6.9142401E-01
-9.6012699E-01 1.3273747E-01 -1.0918523E+00 -8.2935452E-01 -1.2240939E+00 -7.0290087E-01
-9.8052406E-01 1.1285859E-01 -1.0917148E+00 -8.6773806E-01 -1.2061786E+00 -7.6583991E-01
-1.0134024E+00 1.4941122E-01 -1.1626506E+00 -8.6489037E-01 -1.3125765E+00 -7.2846052E-01
-1.0255262E+00 1.8088469E-01 -1.1846724E+00 -8.3014291E-01 -1.4087270E+00 -6.9814185E-01
-1.0218019E+00 1.9896353E-01 -1.1843485E+00 -8.0284266E-01 -1.4333309E+00 -6.5099399E-01
-1.0115826E+00 2.0129020E-01 -1.1703892E+00 -7.9052315E-01 -1.4311393E+00 -6.3505645E-01
-1.0089119E+00 2.1301535E-01 -1.1759065E+00 -7.7540612E-01 -1.4503870E+00 -6.0813729E-01
-1.0048451E+00 2.3100558E-01 -1.1939301E+00 -7.5485330E-01 -1.4747273E+00 -5.6609737E-01
-1.0602628E+00 2.3636219E-01 -1.2761928E+00 -8.1120993E-01 -1.5478914E+00 -6.2342047E-01
-1.2322476E+00 3.2567039E-01 -1.5329787E+00 -8.9678886E-01 -1.9126028E+00 -6.2275053E-01
-1.4425650E+00 4.6815312E-01 -1.9113725E+00 -9.7009538E-01 -2.3716451E+00 -5.3971766E-01
-1.6694210E+00 6.4721505E-01 -2.3783425E+00 -1.0644396E+00 -2.8647961E+00 -3.4908891E-01
-1.7777876E+00 7.4477632E-01 -2.6371502E+00 -1.1182953E+00 -3.1713717E+00 -3.0589378E-01
-1.7829769E+00 7.4707412E-01 -2.6451482E+00 -1.1231862E+00 -3.1806630E+00 -3.0923217E-01
-1.8566314E+00 8.2548576E-01 -2.9155831E+00 -1.2266502E+00 -3.3005165E+00 -2.3888441E-01
-1.9043961E+00 9.1486962E-01 -3.1846968E+00 -1.3066349E+00 -3.4621091E+00 -1.6712227E-01
-1.9038366E+00 9.1681707E-01 -3.2044172E+00 -1.3179244E+00 -3.4428261E+00 -1.5865426E-01
-1.9143495E+00 9.4747140E-01 -3.2336294E+00 -1.2781563E+00 -3.5000000E+00 -1.5645570E-01
