-1.3829122E+00 1.7303174E-01 -1.5551916E+00 -1.2102419E+00 -1.7300872E+00 -1.0524172E+00
-1.3693150E+00 1.4774074E-01 -1.5079683E+00 -1.2168393E+00 -1.6708705E+00 -1.0881341E+00
-1.3709823E+00 1.4354509E-01 -1.5058802E+00 -1.2239500E+00 -1.6635651E+00 -1.0965332E+00
-1.3045299E+00 1.2798969E-01 -1.4295055E+00 -1.1786598E+00 -1.5673771E+00 -1.0586470E+00
-1.1245254E+00 1.6029235E-01 -1.2709834E+00 -9.5629774E-01 -1.4539951E+00 -8.2855217E-01
-9.2649515E-01 1.8536857E-01 -1.0877299E+00 -7.2886446E-01 -1.2955565E+00 -5.7246075E-01
-8.4019109E-01 1.9893231E-01 -1.0064225E+00 -6.2174905E-01 -1.2336143E+00 -4.6751597E-01
-8.2813992E-01 2.0017026E-01 -9.9565709E-01 -6.0974332E-01 -1.2241261E+00 -4.5302696E-01
-8.1594271E-01 2.0771384E-01 -9.9479392E-01 -5.9281847E-01 -1.2277769E+00 -4.2084820E-01
-8.1515622E-01 2.2370215E-01 -1.0127537E+00 -5.7537347E-01 -1.2569777E+00 -3.8792653E-01
-8.7544156E-01 2.2651558E-01 -1.0882530E+00 -6.3962700E-01 -1.3359163E+00 -4.4803488E-01
-1.0532155E+00 3.1805504E-01 -1.3520313E+00 -7.2531020E-01 -1.6932843E+00 -4.5074277E-01
-1.2537959E+00 4.5946718E-01 -1.6849968E+00 -7.6834573E-01 -2.1728280E+00 -3.8352279E-01
-1.4564717E+00 6.3936799E-01 -2.1171351E+00 -8.0048296E-01 -2.6931310E+00 -2.3027234E-01
-1.5491563E+00 7.3868147E-01 -2.3291086E+00 -7.7850574E-01 -2.9331780E+00 -1.3426521E-01
-1.5496865E+00 7.4041155E-01 -2.3349551E+00 -7.7520839E-01 -2.9355059E+00 -1.3883298E-01
-1.6174853E+00 8.2159567E-01 -2.5154336E+00 -7.3128145E-01 -3.1211410E+00 -1.0527672E-01
-1.6650359E+00 9.1503768E-01 -2.6746849E+00 -6.6769011E-01 -3.3458663E+00 -2.8693839E-02
-1.6657874E+00 9.1742254E-01 -2.6781429E+00 -6.7078578E-01 -3.3563196E+00 -3.7679268E-02
-1.6796714E+00 9.4606953E-01 -2.7233677E+00 -6.5498868E-01 -3.5000000E+00 -7.7377650E-02
