-1.0379185E+00 1.7463702E-01 -1.2117716E+00 -8.6336210E-01 -1.3837252E+00 -7.0368535E-01
-1.0329744E+00 1.4743956E-01 -1.1802554E+00 -8.8689379E-01 -1.3274047E+00 -7.5040267E-01
-1.0278745E+00 1.4105298E-01 -1.1678043E+00 -8.8778395E-01 -1.3107139E+00 -7.5625879E-01
-1.0159348E+00 1.2096804E-01 -1.1301491E+00 -8.8956884E-01 -1.2607661E+00 -7.8769885E-01
-1.0215604E+00 1.5688640E-01 -1.1748806E+00 -8.6757948E-01 -1.3393268E+00 -7.2124753E-01
-1.0758428E+00 1.9314890E-01 -1.2449043E+00 -8.6605072E-01 -1.4837774E+00 -7.1901521E-01
-1.1251485E+00 2.0949282E-01 -1.3079232E+00 -8.9201705E-01 -1.5618122E+00 -7.4405309E-01
-1.1516618E+00 2.0794162E-01 -1.3345169E+00 -9.2187085E-01 -1.5870875E+00 -7.7503201E-01
-1.1920173E+00 2.1276702E-01 -1.3856707E+00 -9.6471923E-01 -1.6314538E+00 -7.9517703E-01
-1.2123668E+00 2.2755884E-01 -1.4280600E+00 -9.7603978E-01 -1.6794953E+00 -7.8529751E-01
-1.2221684E+00 2.3241255E-01 -1.4521597E+00 -9.8861333E-01 -1.6870069E+00 -7.8059257E-01
-1.1827089E+00 3.1353952E-01 -1.4901947E+00 -8.7600040E-01 -1.8196837E+00 -5.7912550E-01
-1.1034819E+00 4.3117770E-01 -1.4907955E+00 -6.4334006E-01 -2.0073147E+00 -3.0724486E-01
-1.0145068E+00 5.8275867E-01 -1.5155298E+00 -3.4620759E-01 -2.1720884E+00 6.4754787E-02
-9.7828557E-01 6.6884017E-01 -1.5296731E+00 -1.7750321E-01 -2.2943086E+00 2.3715491E-01
-9.7903723E-01 6.7143027E-01 -1.5257806E+00 -1.6915974E-01 -2.2995677E+00 2.3601627E-01
-9.6585905E-01 7.4249548E-01 -1.5110200E+00 -7.7673947E-03 -2.3914776E+00 3.2815032E-01
-9.6268399E-01 8.2748335E-01 -1.5492735E+00 1.4196500E-01 -2.4890816E+00 4.6973537E-01
-9.6439453E-01 8.2764639E-01 -1.5517432E+00 1.4197251E-01 -2.5023002E+00 4.4300247E-01
-9.6622619E-01 8.5337664E-01 -1.5842148E+00 1.6868789E-01 -2.5145276E+00 5.0000000E-01
