-8.9340823E-01 1.6954561E-01 -1.0609021E+00 -7.2523865E-01 -1.2346814E+00 -5.7060533E-01
-8.9422920E-01 1.4213721E-01 -1.0294103E+00 -7.4709486E-01 -1.1803812E+00 -6.2158399E-01
-8.9487991E-01 1.3655666E-01 -1.0317701E+00 -7.5957127E-01 -1.1681715E+00 -6.3310354E-01
-8.9299433E-01 1.1301838E-01 -9.9663913E-01 -7.7418371E-01 -1.1285326E+00 -6.8107928E-01
-8.8896519E-01 1.4742148E-01 -1.0267139E+00 -7.3574412E-01 -1.1913664E+00 -6.1315349E-01
-8.9568641E-01 1.7636773E-01 -1.0465763E+00 -7.0523001E-01 -1.2540494E+00 -5.5975440E-01
-9.0857601E-01 1.8701045E-01 -1.0641725E+00 -7.0080382E-01 -1.2860100E+00 -5.5761190E-01
-9.1746325E-01 1.8468033E-01 -1.0719510E+00 -7.1329399E-01 -1.2925950E+00 -5.6966426E-01
-9.4853422E-01 1.9276936E-01 -1.1138718E+00 -7.3635245E-01 -1.3390437E+00 -5.8576370E-01
-9.6164462E-01 2.1100974E-01 -1.1509701E+00 -7.3410055E-01 -1.3996354E+00 -5.7354519E-01
-1.0496961E+00 2.2791314E-01 -1.2638239E+00 -8.0857878E-01 -1.5069097E+00 -6.1864706E-01
-1.2610062E+00 3.2522410E-01 -1.5809274E+00 -9.3904372E-01 -1.9251015E+00 -6.3383492E-01
-1.4749394E+00 4.5274479E-01 -1.9285862E+00 -1.0228261E+00 -2.3843076E+00 -6.0708123E-01
-1.6738349E+00 6.1467671E-01 -2.3155378E+00 -1.0503278E+00 -2.8430886E+00 -4.7254174E-01
-1.7546306E+00 7.0920378E-01 -2.5088533E+00 -1.0210323E+00 -3.1019703E+00 -4.1471790E-01
-1.7531122E+00 7.1262712E-01 -2.5098882E+00 -1.0124934E+00 -3.1012002E+00 -4.0840984E-01
-1.7932885E+00 7.9593745E-01 -2.7520462E+00 -1.0506879E+00 -3.2378065E+00 -3.1959722E-01
-1.8157134E+00 8.8932213E-01 -2.9154504E+00 -9.9638384E-01 -3.4092332E+00 -2.1039366E-01
-1.8140519E+00 8.9136638E-01 -2.9198387E+00 -9.9482764E-01 -3.4045249E+00 -2.1328433E-01
-1.8197537E+00 9.2191602E-01 -2.9822223E+00 -9.8899231E-01 -3.5000000E+00 -2.1801919E-01
