-9.6386306E-01 1.7312258E-01 -1.1360299E+00 -7.9240113E-01 -1.3048771E+00 -6.2722760E-01
-9.6630105E-01 1.4722281E-01 -1.1128980E+00 -8.2044758E-01 -1.2580015E+00 -6.8190857E-01
-9.6660622E-01 1.4231714E-01 -1.1083682E+00 -8.2512226E-01 -1.2493303E+00 -6.9250831E-01
-9.8499940E-01 1.2110839E-01 -1.0993515E+00 -8.5903438E-01 -1.2286326E+00 -7.5778798E-01
-1.0258525E+00 1.5920296E-01 -1.1709703E+00 -8.5931299E-01 -1.3562429E+00 -7.2848388E-01
-1.0509403E+00 1.9814460E-01 -1.2273351E+00 -8.3762735E-01 -1.4693013E+00 -6.8952395E-01
-1.0458839E+00 2.1750757E-01 -1.2363413E+00 -8.0610243E-01 -1.4818817E+00 -6.3796444E-01
-1.0303269E+00 2.2036891E-01 -1.2200871E+00 -7.8463581E-01 -1.4728598E+00 -6.2010129E-01
-1.0025140E+00 2.2921273E-01 -1.2058985E+00 -7.5107281E-01 -1.4811302E+00 -5.8781743E-01
-9.8409527E-01 2.4457723E-01 -1.2070712E+00 -7.2043402E-01 -1.4916100E+00 -5.3005775E-01
-9.6209890E-01 2.4242334E-01 -1.2036839E+00 -7.1914281E-01 -1.4532693E+00 -5.0502738E-01
-9.5487312E-01 3.1517887E-01 -1.2546055E+00 -6.2932249E-01 -1.5865438E+00 -3.4980583E-01
-9.8241086E-01 4.4646513E-01 -1.3996330E+00 -5.1599261E-01 -1.9082209E+00 -1.4050960E-01
-1.0336501E+00 6.2627944E-01 -1.6029891E+00 -3.2414635E-01 -2.2562124E+00 1.3896418E-01
-1.0658061E+00 7.3083816E-01 -1.7178166E+00 -2.0237009E-01 -2.4680391E+00 2.7831077E-01
-1.0681037E+00 7.3380988E-01 -1.7262868E+00 -2.0197523E-01 -2.4735083E+00 2.7896872E-01
-1.0964724E+00 8.2295068E-01 -1.7421869E+00 -1.6360365E-02 -2.6610864E+00 3.3763123E-01
-1.1169693E+00 9.1963357E-01 -1.7479187E+00 1.8643995E-01 -2.8121261E+00 4.5974573E-01
-1.1172600E+00 9.2167991E-01 -1.7362052E+00 2.0179728E-01 -2.8219083E+00 4.4381895E-01
-1.1213719E+00 9.5120622E-01 -1.7913423E+00 2.1300765E-01 -2.8425672E+00 5.0000000E-01
