-1.1314587E+00 1.7387425E-01 -1.3038096E+00 -9.5726964E-01 -1.4764882E+00 -7.9734679E-01
-1.1164687E+00 1.4743333E-01 -1.2630695E+00 -9.6672765E-01 -1.4111471E+00 -8.3874229E-01
-1.1118857E+00 1.4106733E-01 -1.2527945E+00 -9.6911798E-01 -1.3934475E+00 -8.4622083E-01
-1.0549742E+00 1.2266116E-01 -1.1763524E+00 -9.3343870E-01 -1.3023682E+00 -8.2310508E-01
-9.4855228E-01 1.6073753E-01 -1.0991763E+00 -7.8308480E-01 -1.2740625E+00 -6.4447891E-01
-8.8710440E-01 1.8829516E-01 -1.0570758E+00 -6.8218680E-01 -1.2777016E+00 -5.4397269E-01
-8.8723479E-01 2.0030745E-01 -1.0669851E+00 -6.6906151E-01 -1.3027996E+00 -5.2255378E-01
-9.0413710E-01 1.9893757E-01 -1.0814239E+00 -6.8944760E-01 -1.3221981E+00 -5.4259341E-01
-9.3480030E-01 2.0400657E-01 -1.1146370E+00 -7.1295991E-01 -1.3636524E+00 -5.6192499E-01
-9.5033604E-01 2.1957336E-01 -1.1469426E+00 -7.1049483E-01 -1.4015046E+00 -5.4672539E-01
-1.0003259E+00 2.2468288E-01 -1.2255506E+00 -7.7489448E-01 -1.4489452E+00 -5.7215101E-01
-1.0991315E+00 3.1490744E-01 -1.3825758E+00 -7.6284919E-01 -1.7510949E+00 -5.1424303E-01
-1.1849167E+00 4.5194096E-01 -1.5977267E+00 -6.9534802E-01 -2.0855881E+00 -3.2738976E-01
-1.2608207E+00 6.3067284E-01 -1.8518812E+00 -5.5885946E-01 -2.5319352E+00 -1.0345826E-01
-1.2956399E+00 7.3437446E-01 -1.9997035E+00 -4.5795978E-01 -2.7380355E+00 2.6137497E-02
-1.2975706E+00 7.3817705E-01 -2.0045723E+00 -4.4945974E-01 -2.7436207E+00 2.6997730E-02
-1.3279098E+00 8.3467987E-01 -2.1120978E+00 -3.0590901E-01 -2.8847011E+00 1.5074842E-01
-1.3484278E+00 9.3756734E-01 -2.2240847E+00 -1.6451193E-01 -3.0597193E+00 3.2841990E-01
-1.3467524E+00 9.3854138E-01 -2.2253059E+00 -1.6510856E-01 -3.0433793E+00 3.4112296E-01
-1.3486662E+00 9.6980783E-01 -2.2521333E+00 -1.2049379E-01 -3.5000000E+00 5.0000000E-01
