-8.8285168E-01 1.7313449E-01 -1.0548827E+00 -7.0908707E-01 -1.2285536E+00 -5.5697384E-01
-8.9532492E-01 1.4654275E-01 -1.0309497E+00 -7.3927994E-01 -1.1939386E+00 -6.2390070E-01
-8.9478788E-01 1.3954479E-01 -1.0253554E+00 -7.4900553E-01 -1.1780677E+00 -6.3209819E-01
-9.4994627E-01 1.2016837E-01 -1.0697839E+00 -8.3058640E-01 -1.1933969E+00 -7.2237028E-01
-1.0910816E+00 1.6175191E-01 -1.2433133E+00 -9.2170578E-01 -1.4168558E+00 -7.8540689E-01
-1.2334448E+00 1.9692512E-01 -1.4068609E+00 -1.0222123E+00 -1.6255858E+00 -8.5406667E-01
-1.2877449E+00 2.1426471E-01 -1.4740165E+00 -1.0542710E+00 -1.7160453E+00 -8.8200941E-01
-1.2894378E+00 2.1451278E-01 -1.4761872E+00 -1.0549433E+00 -1.7186718E+00 -8.8309600E-01
-1.2792695E+00 2.2164951E-01 -1.4791195E+00 -1.0400996E+00 -1.7360484E+00 -8.6599961E-01
-1.2643800E+00 2.3879666E-01 -1.4863811E+00 -1.0095415E+00 -1.7470190E+00 -8.1765047E-01
-1.1979184E+00 2.4250112E-01 -1.4402662E+00 -9.5686539E-01 -1.6859917E+00 -7.3228242E-01
-1.0583454E+00 3.1315782E-01 -1.3477573E+00 -7.3198083E-01 -1.7031102E+00 -4.6575795E-01
-9.4817814E-01 4.2993927E-01 -1.3221311E+00 -4.8142274E-01 -1.8089310E+00 -1.2525130E-01
-8.8190070E-01 5.9096395E-01 -1.3516169E+00 -1.8493696E-01 -2.0538174E+00 2.0469282E-01
-8.7447400E-01 6.8726973E-01 -1.3870912E+00 -2.9664646E-02 -2.2360905E+00 3.4717478E-01
-8.8132677E-01 6.9111246E-01 -1.3963974E+00 -3.0954492E-02 -2.2505952E+00 3.3866666E-01
-9.0084126E-01 7.8059052E-01 -1.3841816E+00 1.3842056E-01 -2.4511910E+00 3.8581283E-01
-9.2138847E-01 8.7763074E-01 -1.3874202E+00 3.2162427E-01 -2.6037873E+00 4.8399749E-01
-9.2197873E-01 8.7784693E-01 -1.3623089E+00 3.4384286E-01 -2.6159108E+00 4.5989288E-01
-9.2543301E-01 9.0615145E-01 -1.3951054E+00 3.8466709E-01 -2.6402644E+00 5.0000000E-01
