-1.1829961E+00 1.8163765E-01 -1.3622163E+00 -1.0029103E+00 -1.5416312E+00 -8.3306016E-01
-1.1911640E+00 1.5827718E-01 -1.3411360E+00 -1.0296471E+00 -1.5097677E+00 -8.8654953E-01
-1.2004762E+00 1.5209772E-01 -1.3434330E+00 -1.0447306E+00 -1.5083811E+00 -9.0882651E-01
-1.2138398E+00 1.3476176E-01 -1.3329237E+00 -1.0666814E+00 -1.4952315E+00 -9.6804270E-01
-1.1810349E+00 1.6625353E-01 -1.3331307E+00 -9.9863510E-01 -1.5185288E+00 -8.7752068E-01
-1.0707679E+00 1.9741386E-01 -1.2507566E+00 -8.5722466E-01 -1.4760411E+00 -7.0850937E-01
-9.8514684E-01 2.1891472E-01 -1.1833180E+00 -7.4601122E-01 -1.4383192E+00 -5.8524341E-01
-9.4686235E-01 2.2212442E-01 -1.1461735E+00 -7.0339050E-01 -1.4124466E+00 -5.4206401E-01
-8.7476627E-01 2.2994409E-01 -1.0847898E+00 -6.2354586E-01 -1.3511365E+00 -4.5352970E-01
-8.4089669E-01 2.4292421E-01 -1.0691162E+00 -5.8090712E-01 -1.3346148E+00 -3.8853337E-01
-7.6830418E-01 2.3493129E-01 -1.0046000E+00 -5.3386423E-01 -1.2318406E+00 -3.1356355E-01
-6.8339966E-01 3.0399361E-01 -9.6518279E-01 -3.5958261E-01 -1.3025485E+00 -1.1269586E-01
-6.7560893E-01 4.2941585E-01 -1.0533910E+00 -1.9519238E-01 -1.5237911E+00 1.3332286E-01
-7.3252042E-01 5.9397158E-01 -1.2375268E+00 -2.2735516E-02 -1.8587001E+00 3.5370137E-01
-7.8592092E-01 6.8761672E-01 -1.3358920E+00 7.9561421E-02 -2.0643380E+00 4.4038508E-01
-7.9256710E-01 6.9072773E-01 -1.3366135E+00 8.1828818E-02 -2.0811963E+00 4.3468790E-01
-8.6207082E-01 7.7297812E-01 -1.3789943E+00 1.8332971E-01 -2.3240554E+00 4.3864912E-01
-9.2003014E-01 8.6577902E-01 -1.4377440E+00 3.0615883E-01 -2.5079704E+00 5.0000000E-01
-9.2271952E-01 8.6714695E-01 -1.4103270E+00 3.3006767E-01 -2.5370825E+00 4.7333332E-01
-9.3684817E-01 8.9663312E-01 -1.4548194E+00 3.5203594E-01 -2.5869368E+00 5.0000000E-01
