-7.6386968E-01 1.7605089E-01 -9.4063071E-01 -5.8816515E-01 -1.1111930E+00 -4.2572453E-01
-7.8919747E-01 1.5100947E-01 -9.3327223E-01 -6.3126190E-01 -1.0899695E+00 -5.0154200E-01
-7.9497854E-01 1.4789672E-01 -9.4180910E-01 -6.4801713E-01 -1.0939569E+00 -5.1322741E-01
-8.8728262E-01 1.2993070E-01 -1.0161700E+00 -7.5742758E-01 -1.1495585E+00 -6.4330861E-01
-1.0819558E+00 1.6279394E-01 -1.2460262E+00 -9.1918531E-01 -1.4009154E+00 -7.6785628E-01
-1.2368936E+00 1.9604009E-01 -1.4323966E+00 -1.0405878E+00 -1.6324902E+00 -8.6625089E-01
-1.2759832E+00 2.1398635E-01 -1.4771915E+00 -1.0498270E+00 -1.7100139E+00 -8.7298154E-01
-1.2663999E+00 2.1210901E-01 -1.4668409E+00 -1.0416325E+00 -1.6962328E+00 -8.6891306E-01
-1.2291948E+00 2.1445600E-01 -1.4453907E+00 -1.0150505E+00 -1.6550886E+00 -8.2127594E-01
-1.2042412E+00 2.2641592E-01 -1.4298325E+00 -9.7694862E-01 -1.6486238E+00 -7.6821178E-01
-1.0833522E+00 2.3122917E-01 -1.3126513E+00 -8.5295985E-01 -1.5372390E+00 -6.2875856E-01
-8.3166223E-01 2.9922085E-01 -1.1297131E+00 -5.3439538E-01 -1.4284659E+00 -2.5673810E-01
-6.2328731E-01 3.8132057E-01 -9.7117593E-01 -2.1212044E-01 -1.3736830E+00 1.0926882E-01
-4.7921709E-01 4.8055084E-01 -8.6846038E-01 8.7103762E-02 -1.3845789E+00 4.0463073E-01
-4.4967342E-01 5.4112805E-01 -8.1371307E-01 2.4183734E-01 -1.4308775E+00 5.0000000E-01
-4.5647072E-01 5.4213095E-01 -8.0612478E-01 2.4340299E-01 -1.4652229E+00 4.7365818E-01
-4.8644495E-01 5.9909554E-01 -8.0888133E-01 2.8966522E-01 -1.6336188E+00 4.5720235E-01
-5.2503995E-01 6.8150673E-01 -8.4727134E-01 3.8363725E-01 -1.8051392E+00 5.0000000E-01
-5.2852333E-01 6.8272081E-01 -8.3080881E-01 3.9257893E-01 -1.8245539E+00 4.8433714E-01
-5.3966825E-01 7.1220813E-01 -8.3951105E-01 4.4440184E-01 -1.8784469E+00 5.0000000E-01
