-9.4644877E-01 1.6306472E-01 -1.1107071E+00 -7.8335841E-01 -1.2678836E+00 -6.3256853E-01
-9.4969791E-01 1.3842592E-01 -1.0904480E+00 -8.1105368E-01 -1.2207675E+00 -6.8290200E-01
-9.4926913E-01 1.3355802E-01 -1.0831134E+00 -8.1593889E-01 -1.2119354E+00 -6.9086562E-01
-9.6036821E-01 1.1826710E-01 -1.0779323E+00 -8.4374081E-01 -1.1973092E+00 -7.3493794E-01
-9.9596104E-01 1.6097330E-01 -1.1467623E+00 -8.2689788E-01 -1.3228577E+00 -6.9660901E-01
-1.0478754E+00 1.9673828E-01 -1.2118852E+00 -8.3199042E-01 -1.4515231E+00 -6.7434271E-01
-1.0789964E+00 2.1286703E-01 -1.2540384E+00 -8.4409034E-01 -1.5139594E+00 -6.7858378E-01
-1.0869664E+00 2.1270251E-01 -1.2644074E+00 -8.5285418E-01 -1.5160051E+00 -6.8441933E-01
-1.1028797E+00 2.1883019E-01 -1.2998842E+00 -8.6779241E-01 -1.5352137E+00 -6.8340894E-01
-1.1092127E+00 2.3341037E-01 -1.3248205E+00 -8.6163050E-01 -1.5892050E+00 -6.7669371E-01
-1.1193731E+00 2.3207766E-01 -1.3491273E+00 -8.8722552E-01 -1.5882635E+00 -6.7820699E-01
-1.1332526E+00 3.1687273E-01 -1.4274615E+00 -8.0661603E-01 -1.7829892E+00 -5.3038101E-01
-1.1415873E+00 4.5200517E-01 -1.5504175E+00 -6.7042370E-01 -2.0908862E+00 -2.9431822E-01
-1.1518201E+00 6.2025299E-01 -1.7147869E+00 -4.6643280E-01 -2.3607510E+00 2.0486499E-02
-1.1617696E+00 7.1630947E-01 -1.8052579E+00 -3.3282859E-01 -2.5341758E+00 1.5734578E-01
-1.1627624E+00 7.1939238E-01 -1.8014063E+00 -3.2259930E-01 -2.5392890E+00 1.5716470E-01
-1.1845539E+00 8.0994296E-01 -1.8467664E+00 -1.5381193E-01 -2.7216470E+00 2.3886266E-01
-1.2033728E+00 9.1216777E-01 -1.9623599E+00 -2.6036412E-02 -2.9039386E+00 3.9917586E-01
-1.2043705E+00 9.1518514E-01 -1.9793783E+00 -3.6497272E-02 -2.8989093E+00 4.0376735E-01
-1.2086489E+00 9.4715002E-01 -2.0039801E+00 1.1920954E-02 -2.9045947E+00 5.0000000E-01
