-1.0576137E+00 1.6794867E-01 -1.2226450E+00 -8.9226778E-01 -1.3883711E+00 -7.2451433E-01
-1.0494175E+00 1.4164282E-01 -1.1884935E+00 -9.0951808E-01 -1.3282019E+00 -7.6899663E-01
-1.0421381E+00 1.3566071E-01 -1.1761633E+00 -9.0730945E-01 -1.3072631E+00 -7.7316136E-01
-1.0265745E+00 1.1890173E-01 -1.1381832E+00 -9.0281062E-01 -1.2668195E+00 -7.9908621E-01
-1.0147081E+00 1.5686101E-01 -1.1567158E+00 -8.5042576E-01 -1.3389456E+00 -7.2339301E-01
-1.0221436E+00 1.8895206E-01 -1.1838247E+00 -8.1847455E-01 -1.4043394E+00 -6.6512683E-01
-1.0308584E+00 2.0414881E-01 -1.2018387E+00 -8.0457137E-01 -1.4424801E+00 -6.4705327E-01
-1.0323024E+00 2.0522976E-01 -1.2023323E+00 -8.0239573E-01 -1.4466080E+00 -6.4942032E-01
-1.0381265E+00 2.1472550E-01 -1.2265852E+00 -8.0439468E-01 -1.4637181E+00 -6.3143430E-01
-1.0378973E+00 2.3195706E-01 -1.2509200E+00 -7.9107498E-01 -1.5128650E+00 -6.1126298E-01
-1.0631493E+00 2.3490871E-01 -1.2941932E+00 -8.3197990E-01 -1.5347520E+00 -6.0847419E-01
-1.1440084E+00 3.1644394E-01 -1.4531513E+00 -8.3236430E-01 -1.7916147E+00 -5.4080928E-01
-1.2552986E+00 4.6173016E-01 -1.6800362E+00 -7.6488514E-01 -2.2022667E+00 -3.9286095E-01
-1.3828510E+00 6.5422062E-01 -2.0520525E+00 -6.9971669E-01 -2.6776157E+00 -1.6484163E-01
-1.4433415E+00 7.6266773E-01 -2.2446971E+00 -6.2681922E-01 -2.9056857E+00 -3.6755207E-02
-1.4447749E+00 7.6675726E-01 -2.2545257E+00 -6.2129082E-01 -2.9083612E+00 -3.7696085E-02
-1.4866993E+00 8.5939517E-01 -2.4281303E+00 -5.4579929E-01 -3.0573761E+00 7.4316309E-02
-1.5141514E+00 9.5534604E-01 -2.5774204E+00 -4.5820076E-01 -3.2315929E+00 2.3330456E-01
-1.5130322E+00 9.5630166E-01 -2.5768636E+00 -4.5535102E-01 -3.2329943E+00 2.3549784E-01
-1.5209497E+00 9.8523063E-01 -2.6161540E+00 -4.3553928E-01 -3.5000000E+00 5.0000000E-01
