-7.2577807E-01 1.7542960E-01 -9.0066982E-01 -5.4912201E-01 -1.0645953E+00 -3.8414852E-01
-7.5654886E-01 1.4771561E-01 -9.0289056E-01 -6.0907762E-01 -1.0441459E+00 -4.6386032E-01
-7.6380431E-01 1.4153459E-01 -9.0344267E-01 -6.2466277E-01 -1.0419407E+00 -4.8382989E-01
-8.8034059E-01 1.1900416E-01 -9.9934902E-01 -7.6261592E-01 -1.1159198E+00 -6.5134345E-01
-1.1341590E+00 1.6157736E-01 -1.2943197E+00 -9.7415289E-01 -1.4586261E+00 -8.2133330E-01
-1.3476457E+00 2.0085429E-01 -1.5373218E+00 -1.1347846E+00 -1.7534641E+00 -9.6865558E-01
-1.4097610E+00 2.1732373E-01 -1.6145194E+00 -1.1795543E+00 -1.8516667E+00 -1.0037855E+00
-1.3987920E+00 2.1469131E-01 -1.6021752E+00 -1.1719753E+00 -1.8350859E+00 -9.9548030E-01
-1.3604695E+00 2.2125866E-01 -1.5700096E+00 -1.1285044E+00 -1.8046884E+00 -9.4255011E-01
-1.3316118E+00 2.3658306E-01 -1.5686493E+00 -1.0948337E+00 -1.8094465E+00 -8.8447400E-01
-1.1960793E+00 2.4258160E-01 -1.4374076E+00 -9.5292658E-01 -1.6817465E+00 -7.3600866E-01
-9.0939521E-01 3.0032596E-01 -1.2048072E+00 -6.1398727E-01 -1.5242973E+00 -3.3766673E-01
-6.6622709E-01 3.7255299E-01 -9.9494220E-01 -2.6224197E-01 -1.4055765E+00 4.3690039E-02
-4.8738006E-01 4.6685657E-01 -8.4612041E-01 6.5505659E-02 -1.3828000E+00 3.5878894E-01
-4.3952439E-01 5.2611835E-01 -8.0185803E-01 2.0271316E-01 -1.4107118E+00 4.9779361E-01
-4.4544988E-01 5.2636672E-01 -8.0144514E-01 2.0024556E-01 -1.4411201E+00 4.7246268E-01
-4.6349354E-01 5.8539044E-01 -7.6146661E-01 2.8073492E-01 -1.6143883E+00 4.6285782E-01
-4.9479136E-01 6.6972074E-01 -7.8002581E-01 3.8619949E-01 -1.7926420E+00 5.0000000E-01
-4.9914239E-01 6.7187936E-01 -7.6825877E-01 3.9488712E-01 -1.8174375E+00 4.8349833E-01
-5.0794216E-01 7.0226742E-01 -7.6034547E-01 4.7114342E-01 -1.8715067E+00 5.0000000E-01
