-9.8220890E-01 1.7434029E-01 -1.1563935E+00 -8.0844719E-01 -1.3274192E+00 -6.4524360E-01
-9.9998838E-01 1.4651336E-01 -1.1452948E+00 -8.5338313E-01 -1.2914291E+00 -7.1703832E-01
-1.0117753E+00 1.4081228E-01 -1.1516376E+00 -8.7241872E-01 -1.2926723E+00 -7.4034246E-01
-1.0453482E+00 1.2184266E-01 -1.1599640E+00 -9.2061783E-01 -1.2914041E+00 -8.1180248E-01
-1.0770410E+00 1.5974616E-01 -1.2242459E+00 -9.1039620E-01 -1.3998218E+00 -7.7186168E-01
-1.0641370E+00 1.9515882E-01 -1.2341669E+00 -8.5472610E-01 -1.4547143E+00 -6.9100814E-01
-1.0438724E+00 2.1417861E-01 -1.2302127E+00 -8.1187161E-01 -1.4696690E+00 -6.3698208E-01
-1.0335765E+00 2.1421340E-01 -1.2183629E+00 -7.9772587E-01 -1.4621903E+00 -6.3009941E-01
-1.0290861E+00 2.1908867E-01 -1.2278265E+00 -7.9313057E-01 -1.4779029E+00 -6.2744209E-01
-1.0286280E+00 2.3338860E-01 -1.2488245E+00 -7.8440812E-01 -1.5029259E+00 -5.9271852E-01
-1.0526925E+00 2.2939567E-01 -1.2800315E+00 -8.2633248E-01 -1.5162871E+00 -6.1090444E-01
-1.1168611E+00 3.1428026E-01 -1.4276055E+00 -8.0377835E-01 -1.7495972E+00 -5.1575212E-01
-1.1802464E+00 4.6115013E-01 -1.6417178E+00 -7.2379138E-01 -2.1100559E+00 -3.0286200E-01
-1.2361622E+00 6.4838691E-01 -1.8359333E+00 -5.1010368E-01 -2.5483233E+00 -5.5017137E-02
-1.2589197E+00 7.5274465E-01 -1.9258048E+00 -3.5870523E-01 -2.7325627E+00 9.8294493E-02
-1.2576441E+00 7.5585146E-01 -1.9252388E+00 -3.4797745E-01 -2.7689227E+00 6.1558101E-02
-1.2756071E+00 8.4807308E-01 -1.9732578E+00 -1.6032229E-01 -2.8893103E+00 1.8480812E-01
-1.2886525E+00 9.4919950E-01 -2.0759187E+00 -1.7102577E-02 -3.0442128E+00 3.5481851E-01
-1.2888899E+00 9.5084800E-01 -2.0746021E+00 -9.8961490E-03 -3.0367854E+00 3.6101453E-01
-1.2929397E+00 9.7967328E-01 -2.1135640E+00 1.9270650E-02 -3.5000000E+00 5.0000000E-01
