-9.9529595E-01 1.8352123E-01 -1.1684050E+00 -8.0434804E-01 -1.3675639E+00 -6.4677762E-01
-9.9970351E-01 1.5530221E-01 -1.1448519E+00 -8.3712660E-01 -1.3157824E+00 -7.0807282E-01
-1.0004820E+00 1.4843943E-01 -1.1401768E+00 -8.4589538E-01 -1.3009831E+00 -7.1992935E-01
-1.0173228E+00 1.2987060E-01 -1.1446914E+00 -8.8953965E-01 -1.2844580E+00 -7.7034169E-01
-1.0654942E+00 1.6967150E-01 -1.2315163E+00 -8.9530829E-01 -1.4102033E+00 -7.4314369E-01
-1.1169228E+00 2.0321057E-01 -1.3025700E+00 -9.0001534E-01 -1.5317486E+00 -7.3931524E-01
-1.1351086E+00 2.1621634E-01 -1.3362446E+00 -9.0394257E-01 -1.5750998E+00 -7.3524363E-01
-1.1343299E+00 2.1468985E-01 -1.3340807E+00 -9.0266399E-01 -1.5738810E+00 -7.4098402E-01
-1.1162033E+00 2.1958179E-01 -1.3244647E+00 -8.8341494E-01 -1.5639353E+00 -7.0641340E-01
-1.1028795E+00 2.3362866E-01 -1.3255723E+00 -8.5606149E-01 -1.5709888E+00 -6.5861183E-01
-1.0370921E+00 2.3254438E-01 -1.2715909E+00 -8.0399667E-01 -1.5020467E+00 -5.9650939E-01
-9.0118651E-01 3.0582467E-01 -1.1863876E+00 -5.8663484E-01 -1.5218000E+00 -3.1778148E-01
-7.9689005E-01 4.2680162E-01 -1.1760476E+00 -3.3242153E-01 -1.6442753E+00 1.7227143E-02
-7.3600758E-01 5.8013038E-01 -1.1900742E+00 -6.6001483E-02 -1.8892308E+00 3.4349197E-01
-7.3202124E-01 6.6540788E-01 -1.2038578E+00 7.3859615E-02 -2.0015283E+00 4.9465729E-01
-7.3788814E-01 6.6783836E-01 -1.2014981E+00 7.8159386E-02 -2.0419542E+00 4.6722555E-01
-7.6936745E-01 7.4524737E-01 -1.1923443E+00 2.0695508E-01 -2.2605223E+00 4.4144194E-01
-8.0375274E-01 8.3412370E-01 -1.2096805E+00 3.5081350E-01 -2.4113361E+00 5.0000000E-01
-8.0724422E-01 8.3697675E-01 -1.2024334E+00 3.6049375E-01 -2.4308023E+00 4.8958282E-01
-8.1766184E-01 8.6634431E-01 -1.2254429E+00 4.0635818E-01 -2.4828482E+00 5.0000000E-01
