-1.1626214E+00 1.7078029E-01 -1.3349389E+00 -9.9236208E-01 -1.4943926E+00 -8.3118114E-01
-1.1483604E+00 1.4733295E-01 -1.2957156E+00 -1.0003322E+00 -1.4364352E+00 -8.6560905E-01
-1.1452933E+00 1.4280052E-01 -1.2876103E+00 -1.0008141E+00 -1.4257531E+00 -8.6859114E-01
-1.0880484E+00 1.2684036E-01 -1.2068078E+00 -9.5790036E-01 -1.3472013E+00 -8.4724540E-01
-9.7500928E-01 1.6342059E-01 -1.1249808E+00 -8.0281466E-01 -1.3120074E+00 -6.6876889E-01
-9.0132999E-01 1.9224782E-01 -1.0720431E+00 -6.9940059E-01 -1.3035212E+00 -5.4538347E-01
-8.9483847E-01 2.0562513E-01 -1.0729303E+00 -6.7067637E-01 -1.3086496E+00 -5.0853566E-01
-9.1175752E-01 2.0278808E-01 -1.0860452E+00 -6.8579540E-01 -1.3209436E+00 -5.3583150E-01
-9.4647283E-01 2.0736064E-01 -1.1334979E+00 -7.1970988E-01 -1.3737672E+00 -5.6861968E-01
-9.6781833E-01 2.2163990E-01 -1.1763928E+00 -7.3179890E-01 -1.4160588E+00 -5.4857042E-01
-1.0314728E+00 2.2259903E-01 -1.2545475E+00 -8.1034690E-01 -1.4759378E+00 -6.0518396E-01
-1.1458486E+00 3.1295208E-01 -1.4514357E+00 -8.3683030E-01 -1.7766475E+00 -5.4692475E-01
-1.2280678E+00 4.6658178E-01 -1.6666431E+00 -7.4529229E-01 -2.1750819E+00 -3.3522010E-01
-1.2857669E+00 6.5875618E-01 -1.8875330E+00 -5.4968750E-01 -2.6438200E+00 -9.0992937E-02
-1.3030200E+00 7.6386269E-01 -1.9790784E+00 -3.9630901E-01 -2.8089488E+00 9.1907700E-02
-1.3002051E+00 7.6620982E-01 -1.9755555E+00 -3.8427023E-01 -2.8047308E+00 9.4880862E-02
-1.3039643E+00 8.5400677E-01 -2.0104168E+00 -1.9473532E-01 -2.9379234E+00 1.8282980E-01
-1.3055825E+00 9.4899665E-01 -2.0979354E+00 -4.4623001E-02 -3.0786089E+00 3.5083737E-01
-1.3057034E+00 9.4985397E-01 -2.1135505E+00 -5.4813195E-02 -3.0572263E+00 3.6151503E-01
-1.3057042E+00 9.8033998E-01 -2.1594831E+00 -2.8274283E-02 -3.5000000E+00 5.0000000E-01
