-1.0349335E+00 1.8318508E-01 -1.2149150E+00 -8.5456057E-01 -1.4021254E+00 -6.7913982E-01
-1.0459075E+00 1.5923905E-01 -1.2037710E+00 -8.8883133E-01 -1.3671475E+00 -7.4242238E-01
-1.0460312E+00 1.5428296E-01 -1.1991038E+00 -8.9265898E-01 -1.3589434E+00 -7.5211167E-01
-1.0980444E+00 1.3411555E-01 -1.2206736E+00 -9.5315407E-01 -1.3702271E+00 -8.4849723E-01
-1.2180664E+00 1.6582688E-01 -1.3824040E+00 -1.0524651E+00 -1.5464464E+00 -8.9729360E-01
-1.3108643E+00 1.9827373E-01 -1.5093733E+00 -1.1125240E+00 -1.7025257E+00 -9.2890171E-01
-1.3217115E+00 2.1240190E-01 -1.5334991E+00 -1.1094103E+00 -1.7437367E+00 -9.1356785E-01
-1.3003643E+00 2.0860347E-01 -1.5090276E+00 -1.0916798E+00 -1.7113322E+00 -8.9645382E-01
-1.2410743E+00 2.1311118E-01 -1.4515867E+00 -1.0321593E+00 -1.6603367E+00 -8.2386583E-01
-1.2047405E+00 2.2576788E-01 -1.4285365E+00 -9.8343886E-01 -1.6495343E+00 -7.6262559E-01
-1.0489017E+00 2.3694999E-01 -1.2830254E+00 -8.1006487E-01 -1.5159419E+00 -5.8844186E-01
-7.3013245E-01 3.0398052E-01 -1.0363434E+00 -4.2347116E-01 -1.3369230E+00 -1.5114393E-01
-4.6886507E-01 3.6814395E-01 -7.8290985E-01 -7.1713027E-02 -1.2014178E+00 2.3591755E-01
-2.8460731E-01 4.4525533E-01 -5.4877113E-01 2.5285836E-01 -1.1239926E+00 4.7678379E-01
-2.4066284E-01 4.9456140E-01 -4.6991615E-01 3.7717568E-01 -1.1746150E+00 5.0000000E-01
-2.4725622E-01 4.9553403E-01 -4.7315704E-01 3.6956212E-01 -1.1858629E+00 5.0000000E-01
-2.7550112E-01 5.4015691E-01 -4.9114482E-01 3.7926548E-01 -1.3197409E+00 5.0000000E-01
-3.1749288E-01 6.0949503E-01 -5.1472135E-01 4.5239822E-01 -1.5037088E+00 5.0000000E-01
-3.2454307E-01 6.0986326E-01 -5.1776619E-01 4.3730884E-01 -1.5160180E+00 4.9570647E-01
-3.3744137E-01 6.3502707E-01 -5.1355068E-01 4.9341416E-01 -1.5747898E+00 5.0000000E-01
