-8.8102478E-01 1.7544166E-01 -1.0545249E+00 -7.0483104E-01 -1.2296165E+00 -5.4304460E-01
-8.9150989E-01 1.4992154E-01 -1.0404358E+00 -7.4343295E-01 -1.1957310E+00 -6.0518100E-01
-8.9310211E-01 1.4494473E-01 -1.0307473E+00 -7.4348758E-01 -1.1886937E+00 -6.1706571E-01
-9.4022594E-01 1.2319834E-01 -1.0563482E+00 -8.0939144E-01 -1.1899580E+00 -7.0834546E-01
-1.0511035E+00 1.5885684E-01 -1.1995683E+00 -8.8313529E-01 -1.3745595E+00 -7.5404387E-01
-1.1549039E+00 1.9468225E-01 -1.3285608E+00 -9.4408404E-01 -1.5598701E+00 -7.9614625E-01
-1.1894887E+00 2.1203564E-01 -1.3839746E+00 -9.6157162E-01 -1.6077995E+00 -7.8534145E-01
-1.1869068E+00 2.1271562E-01 -1.3857452E+00 -9.5718974E-01 -1.6015120E+00 -7.8324611E-01
-1.1672437E+00 2.2152903E-01 -1.3791048E+00 -9.3099861E-01 -1.6096290E+00 -7.5601569E-01
-1.1509479E+00 2.3681684E-01 -1.3785013E+00 -9.0164838E-01 -1.6231451E+00 -7.0513404E-01
-1.0853753E+00 2.4282140E-01 -1.3289270E+00 -8.4275616E-01 -1.5741176E+00 -6.2049938E-01
-9.5707367E-01 3.1464592E-01 -1.2718554E+00 -6.4231252E-01 -1.5840479E+00 -3.5741064E-01
-8.6078239E-01 4.1777614E-01 -1.2511692E+00 -4.2170188E-01 -1.7185137E+00 -8.1952314E-02
-8.0614224E-01 5.5959026E-01 -1.2876921E+00 -1.6332603E-01 -1.8871447E+00 2.4804024E-01
-8.0342186E-01 6.4790718E-01 -1.3305927E+00 -1.9168713E-02 -2.0310497E+00 3.8536616E-01
-8.0686084E-01 6.5212497E-01 -1.3311658E+00 -1.3223134E-02 -2.0478278E+00 3.8247725E-01
-8.3761971E-01 7.3426209E-01 -1.3258181E+00 1.3702062E-01 -2.2464003E+00 4.0288228E-01
-8.7075399E-01 8.2835433E-01 -1.3336842E+00 3.1297330E-01 -2.4256422E+00 4.8247812E-01
-8.7200155E-01 8.3008056E-01 -1.3113947E+00 3.3552182E-01 -2.4417624E+00 4.6275984E-01
-8.8105537E-01 8.5909218E-01 -1.3573375E+00 3.6052391E-01 -2.4785583E+00 5.0000000E-01
