-7.7286020E-01 1.7113587E-01 -9.4253293E-01 -6.0286969E-01 -1.1136231E+00 -4.4403305E-01
-7.9280967E-01 1.4309137E-01 -9.3374274E-01 -6.5066667E-01 -1.0784756E+00 -5.1667640E-01
-7.9493833E-01 1.3732170E-01 -9.2913492E-01 -6.5913157E-01 -1.0681774E+00 -5.2738049E-01
-8.8267140E-01 1.1629078E-01 -9.9861077E-01 -7.6719293E-01 -1.1111455E+00 -6.5490803E-01
-1.0871180E+00 1.6098823E-01 -1.2344607E+00 -9.2129647E-01 -1.4208791E+00 -7.8161394E-01
-1.2705433E+00 2.0310065E-01 -1.4450434E+00 -1.0485958E+00 -1.6775891E+00 -8.8755554E-01
-1.3291947E+00 2.2396533E-01 -1.5246181E+00 -1.0848368E+00 -1.7762669E+00 -9.0623301E-01
-1.3215711E+00 2.2522183E-01 -1.5208039E+00 -1.0745731E+00 -1.7704250E+00 -8.9446854E-01
-1.3032642E+00 2.3485432E-01 -1.5232443E+00 -1.0530536E+00 -1.7788938E+00 -8.6885891E-01
-1.2853364E+00 2.5092895E-01 -1.5357837E+00 -1.0315476E+00 -1.7860339E+00 -8.1225263E-01
-1.2192111E+00 2.4890916E-01 -1.4607358E+00 -9.7153890E-01 -1.7238819E+00 -7.4182934E-01
-1.0925472E+00 3.1234944E-01 -1.3815473E+00 -7.6883872E-01 -1.7259940E+00 -4.9685815E-01
-1.0064710E+00 4.3356317E-01 -1.4315451E+00 -5.7324319E-01 -1.8498088E+00 -1.6134527E-01
-9.6667047E-01 6.0205960E-01 -1.5077118E+00 -2.8775961E-01 -2.1363825E+00 1.7299512E-01
-9.6820419E-01 6.9805280E-01 -1.5462404E+00 -1.1940728E-01 -2.3135263E+00 3.1726493E-01
-9.7383204E-01 7.0095364E-01 -1.5478396E+00 -1.1449371E-01 -2.3243051E+00 3.1231615E-01
-9.9208520E-01 7.8377737E-01 -1.5468247E+00 4.8656419E-02 -2.4960020E+00 3.5541080E-01
-1.0077832E+00 8.7743726E-01 -1.5586353E+00 2.2554742E-01 -2.6430468E+00 4.7345333E-01
-1.0069670E+00 8.7877908E-01 -1.5456097E+00 2.4401311E-01 -2.6511930E+00 4.5506790E-01
-1.0097398E+00 9.0819579E-01 -1.5982738E+00 2.6061902E-01 -2.6818820E+00 5.0000000E-01
