-9.2562140E-01 1.7792969E-01 -1.1026908E+00 -7.4492986E-01 -1.2751019E+00 -5.8280202E-01
-9.3304907E-01 1.5090092E-01 -1.0842159E+00 -7.8146509E-01 -1.2357287E+00 -6.4762990E-01
-9.3053348E-01 1.4408309E-01 -1.0638458E+00 -7.7754462E-01 -1.2223414E+00 -6.5845970E-01
-9.7165164E-01 1.2409902E-01 -1.0856683E+00 -8.4169059E-01 -1.2268186E+00 -7.3929150E-01
-1.0896630E+00 1.6633531E-01 -1.2463873E+00 -9.1721938E-01 -1.4295571E+00 -7.7927811E-01
-1.2233337E+00 1.9970848E-01 -1.3980516E+00 -1.0083340E+00 -1.6448394E+00 -8.5819528E-01
-1.2787566E+00 2.1370966E-01 -1.4647846E+00 -1.0489353E+00 -1.7052892E+00 -8.6829437E-01
-1.2788992E+00 2.1396614E-01 -1.4681436E+00 -1.0498905E+00 -1.7030826E+00 -8.6611034E-01
-1.2610658E+00 2.2455347E-01 -1.4657830E+00 -1.0201740E+00 -1.7025823E+00 -8.2731767E-01
-1.2413726E+00 2.4160647E-01 -1.4796093E+00 -9.9702308E-01 -1.7336501E+00 -7.8854147E-01
-1.1609288E+00 2.4772342E-01 -1.4067809E+00 -9.1090686E-01 -1.6477722E+00 -6.8717884E-01
-1.0076750E+00 3.1796164E-01 -1.3173475E+00 -6.9488565E-01 -1.6521318E+00 -3.9718028E-01
-8.9691504E-01 4.2296530E-01 -1.2782700E+00 -4.5364465E-01 -1.7332608E+00 -7.2413870E-02
-8.3276144E-01 5.6447854E-01 -1.3160876E+00 -2.0397066E-01 -1.9384230E+00 2.4240318E-01
-8.2831218E-01 6.4964293E-01 -1.3552110E+00 -6.4867624E-02 -2.0845467E+00 3.7386917E-01
-8.3426538E-01 6.5241002E-01 -1.3562418E+00 -6.0368189E-02 -2.0957077E+00 3.6231127E-01
-8.6373616E-01 7.3095968E-01 -1.3660355E+00 7.7852891E-02 -2.2830868E+00 3.8208956E-01
-8.9547396E-01 8.2388004E-01 -1.4002097E+00 2.3713647E-01 -2.4401079E+00 4.8100332E-01
-8.9801996E-01 8.2551719E-01 -1.3900408E+00 2.5245040E-01 -2.4550476E+00 4.5918323E-01
-9.0751787E-01 8.5585593E-01 -1.4597488E+00 2.5718899E-01 -2.4864765E+00 5.0000000E-01
