-9.3317195E-01 1.7430995E-01 -1.1034495E+00 -7.5851633E-01 -1.2810346E+00 -5.9572872E-01
-9.3977886E-01 1.4633557E-01 -1.0835484E+00 -7.9424752E-01 -1.2329936E+00 -6.5732186E-01
-9.3996522E-01 1.3977421E-01 -1.0772118E+00 -8.0135889E-01 -1.2208793E+00 -6.7013582E-01
-9.5953486E-01 1.1988014E-01 -1.0706320E+00 -8.3463215E-01 -1.2033278E+00 -7.3158452E-01
-1.0195714E+00 1.5621616E-01 -1.1645518E+00 -8.5820600E-01 -1.3393897E+00 -7.2581772E-01
-1.0938607E+00 1.9122426E-01 -1.2641352E+00 -8.8686057E-01 -1.4754073E+00 -7.3116771E-01
-1.1324468E+00 2.0927993E-01 -1.3107827E+00 -8.9440676E-01 -1.5719860E+00 -7.5616638E-01
-1.1418712E+00 2.0964996E-01 -1.3243564E+00 -9.0564049E-01 -1.5621132E+00 -7.5119295E-01
-1.1499362E+00 2.1778714E-01 -1.3478549E+00 -9.1454816E-01 -1.6038193E+00 -7.4918409E-01
-1.1491120E+00 2.3385979E-01 -1.3658161E+00 -8.9862159E-01 -1.6277938E+00 -7.0912181E-01
-1.1310502E+00 2.3925444E-01 -1.3680119E+00 -8.9351204E-01 -1.6149932E+00 -6.7872467E-01
-1.0905417E+00 3.2175560E-01 -1.3904621E+00 -7.5350782E-01 -1.7523308E+00 -4.9089270E-01
-1.0615988E+00 4.4608501E-01 -1.4599610E+00 -5.7749435E-01 -1.9527563E+00 -2.1070520E-01
-1.0507156E+00 6.1243696E-01 -1.5802810E+00 -3.4806656E-01 -2.2663135E+00 9.0656002E-02
-1.0548147E+00 7.1255444E-01 -1.6515587E+00 -1.9866254E-01 -2.4613750E+00 2.4595514E-01
-1.0569706E+00 7.1651033E-01 -1.6488730E+00 -1.8712430E-01 -2.4690857E+00 2.4436210E-01
-1.0748450E+00 8.0634812E-01 -1.6871925E+00 -2.1245424E-02 -2.6173518E+00 3.2754609E-01
-1.0927409E+00 9.0379803E-01 -1.7421608E+00 1.5589277E-01 -2.7493393E+00 4.5837128E-01
-1.0920821E+00 9.0444522E-01 -1.7677156E+00 1.3614970E-01 -2.7520970E+00 4.3996707E-01
-1.0948066E+00 9.3452031E-01 -1.7908659E+00 1.8482786E-01 -2.7715345E+00 5.0000000E-01
