-1.1334024E+00 1.7234173E-01 -1.3037364E+00 -9.6209604E-01 -1.4798557E+00 -8.0236793E-01
-1.1298385E+00 1.4591099E-01 -1.2743361E+00 -9.8486112E-01 -1.4236727E+00 -8.5022985E-01
-1.1316270E+00 1.3959314E-01 -1.2700956E+00 -9.9270703E-01 -1.4112296E+00 -8.6471554E-01
-1.1160506E+00 1.1973010E-01 -1.2337368E+00 -9.9759884E-01 -1.3555939E+00 -8.8648044E-01
-1.0593863E+00 1.5900263E-01 -1.2162053E+00 -9.0148955E-01 -1.3793452E+00 -7.5305705E-01
-9.8506850E-01 1.8399289E-01 -1.1470195E+00 -7.8446719E-01 -1.3510549E+00 -6.3508879E-01
-9.5132238E-01 1.9503339E-01 -1.1201774E+00 -7.3624929E-01 -1.3422189E+00 -5.8506177E-01
-9.4454970E-01 1.9633165E-01 -1.1159626E+00 -7.2976920E-01 -1.3400399E+00 -5.7566236E-01
-9.4701405E-01 2.0901989E-01 -1.1299306E+00 -7.1909357E-01 -1.3881162E+00 -5.6780940E-01
-9.4994415E-01 2.2790640E-01 -1.1517471E+00 -7.0145785E-01 -1.4065695E+00 -5.1614966E-01
-1.0081755E+00 2.3542180E-01 -1.2260362E+00 -7.5960493E-01 -1.4903349E+00 -5.6828785E-01
-1.1604679E+00 3.2696128E-01 -1.4652868E+00 -8.2299136E-01 -1.8295125E+00 -5.4329010E-01
-1.3206961E+00 4.7247895E-01 -1.7917488E+00 -8.4705238E-01 -2.2680720E+00 -4.1533215E-01
-1.4754344E+00 6.5647379E-01 -2.1485584E+00 -7.9338180E-01 -2.7343145E+00 -1.9711293E-01
-1.5453177E+00 7.5833489E-01 -2.3839891E+00 -7.9144314E-01 -2.9528742E+00 -6.9598688E-02
-1.5459118E+00 7.5977026E-01 -2.3911973E+00 -7.9100725E-01 -2.9458117E+00 -6.6395482E-02
-1.5986620E+00 8.4677532E-01 -2.6245225E+00 -7.9334479E-01 -3.1052080E+00 -1.3255336E-02
-1.6360762E+00 9.4110968E-01 -2.8145402E+00 -7.5429711E-01 -3.3058223E+00 9.2270661E-02
-1.6358756E+00 9.4393576E-01 -2.8091184E+00 -7.4461600E-01 -3.3227739E+00 8.2883835E-02
-1.6457579E+00 9.7552959E-01 -2.8601675E+00 -7.2369679E-01 -3.5000000E+00 5.0000000E-01
