-1.3788455E+00 1.8230925E-01 -1.5599091E+00 -1.1964041E+00 -1.7403338E+00 -1.0243388E+00
-1.3536912E+00 1.5691918E-01 -1.5091507E+00 -1.1971171E+00 -1.6686862E+00 -1.0537518E+00
-1.3465770E+00 1.5068574E-01 -1.4941226E+00 -1.1960315E+00 -1.6527068E+00 -1.0614104E+00
-1.2723401E+00 1.3384872E-01 -1.3916926E+00 -1.1300388E+00 -1.5382860E+00 -1.0155929E+00
-1.1166967E+00 1.7122184E-01 -1.2722151E+00 -9.3327223E-01 -1.4572782E+00 -7.9160305E-01
-9.8563053E-01 2.0062279E-01 -1.1589033E+00 -7.6718292E-01 -1.3882415E+00 -6.0457443E-01
-9.4246423E-01 2.1226278E-01 -1.1222065E+00 -7.0610354E-01 -1.3927900E+00 -5.6062561E-01
-9.4266343E-01 2.1013706E-01 -1.1218144E+00 -7.0965344E-01 -1.3677628E+00 -5.4909666E-01
-9.2404391E-01 2.1434010E-01 -1.1162840E+00 -6.9008403E-01 -1.3489584E+00 -5.1823426E-01
-9.1668581E-01 2.2823727E-01 -1.1277432E+00 -6.7020064E-01 -1.3826932E+00 -4.9601031E-01
-8.9152163E-01 2.3183539E-01 -1.1209919E+00 -6.5867898E-01 -1.3544106E+00 -4.4393030E-01
-8.5731144E-01 3.2022574E-01 -1.1588547E+00 -5.3025699E-01 -1.5119758E+00 -2.4675020E-01
-8.5766994E-01 4.5161403E-01 -1.2473129E+00 -3.8332974E-01 -1.7906498E+00 1.5310697E-02
-8.9710806E-01 6.1638401E-01 -1.3950158E+00 -2.2302167E-01 -2.1561554E+00 2.8083378E-01
-9.3518658E-01 7.1191295E-01 -1.4875927E+00 -1.1635251E-01 -2.3416627E+00 3.8987782E-01
-9.3874088E-01 7.1607788E-01 -1.4881878E+00 -1.0641435E-01 -2.3495376E+00 3.8152551E-01
-9.8895534E-01 8.0423697E-01 -1.5227605E+00 5.6685767E-02 -2.5777415E+00 3.7961538E-01
-1.0335966E+00 9.0144955E-01 -1.5824316E+00 2.2196690E-01 -2.7595256E+00 4.7234337E-01
-1.0367130E+00 9.0306924E-01 -1.5782491E+00 2.3068765E-01 -2.7759590E+00 4.5483891E-01
-1.0473220E+00 9.3309243E-01 -1.6534864E+00 2.2973421E-01 -2.8070778E+00 5.0000000E-01
