-1.0483329E+00 1.7184948E-01 -1.2208546E+00 -8.7667212E-01 -1.3883812E+00 -7.1504477E-01
-1.0448584E+00 1.4596100E-01 -1.1896688E+00 -8.9915376E-01 -1.3371906E+00 -7.6375176E-01
-1.0428498E+00 1.4114998E-01 -1.1826737E+00 -9.0198482E-01 -1.3261930E+00 -7.7295243E-01
-1.0300703E+00 1.2185960E-01 -1.1428596E+00 -9.0419913E-01 -1.2799980E+00 -7.9901318E-01
-1.0066071E+00 1.5878639E-01 -1.1564813E+00 -8.4131425E-01 -1.3310440E+00 -7.0819529E-01
-9.9385292E-01 1.9403061E-01 -1.1687127E+00 -7.8574765E-01 -1.3985652E+00 -6.3799408E-01
-9.9313432E-01 2.0947023E-01 -1.1726387E+00 -7.6104085E-01 -1.4395361E+00 -6.1869520E-01
-9.9545094E-01 2.0885216E-01 -1.1733442E+00 -7.6156170E-01 -1.4216539E+00 -6.0850950E-01
-9.9950059E-01 2.1511198E-01 -1.1908418E+00 -7.6179392E-01 -1.4293657E+00 -5.9489972E-01
-9.9939620E-01 2.3073938E-01 -1.2118481E+00 -7.5026937E-01 -1.4770989E+00 -5.7419563E-01
-1.0141747E+00 2.3476698E-01 -1.2482314E+00 -7.8002469E-01 -1.4863148E+00 -5.6887190E-01
-1.0585934E+00 3.2811257E-01 -1.3670937E+00 -7.2175019E-01 -1.7244915E+00 -4.3527379E-01
-1.1151212E+00 4.7758603E-01 -1.5541841E+00 -6.0300731E-01 -2.1027523E+00 -2.3012234E-01
-1.1826858E+00 6.6572291E-01 -1.7655711E+00 -4.0587517E-01 -2.4959174E+00 4.3379097E-02
-1.2203345E+00 7.7234007E-01 -1.8903223E+00 -2.7888895E-01 -2.7223168E+00 1.6500424E-01
-1.2215619E+00 7.7514315E-01 -1.8957450E+00 -2.7632760E-01 -2.7290481E+00 1.6538317E-01
-1.2557448E+00 8.6651718E-01 -1.9476587E+00 -9.8276356E-02 -2.8955877E+00 2.3837424E-01
-1.2822725E+00 9.6447472E-01 -2.0182795E+00 6.6433850E-02 -3.0726855E+00 3.8432929E-01
-1.2827425E+00 9.6467749E-01 -2.0125149E+00 7.0323171E-02 -3.0667506E+00 3.8058718E-01
-1.2899846E+00 9.9302835E-01 -2.0730634E+00 7.0881080E-02 -3.5000000E+00 5.0000000E-01
