-1.0865725E+00 1.6243395E-01 -1.2462693E+00 -9.2350381E-01 -1.4023336E+00 -7.6618886E-01
-1.0712741E+00 1.3529548E-01 -1.2035047E+00 -9.3644553E-01 -1.3389839E+00 -8.0835670E-01
-1.0677755E+00 1.2951082E-01 -1.1948093E+00 -9.3923674E-01 -1.3254132E+00 -8.1830616E-01
-1.0082942E+00 1.0951435E-01 -1.1153586E+00 -8.9973456E-01 -1.2287803E+00 -7.9532707E-01
-8.7510378E-01 1.4102639E-01 -1.0144651E+00 -7.3759010E-01 -1.1565851E+00 -5.9803952E-01
-7.6843065E-01 1.5388326E-01 -9.0885413E-01 -6.0870880E-01 -1.0892793E+00 -4.7912730E-01
-7.4806399E-01 1.5977281E-01 -8.8824583E-01 -5.7895166E-01 -1.0814896E+00 -4.5474095E-01
-7.6129541E-01 1.5958176E-01 -9.0308329E-01 -5.9374781E-01 -1.0761892E+00 -4.5437193E-01
-8.2136631E-01 1.7344787E-01 -9.7287543E-01 -6.3593041E-01 -1.1704445E+00 -4.8856437E-01
-8.5698741E-01 1.9391807E-01 -1.0304410E+00 -6.5100784E-01 -1.2628253E+00 -4.9484707E-01
-1.0521681E+00 2.1951542E-01 -1.2543955E+00 -8.2280571E-01 -1.5049413E+00 -6.3897685E-01
-1.4957811E+00 3.1458511E-01 -1.7895230E+00 -1.1740508E+00 -2.1443248E+00 -8.8794089E-01
-1.9191839E+00 4.0563783E-01 -2.3227789E+00 -1.5170477E+00 -2.7152422E+00 -1.1179495E+00
-2.2905812E+00 5.0047324E-01 -2.8477630E+00 -1.8390959E+00 -3.2328979E+00 -1.3283519E+00
-2.4314631E+00 5.5571788E-01 -3.1048396E+00 -1.9960197E+00 -3.4432535E+00 -1.3958025E+00
-2.4279855E+00 5.5648699E-01 -3.1107223E+00 -2.0032465E+00 -3.4282812E+00 -1.3802580E+00
-2.4861839E+00 6.1250670E-01 -3.2740504E+00 -2.1391250E+00 -3.4826231E+00 -1.3081557E+00
-2.5096218E+00 6.9312141E-01 -3.4245333E+00 -2.2205391E+00 -3.5000000E+00 -1.1565953E+00
-2.5037941E+00 6.9511566E-01 -3.4168424E+00 -2.2253853E+00 -3.4887530E+00 -1.1371675E+00
-2.5074990E+00 7.2209451E-01 -3.4998549E+00 -2.2662495E+00 -3.5000000E+00 -1.0941547E+00
