-1.0736970E+00 1.7142067E-01 -1.2396689E+00 -9.0372725E-01 -1.4269084E+00 -7.5123218E-01
-1.0515024E+00 1.4519083E-01 -1.1852210E+00 -8.9994804E-01 -1.3530743E+00 -7.8246216E-01
-1.0387657E+00 1.3965346E-01 -1.1666928E+00 -8.9128273E-01 -1.3280241E+00 -7.7986752E-01
-9.8007702E-01 1.2212012E-01 -1.1001076E+00 -8.5808142E-01 -1.2293228E+00 -7.4867398E-01
-8.9719727E-01 1.5558682E-01 -1.0421825E+00 -7.3508156E-01 -1.2121509E+00 -6.0263865E-01
-8.7342351E-01 1.8073592E-01 -1.0300271E+00 -6.7976494E-01 -1.2365902E+00 -5.3095589E-01
-8.8964712E-01 1.9380729E-01 -1.0549339E+00 -6.8032383E-01 -1.2745965E+00 -5.2311345E-01
-9.0495427E-01 1.9442573E-01 -1.0689724E+00 -6.9410301E-01 -1.2920533E+00 -5.3444892E-01
-9.3532692E-01 2.0331355E-01 -1.1119512E+00 -7.1880863E-01 -1.3384681E+00 -5.4468200E-01
-9.5010775E-01 2.1864987E-01 -1.1419915E+00 -7.1273759E-01 -1.3839766E+00 -5.3600816E-01
-1.0153637E+00 2.3052873E-01 -1.2285563E+00 -7.7061724E-01 -1.4875711E+00 -5.8949682E-01
-1.1581591E+00 3.2704765E-01 -1.4800392E+00 -8.3404981E-01 -1.8281638E+00 -5.3471598E-01
-1.2922765E+00 4.6286880E-01 -1.7163340E+00 -8.0573990E-01 -2.2517741E+00 -4.1973392E-01
-1.4132962E+00 6.4277478E-01 -2.0104706E+00 -7.1459223E-01 -2.7346822E+00 -2.1395438E-01
-1.4643165E+00 7.4631601E-01 -2.1738080E+00 -6.2773461E-01 -2.9524694E+00 -9.2883367E-02
-1.4637098E+00 7.5010374E-01 -2.1808575E+00 -6.2268120E-01 -2.9535769E+00 -8.6822312E-02
-1.4943068E+00 8.3904289E-01 -2.3246805E+00 -5.1735098E-01 -3.0896092E+00 5.1349923E-03
-1.5137675E+00 9.3637952E-01 -2.4716340E+00 -4.1171188E-01 -3.2790158E+00 1.3523780E-01
-1.5131150E+00 9.3718312E-01 -2.4730791E+00 -4.0973017E-01 -3.2845394E+00 1.2451372E-01
-1.5179418E+00 9.6609823E-01 -2.5122539E+00 -3.8223879E-01 -3.5000000E+00 5.0000000E-01
