-1.0055351E+00 1.6650684E-01 -1.1746183E+00 -8.4119876E-01 -1.3352689E+00 -6.8570972E-01
-1.0052109E+00 1.3976098E-01 -1.1456565E+00 -8.6692946E-01 -1.2854322E+00 -7.3962989E-01
-1.0064922E+00 1.3235463E-01 -1.1384126E+00 -8.7496763E-01 -1.2708809E+00 -7.5584489E-01
-1.0042085E+00 1.1263864E-01 -1.1138415E+00 -8.9385450E-01 -1.2325378E+00 -7.8472808E-01
-9.8939087E-01 1.5076210E-01 -1.1300860E+00 -8.3350292E-01 -1.2946747E+00 -7.0016672E-01
-9.6555821E-01 1.7504044E-01 -1.1214117E+00 -7.7828926E-01 -1.3262922E+00 -6.3903192E-01
-9.5362018E-01 1.8542521E-01 -1.1199013E+00 -7.5760105E-01 -1.3262967E+00 -6.0024398E-01
-9.5123103E-01 1.8421367E-01 -1.1114355E+00 -7.5337738E-01 -1.3235698E+00 -6.0134124E-01
-9.6587118E-01 1.9313155E-01 -1.1414365E+00 -7.6224030E-01 -1.3522030E+00 -5.9619988E-01
-9.7232103E-01 2.1030270E-01 -1.1678101E+00 -7.5358900E-01 -1.4030440E+00 -5.7794249E-01
-1.0483352E+00 2.2397100E-01 -1.2708406E+00 -8.2868589E-01 -1.4970428E+00 -6.1503004E-01
-1.2437401E+00 3.2042190E-01 -1.5650291E+00 -9.2181085E-01 -1.8873587E+00 -6.3589467E-01
-1.4519662E+00 4.4750552E-01 -1.8977069E+00 -9.9730122E-01 -2.3544958E+00 -6.0051174E-01
-1.6607335E+00 6.0398528E-01 -2.2789083E+00 -1.0430217E+00 -2.8242052E+00 -4.9380993E-01
-1.7555307E+00 6.9274668E-01 -2.5124951E+00 -1.0685777E+00 -3.0319175E+00 -4.0766595E-01
-1.7570243E+00 6.9462085E-01 -2.5212602E+00 -1.0716569E+00 -3.0299478E+00 -4.0233938E-01
-1.8137692E+00 7.7188677E-01 -2.7352186E+00 -1.0956621E+00 -3.2092049E+00 -3.6058377E-01
-1.8480368E+00 8.6732782E-01 -2.9361294E+00 -1.0815208E+00 -3.3993998E+00 -2.5749685E-01
-1.8468868E+00 8.7089011E-01 -2.9446063E+00 -1.0842623E+00 -3.3927167E+00 -2.5124630E-01
-1.8535949E+00 9.0272756E-01 -2.9944626E+00 -1.0668976E+00 -3.5000000E+00 -2.6182674E-01
