-1.2474002E+00 1.7526930E-01 -1.4230833E+00 -1.0737514E+00 -1.5983007E+00 -9.1070957E-01
-1.2270110E+00 1.4871083E-01 -1.3676047E+00 -1.0728653E+00 -1.5272374E+00 -9.4216938E-01
-1.2230791E+00 1.4150013E-01 -1.3561199E+00 -1.0781663E+00 -1.5111998E+00 -9.5167176E-01
-1.1418929E+00 1.2306971E-01 -1.2542455E+00 -1.0141455E+00 -1.3968287E+00 -9.0946716E-01
-9.6647346E-01 1.5604383E-01 -1.1189407E+00 -8.1090752E-01 -1.2828036E+00 -6.7411486E-01
-8.1751863E-01 1.7769174E-01 -9.7696288E-01 -6.2817439E-01 -1.1701364E+00 -4.7718051E-01
-7.7125783E-01 1.8806227E-01 -9.3085830E-01 -5.6621521E-01 -1.1530300E+00 -4.1675214E-01
-7.7498215E-01 1.8744030E-01 -9.3080747E-01 -5.6637667E-01 -1.1568871E+00 -4.2486562E-01
-7.9166800E-01 1.9558226E-01 -9.6109681E-01 -5.7650117E-01 -1.2005647E+00 -4.3843302E-01
-8.0446723E-01 2.1413913E-01 -9.9850553E-01 -5.7253162E-01 -1.2410372E+00 -4.0722321E-01
-8.9384076E-01 2.2615061E-01 -1.1214787E+00 -6.6806531E-01 -1.3382609E+00 -4.5826275E-01
-1.1084824E+00 3.2219384E-01 -1.4236092E+00 -7.9124806E-01 -1.7726360E+00 -4.9741608E-01
-1.3276889E+00 4.6076936E-01 -1.7647886E+00 -8.4040360E-01 -2.2571566E+00 -4.5863113E-01
-1.5405044E+00 6.4070137E-01 -2.2081495E+00 -8.8435600E-01 -2.7778244E+00 -3.0374598E-01
-1.6357016E+00 7.4326428E-01 -2.4204209E+00 -8.5803037E-01 -3.0260809E+00 -1.9546086E-01
-1.6383575E+00 7.4713151E-01 -2.4284831E+00 -8.5610606E-01 -3.0246757E+00 -1.8003920E-01
-1.7016320E+00 8.3203235E-01 -2.7004955E+00 -9.1688903E-01 -3.2044567E+00 -1.3955862E-01
-1.7399816E+00 9.2284189E-01 -2.9228354E+00 -9.2060987E-01 -3.3887623E+00 -5.8308333E-02
-1.7358198E+00 9.2402213E-01 -2.9227954E+00 -9.1946842E-01 -3.3820921E+00 -5.9307793E-02
-1.7417049E+00 9.5241446E-01 -2.9700800E+00 -8.9961783E-01 -3.5000000E+00 -8.2219812E-02
