-1.0927479E+00 1.6682230E-01 -1.2593553E+00 -9.2877400E-01 -1.4190087E+00 -7.6547663E-01
-1.0799253E+00 1.4038100E-01 -1.2185293E+00 -9.4139996E-01 -1.3590436E+00 -8.0553292E-01
-1.0778464E+00 1.3442731E-01 -1.2093200E+00 -9.4374515E-01 -1.3467178E+00 -8.1803335E-01
-1.0242446E+00 1.1689304E-01 -1.1369963E+00 -9.1002395E-01 -1.2621877E+00 -7.9972026E-01
-9.1061349E-01 1.5503074E-01 -1.0540478E+00 -7.4671179E-01 -1.2255105E+00 -6.2186049E-01
-8.2601133E-01 1.7784638E-01 -9.8888945E-01 -6.3895368E-01 -1.1713225E+00 -4.8059670E-01
-8.1323285E-01 1.8721201E-01 -9.7553077E-01 -6.1147920E-01 -1.1910469E+00 -4.5643972E-01
-8.2841425E-01 1.8631600E-01 -9.8261491E-01 -6.2459568E-01 -1.2106854E+00 -4.7454100E-01
-8.7073936E-01 1.9666291E-01 -1.0370540E+00 -6.5447305E-01 -1.2942628E+00 -5.1707468E-01
-8.9374817E-01 2.1636367E-01 -1.0834976E+00 -6.5865927E-01 -1.3482701E+00 -4.9523726E-01
-1.0078817E+00 2.2715766E-01 -1.2364232E+00 -7.8131366E-01 -1.4586297E+00 -5.7303805E-01
-1.2619725E+00 3.2148288E-01 -1.5635460E+00 -9.2331514E-01 -1.9121669E+00 -6.5635139E-01
-1.5007393E+00 4.6373289E-01 -1.9658611E+00 -1.0394206E+00 -2.4271325E+00 -5.9927727E-01
-1.7074025E+00 6.4448338E-01 -2.4001992E+00 -1.0833831E+00 -2.9170801E+00 -4.0926969E-01
-1.7849761E+00 7.4441020E-01 -2.6500040E+00 -1.1046811E+00 -3.1646187E+00 -3.2401877E-01
-1.7825138E+00 7.4793500E-01 -2.6609645E+00 -1.1078098E+00 -3.1608584E+00 -3.1476984E-01
-1.8160281E+00 8.3240459E-01 -2.8929100E+00 -1.1420192E+00 -3.2641257E+00 -2.1138927E-01
-1.8313784E+00 9.2227822E-01 -3.0802148E+00 -1.1202237E+00 -3.4351533E+00 -1.2097111E-01
-1.8299395E+00 9.2179743E-01 -3.0695235E+00 -1.1131725E+00 -3.4277681E+00 -1.2144831E-01
-1.8338259E+00 9.4913267E-01 -3.0997548E+00 -1.0825019E+00 -3.5000000E+00 -1.2628704E-01
