-6.6649756E-01 1.7060754E-01 -8.3518829E-01 -4.9749547E-01 -1.0060580E+00 -3.3342922E-01
-6.7808261E-01 1.4162665E-01 -8.1911941E-01 -5.3783814E-01 -9.5965585E-01 -4.0382338E-01
-6.7461302E-01 1.3490344E-01 -8.0885173E-01 -5.4018124E-01 -9.4250924E-01 -4.1379804E-01
-7.3603454E-01 1.1270527E-01 -8.4897858E-01 -6.2426465E-01 -9.6037456E-01 -5.2054524E-01
-9.1477214E-01 1.5048413E-01 -1.0675761E+00 -7.6421721E-01 -1.2133668E+00 -6.2943414E-01
-1.1224679E+00 1.8828356E-01 -1.2865526E+00 -9.1538138E-01 -1.5179055E+00 -7.8047411E-01
-1.2210790E+00 2.0877903E-01 -1.4007857E+00 -9.9051816E-01 -1.6463971E+00 -8.3116273E-01
-1.2417483E+00 2.1162575E-01 -1.4259249E+00 -1.0079749E+00 -1.6662088E+00 -8.4702870E-01
-1.2862664E+00 2.2300546E-01 -1.4864081E+00 -1.0424142E+00 -1.7456095E+00 -8.8282603E-01
-1.3033155E+00 2.4055349E-01 -1.5236708E+00 -1.0441607E+00 -1.7930693E+00 -8.6087630E-01
-1.3287229E+00 2.4271265E-01 -1.5570550E+00 -1.0727174E+00 -1.8206543E+00 -8.6738801E-01
-1.3408936E+00 3.2497451E-01 -1.6424723E+00 -1.0011980E+00 -1.9984316E+00 -7.2680871E-01
-1.3146657E+00 4.6877885E-01 -1.7419908E+00 -8.1913016E-01 -2.2891972E+00 -4.4980856E-01
-1.2644479E+00 6.5520536E-01 -1.8341564E+00 -5.0804948E-01 -2.5570246E+00 -4.1670990E-02
-1.2381609E+00 7.5865833E-01 -1.8799705E+00 -3.2560860E-01 -2.7327791E+00 1.3948641E-01
-1.2375667E+00 7.6114006E-01 -1.8760044E+00 -3.1777091E-01 -2.7379340E+00 1.4077731E-01
-1.2271934E+00 8.4575645E-01 -1.8742251E+00 -1.1588210E-01 -2.8700599E+00 2.3604477E-01
-1.2226787E+00 9.3560693E-01 -1.9576168E+00 2.2275317E-02 -2.9844242E+00 4.0413208E-01
-1.2240544E+00 9.3580041E-01 -1.9789865E+00 3.2009557E-03 -2.9753326E+00 4.0344292E-01
-1.2219665E+00 9.6311365E-01 -2.0081161E+00 4.3354094E-02 -2.9607558E+00 5.0000000E-01
