-9.4958722E-01 1.6605961E-01 -1.1150836E+00 -7.8522445E-01 -1.2714299E+00 -6.2016452E-01
-9.4612007E-01 1.3809427E-01 -1.0830244E+00 -8.0818313E-01 -1.2149778E+00 -6.7290826E-01
-9.4443255E-01 1.3209946E-01 -1.0752929E+00 -8.1208724E-01 -1.2040820E+00 -6.8356432E-01
-9.3745789E-01 1.1380658E-01 -1.0505022E+00 -8.2282630E-01 -1.1612305E+00 -7.1776955E-01
-9.3808964E-01 1.4976681E-01 -1.0866070E+00 -7.8846298E-01 -1.2379466E+00 -6.5157512E-01
-9.6373037E-01 1.8043203E-01 -1.1252115E+00 -7.6599207E-01 -1.3211155E+00 -6.2231303E-01
-9.9090491E-01 1.9752859E-01 -1.1578343E+00 -7.7158598E-01 -1.3920363E+00 -6.2351532E-01
-1.0066317E+00 1.9830801E-01 -1.1768288E+00 -7.8892185E-01 -1.4101213E+00 -6.3498350E-01
-1.0468814E+00 2.0786667E-01 -1.2322127E+00 -8.1992340E-01 -1.4793574E+00 -6.6876146E-01
-1.0657747E+00 2.2498543E-01 -1.2674043E+00 -8.1943813E-01 -1.5290113E+00 -6.5429547E-01
-1.1404745E+00 2.3430429E-01 -1.3588382E+00 -8.9126424E-01 -1.6108984E+00 -7.0162694E-01
-1.2916617E+00 3.3579481E-01 -1.6220995E+00 -9.5776880E-01 -1.9710628E+00 -6.4627766E-01
-1.4190700E+00 4.8096568E-01 -1.8825562E+00 -9.1191219E-01 -2.3942851E+00 -5.1815713E-01
-1.5189488E+00 6.5935961E-01 -2.1703627E+00 -7.9201167E-01 -2.8185033E+00 -3.1607334E-01
-1.5536570E+00 7.5825668E-01 -2.3559700E+00 -7.3746571E-01 -2.9958813E+00 -1.6230204E-01
-1.5510303E+00 7.6089408E-01 -2.3581606E+00 -7.2964754E-01 -2.9915435E+00 -1.5134360E-01
-1.5656732E+00 8.4478744E-01 -2.4941656E+00 -6.3735667E-01 -3.0857056E+00 -7.8371397E-03
-1.5710874E+00 9.3782981E-01 -2.6180034E+00 -5.4220895E-01 -3.2824691E+00 1.1783968E-01
-1.5701236E+00 9.3989213E-01 -2.6231900E+00 -5.3928981E-01 -3.2900791E+00 1.0900521E-01
-1.5710641E+00 9.7005235E-01 -2.6553119E+00 -5.0846551E-01 -3.5000000E+00 5.0000000E-01
