-8.6046820E-01 1.8109355E-01 -1.0415039E+00 -6.8094453E-01 -1.2159543E+00 -5.1279693E-01
-8.9725548E-01 1.5374449E-01 -1.0516107E+00 -7.4267150E-01 -1.1973857E+00 -6.0457766E-01
-9.1073637E-01 1.4795980E-01 -1.0596661E+00 -7.6220335E-01 -1.2033967E+00 -6.3064529E-01
-1.0221151E+00 1.2858818E-01 -1.1433347E+00 -8.8848115E-01 -1.2821384E+00 -7.7834125E-01
-1.2213930E+00 1.6738949E-01 -1.3790458E+00 -1.0504366E+00 -1.5619288E+00 -9.0245912E-01
-1.3385704E+00 2.0031234E-01 -1.5270991E+00 -1.1310195E+00 -1.7449521E+00 -9.5859935E-01
-1.3395587E+00 2.1731744E-01 -1.5552228E+00 -1.1200502E+00 -1.7787312E+00 -9.3146293E-01
-1.3066307E+00 2.1714154E-01 -1.5152302E+00 -1.0793248E+00 -1.7446009E+00 -8.9823714E-01
-1.2326839E+00 2.2494970E-01 -1.4581568E+00 -1.0072545E+00 -1.6836759E+00 -8.0220927E-01
-1.1875089E+00 2.4003936E-01 -1.4288656E+00 -9.4673580E-01 -1.6604501E+00 -7.2652104E-01
-1.0382771E+00 2.4195759E-01 -1.2810215E+00 -7.9789150E-01 -1.5168837E+00 -5.6775587E-01
-7.6845301E-01 3.0003890E-01 -1.0680060E+00 -4.7048438E-01 -1.3615345E+00 -1.8761299E-01
-5.8214200E-01 3.8757218E-01 -9.3217626E-01 -1.5419871E-01 -1.3445302E+00 1.4792454E-01
-4.8546430E-01 5.0803791E-01 -8.4870728E-01 1.5352077E-01 -1.4688185E+00 4.1130886E-01
-4.8475698E-01 5.8277254E-01 -8.4278420E-01 2.7212567E-01 -1.5754159E+00 5.0000000E-01
-4.9358843E-01 5.8508333E-01 -8.4579825E-01 2.6781515E-01 -1.5924980E+00 5.0000000E-01
-5.5098945E-01 6.5761399E-01 -8.7720187E-01 3.1292758E-01 -1.8397221E+00 4.8892938E-01
-6.1058341E-01 7.4739013E-01 -9.2751141E-01 3.9991679E-01 -2.0551494E+00 5.0000000E-01
-6.1327188E-01 7.4745720E-01 -9.1504090E-01 4.0538222E-01 -2.0662341E+00 4.8954082E-01
-6.2877365E-01 7.7598712E-01 -9.1498581E-01 4.7343352E-01 -2.1236683E+00 5.0000000E-01
