-7.0941371E-01 1.7152558E-01 -8.7813920E-01 -5.3896348E-01 -1.0449204E+00 -3.6999622E-01
-7.3220946E-01 1.4475995E-01 -8.7408156E-01 -5.9098919E-01 -1.0180312E+00 -4.4346160E-01
-7.3600202E-01 1.3998523E-01 -8.7291538E-01 -6.0021342E-01 -1.0116569E+00 -4.5478214E-01
-8.2924159E-01 1.2189170E-01 -9.5015793E-01 -7.0804805E-01 -1.0723198E+00 -5.9521282E-01
-1.0418106E+00 1.6061502E-01 -1.1876764E+00 -8.7391262E-01 -1.3755960E+00 -7.3968525E-01
-1.2315299E+00 2.0000659E-01 -1.4070235E+00 -1.0140949E+00 -1.6334371E+00 -8.5248458E-01
-1.2960750E+00 2.2144453E-01 -1.4944586E+00 -1.0532059E+00 -1.7293425E+00 -8.7475448E-01
-1.2984217E+00 2.2356874E-01 -1.5030496E+00 -1.0557513E+00 -1.7331780E+00 -8.6975292E-01
-1.2992729E+00 2.3465157E-01 -1.5229023E+00 -1.0531325E+00 -1.7759040E+00 -8.6385165E-01
-1.2901066E+00 2.5022361E-01 -1.5303965E+00 -1.0294247E+00 -1.7948607E+00 -8.1905562E-01
-1.2391186E+00 2.5020356E-01 -1.4759964E+00 -9.7805482E-01 -1.7458655E+00 -7.6435731E-01
-1.1233585E+00 3.1954704E-01 -1.4218860E+00 -7.9359968E-01 -1.7705050E+00 -5.1395900E-01
-1.0197315E+00 4.4471391E-01 -1.4266501E+00 -5.4941075E-01 -1.9400314E+00 -1.9187241E-01
-9.3773653E-01 6.1289320E-01 -1.4524907E+00 -2.2623843E-01 -2.1354099E+00 2.0032767E-01
-9.1325217E-01 7.0867080E-01 -1.4662279E+00 -4.9586828E-02 -2.2869052E+00 3.6901917E-01
-9.1588248E-01 7.1104056E-01 -1.4673702E+00 -4.6166172E-02 -2.2975732E+00 3.6394201E-01
-9.2340009E-01 7.9251286E-01 -1.4333681E+00 1.3225192E-01 -2.4757103E+00 3.8835343E-01
-9.3678216E-01 8.8549827E-01 -1.4405420E+00 2.9697108E-01 -2.6084216E+00 5.0000000E-01
-9.3877230E-01 8.8600652E-01 -1.4147749E+00 3.1555524E-01 -2.6412497E+00 4.6149565E-01
-9.4488230E-01 9.1521144E-01 -1.4589258E+00 3.4554432E-01 -2.6718952E+00 5.0000000E-01
