-8.6765018E-01 1.7629991E-01 -1.0446017E+00 -6.9180179E-01 -1.2109962E+00 -5.2241047E-01
-8.8279589E-01 1.4994774E-01 -1.0316900E+00 -7.3331517E-01 -1.1762178E+00 -5.9110210E-01
-8.7994148E-01 1.4433127E-01 -1.0230319E+00 -7.3599560E-01 -1.1635682E+00 -6.0049758E-01
-9.5663357E-01 1.2526878E-01 -1.0746623E+00 -8.2608587E-01 -1.2081019E+00 -7.2105077E-01
-1.1568911E+00 1.6416056E-01 -1.3125478E+00 -9.8584546E-01 -1.4873889E+00 -8.4465777E-01
-1.3600558E+00 1.9758655E-01 -1.5374465E+00 -1.1454083E+00 -1.7658483E+00 -9.9466409E-01
-1.4334246E+00 2.1376976E-01 -1.6320661E+00 -1.2061326E+00 -1.8684682E+00 -1.0347069E+00
-1.4321641E+00 2.1278161E-01 -1.6448395E+00 -1.2212412E+00 -1.8587124E+00 -1.0287511E+00
-1.3987672E+00 2.1956243E-01 -1.6136083E+00 -1.1848456E+00 -1.8485482E+00 -9.7697982E-01
-1.3711077E+00 2.3438708E-01 -1.5990642E+00 -1.1398869E+00 -1.8492726E+00 -9.2520074E-01
-1.2236973E+00 2.4559406E-01 -1.4655428E+00 -9.7919577E-01 -1.7235043E+00 -7.6058152E-01
-9.0222695E-01 3.1545346E-01 -1.1929746E+00 -5.6562258E-01 -1.5474438E+00 -3.1824486E-01
-6.2740402E-01 3.8898033E-01 -9.5029840E-01 -1.8607360E-01 -1.4148500E+00 9.7060390E-02
-4.2726725E-01 4.7844543E-01 -7.5255393E-01 1.6965690E-01 -1.3654934E+00 4.1184437E-01
-3.7606239E-01 5.3385871E-01 -6.7968260E-01 3.3284728E-01 -1.3865162E+00 5.0000000E-01
-3.8432728E-01 5.3362135E-01 -6.7249167E-01 3.3655013E-01 -1.3998481E+00 4.9380009E-01
-4.0822990E-01 5.8261803E-01 -6.9267978E-01 3.4624323E-01 -1.5338672E+00 5.0000000E-01
-4.4534710E-01 6.5859191E-01 -7.1581439E-01 4.2427133E-01 -1.7148289E+00 5.0000000E-01
-4.4887221E-01 6.6072189E-01 -7.0878831E-01 4.2370148E-01 -1.7311809E+00 4.9216081E-01
-4.5760107E-01 6.8873754E-01 -6.8915204E-01 5.0000000E-01 -1.7824714E+00 5.0000000E-01
