-9.7971440E-01 1.6160524E-01 -1.1384341E+00 -8.2117576E-01 -1.3072413E+00 -6.6810307E-01
-9.7548931E-01 1.3497949E-01 -1.1032677E+00 -8.3778697E-01 -1.2457677E+00 -7.1316388E-01
-9.7689947E-01 1.2907218E-01 -1.1050275E+00 -8.4928800E-01 -1.2318344E+00 -7.2481365E-01
-9.5359721E-01 1.1230351E-01 -1.0650517E+00 -8.4219041E-01 -1.1775406E+00 -7.3786382E-01
-8.9375079E-01 1.4572850E-01 -1.0373023E+00 -7.4883162E-01 -1.1846586E+00 -6.0935727E-01
-8.3913387E-01 1.6100749E-01 -9.9063193E-01 -6.7031818E-01 -1.1657058E+00 -5.3665194E-01
-8.2343745E-01 1.7198140E-01 -9.7665373E-01 -6.3994354E-01 -1.1819180E+00 -5.0612981E-01
-8.2522947E-01 1.7317173E-01 -9.7731465E-01 -6.3989062E-01 -1.1947868E+00 -5.0837623E-01
-8.4665103E-01 1.8608008E-01 -1.0091687E+00 -6.4788302E-01 -1.2220682E+00 -4.9365750E-01
-8.5576123E-01 2.0425478E-01 -1.0362251E+00 -6.3914972E-01 -1.2827326E+00 -4.8205485E-01
-9.4994907E-01 2.2196983E-01 -1.1530568E+00 -7.1500579E-01 -1.4067165E+00 -5.3479421E-01
-1.2119241E+00 3.1684234E-01 -1.5029819E+00 -8.8093316E-01 -1.8614237E+00 -6.2000820E-01
-1.5197663E+00 4.3030103E-01 -1.9573332E+00 -1.0891090E+00 -2.3681690E+00 -6.9577273E-01
-1.8522077E+00 5.6806310E-01 -2.4776197E+00 -1.3379054E+00 -2.9284605E+00 -7.1667739E-01
-2.0121319E+00 6.4665634E-01 -2.7667413E+00 -1.4826078E+00 -3.2035983E+00 -7.2548177E-01
-2.0160478E+00 6.4943838E-01 -2.7816687E+00 -1.4941495E+00 -3.2050312E+00 -7.2427430E-01
-2.1253900E+00 7.2159417E-01 -3.0530262E+00 -1.6518709E+00 -3.3419400E+00 -7.0167231E-01
-2.1968113E+00 8.1074811E-01 -3.3188068E+00 -1.7633003E+00 -3.4995695E+00 -6.7452841E-01
-2.1939911E+00 8.1103592E-01 -3.3388117E+00 -1.7881586E+00 -3.4582193E+00 -6.4588114E-01
-2.2091530E+00 8.4026082E-01 -3.4135673E+00 -1.7978858E+00 -3.5000000E+00 -6.3432661E-01
