-1.1008145E+00 1.6437899E-01 -1.2638705E+00 -9.3875614E-01 -1.4286843E+00 -7.8167490E-01
-1.0809634E+00 1.3768968E-01 -1.2173154E+00 -9.4520337E-01 -1.3544286E+00 -8.1315494E-01
-1.0792450E+00 1.3175914E-01 -1.2085023E+00 -9.4888877E-01 -1.3425350E+00 -8.2208072E-01
-9.9739501E-01 1.1213972E-01 -1.1091076E+00 -8.8539935E-01 -1.2223217E+00 -7.8456426E-01
-8.1414173E-01 1.4245471E-01 -9.5501080E-01 -6.7253733E-01 -1.0995941E+00 -5.3785739E-01
-6.7322522E-01 1.5273128E-01 -8.2341889E-01 -5.2109683E-01 -9.8258945E-01 -3.8554546E-01
-6.5077166E-01 1.5796101E-01 -7.9216825E-01 -4.8243696E-01 -9.8390322E-01 -3.6017304E-01
-6.7504393E-01 1.5506210E-01 -8.1070941E-01 -5.0843420E-01 -1.0063220E+00 -3.9051130E-01
-7.5076193E-01 1.6568355E-01 -9.0023508E-01 -5.7650066E-01 -1.0976987E+00 -4.4151342E-01
-7.9381683E-01 1.8521874E-01 -9.6589353E-01 -6.0016955E-01 -1.1765962E+00 -4.4521812E-01
-1.0080089E+00 2.1076246E-01 -1.2045795E+00 -7.8645435E-01 -1.4349544E+00 -6.0881768E-01
-1.4838060E+00 3.1026884E-01 -1.7993383E+00 -1.1706751E+00 -2.0920081E+00 -8.8924885E-01
-1.9301480E+00 4.0411701E-01 -2.3429335E+00 -1.5237779E+00 -2.7002686E+00 -1.1246591E+00
-2.3169985E+00 4.9859584E-01 -2.8817522E+00 -1.8819885E+00 -3.2489414E+00 -1.3499956E+00
-2.4607778E+00 5.5109036E-01 -3.1354702E+00 -2.0438944E+00 -3.4636912E+00 -1.4279517E+00
-2.4557833E+00 5.5175477E-01 -3.1383699E+00 -2.0499623E+00 -3.4353751E+00 -1.4013082E+00
-2.5023620E+00 5.9963881E-01 -3.2909562E+00 -2.1746682E+00 -3.4590780E+00 -1.3296226E+00
-2.5141421E+00 6.7367277E-01 -3.4208210E+00 -2.2141741E+00 -3.5000000E+00 -1.2180913E+00
-2.5067845E+00 6.7546617E-01 -3.4131777E+00 -2.2146130E+00 -3.4820028E+00 -1.1950693E+00
-2.5070388E+00 7.0232901E-01 -3.5000000E+00 -2.2498149E+00 -3.5000000E+00 -1.1630591E+00
