-1.0440291E+00 1.8567806E-01 -1.2289903E+00 -8.5978365E-01 -1.4105514E+00 -6.8352262E-01
-1.0402053E+00 1.5939008E-01 -1.1981201E+00 -8.8079838E-01 -1.3591166E+00 -7.3389132E-01
-1.0347384E+00 1.5277594E-01 -1.1793102E+00 -8.7669793E-01 -1.3436452E+00 -7.4579111E-01
-1.0366556E+00 1.3184075E-01 -1.1606197E+00 -8.9702697E-01 -1.3008546E+00 -7.8916497E-01
-1.0569133E+00 1.6988183E-01 -1.2167762E+00 -8.7825923E-01 -1.3977328E+00 -7.3697900E-01
-1.0779598E+00 2.0150879E-01 -1.2627697E+00 -8.6268850E-01 -1.4703715E+00 -6.9180443E-01
-1.0806643E+00 2.1319273E-01 -1.2778326E+00 -8.5427962E-01 -1.5002306E+00 -6.7126963E-01
-1.0757538E+00 2.0958747E-01 -1.2673242E+00 -8.4680020E-01 -1.5030138E+00 -6.9008730E-01
-1.0582845E+00 2.1040724E-01 -1.2615121E+00 -8.3557804E-01 -1.4766006E+00 -6.6122948E-01
-1.0508576E+00 2.2218749E-01 -1.2776081E+00 -8.2609766E-01 -1.4834805E+00 -6.2554932E-01
-9.9604249E-01 2.2439602E-01 -1.2196317E+00 -7.7172564E-01 -1.4424510E+00 -5.6242616E-01
-8.7020620E-01 3.1194813E-01 -1.1648247E+00 -5.4298016E-01 -1.4998028E+00 -2.7683844E-01
-7.5982712E-01 4.3441825E-01 -1.1409182E+00 -2.8659991E-01 -1.6368095E+00 6.7763969E-02
-6.8053972E-01 5.8076380E-01 -1.0944334E+00 2.3566620E-02 -1.8388874E+00 3.6763935E-01
-6.6346456E-01 6.6420228E-01 -1.0734404E+00 1.8246535E-01 -1.9509633E+00 4.8227148E-01
-6.6827182E-01 6.6583971E-01 -1.0772941E+00 1.7909212E-01 -1.9736539E+00 4.6385718E-01
-6.8993225E-01 7.3632577E-01 -1.0536370E+00 2.7033395E-01 -2.1661683E+00 4.5835528E-01
-7.1511464E-01 8.2183786E-01 -1.0647339E+00 3.7960253E-01 -2.3427342E+00 5.0000000E-01
-7.1629046E-01 8.2334367E-01 -1.0478296E+00 3.8691140E-01 -2.4155599E+00 4.7445705E-01
-7.2591389E-01 8.5131590E-01 -1.0591520E+00 4.4102762E-01 -2.4184487E+00 5.0000000E-01
