-8.7832934E-01 1.8287102E-01 -1.0596857E+00 -6.9619150E-01 -1.2348655E+00 -5.1798693E-01
-9.0256642E-01 1.5622908E-01 -1.0571212E+00 -7.4713144E-01 -1.2078312E+00 -5.9529082E-01
-9.1068843E-01 1.4998580E-01 -1.0582069E+00 -7.6151427E-01 -1.2041922E+00 -6.1848587E-01
-9.9348432E-01 1.2768443E-01 -1.1123634E+00 -8.5982392E-01 -1.2522819E+00 -7.5129448E-01
-1.1594098E+00 1.6861008E-01 -1.3286070E+00 -9.8970293E-01 -1.4925896E+00 -8.3445649E-01
-1.2803495E+00 2.0551899E-01 -1.4816320E+00 -1.0758441E+00 -1.6988858E+00 -8.9153921E-01
-1.3004856E+00 2.2102393E-01 -1.5192297E+00 -1.0764250E+00 -1.7297359E+00 -8.7056529E-01
-1.2840391E+00 2.2033329E-01 -1.5045499E+00 -1.0581232E+00 -1.7077495E+00 -8.5707958E-01
-1.2400714E+00 2.2569742E-01 -1.4527184E+00 -1.0015011E+00 -1.7008254E+00 -8.1883320E-01
-1.2127840E+00 2.3800654E-01 -1.4386996E+00 -9.6496298E-01 -1.6994383E+00 -7.6611042E-01
-1.0981626E+00 2.4135004E-01 -1.3248378E+00 -8.4769646E-01 -1.5901864E+00 -6.4213628E-01
-8.5809884E-01 3.0794001E-01 -1.1616888E+00 -5.5195564E-01 -1.4627457E+00 -2.5624625E-01
-6.5360745E-01 3.9289927E-01 -1.0039901E+00 -2.3738859E-01 -1.4804635E+00 8.4447858E-02
-4.9854091E-01 5.0183953E-01 -8.6443186E-01 9.7950669E-02 -1.4698863E+00 4.0610936E-01
-4.5325152E-01 5.6899550E-01 -7.9391905E-01 2.6132322E-01 -1.5150196E+00 5.0000000E-01
-4.5656344E-01 5.7027023E-01 -7.8939829E-01 2.6097076E-01 -1.5249732E+00 5.0000000E-01
-4.6955615E-01 6.3492841E-01 -7.4766177E-01 3.3240743E-01 -1.7228185E+00 4.8866132E-01
-4.9644993E-01 7.2177892E-01 -7.5573210E-01 4.3427879E-01 -1.9314324E+00 5.0000000E-01
-5.0112666E-01 7.2367251E-01 -7.5299870E-01 4.2953143E-01 -1.9380123E+00 5.0000000E-01
-5.0859039E-01 7.5225169E-01 -7.3188053E-01 5.0000000E-01 -2.0002593E+00 5.0000000E-01
