-8.5830767E-01 1.6385308E-01 -1.0216958E+00 -6.9629791E-01 -1.1821428E+00 -5.3894361E-01
-8.5259701E-01 1.3618582E-01 -9.8930292E-01 -7.1849441E-01 -1.1231562E+00 -5.8821747E-01
-8.4792035E-01 1.2927814E-01 -9.7753221E-01 -7.1967247E-01 -1.1027630E+00 -5.9770095E-01
-8.3389026E-01 1.0734459E-01 -9.3866585E-01 -7.2774079E-01 -1.0483374E+00 -6.2520509E-01
-8.4166985E-01 1.4315869E-01 -9.8572228E-01 -6.9840013E-01 -1.1261397E+00 -5.6921735E-01
-9.1688276E-01 1.6650633E-01 -1.0642612E+00 -7.3963595E-01 -1.2615182E+00 -6.1182117E-01
-9.9182228E-01 1.7642778E-01 -1.1427918E+00 -8.0098679E-01 -1.3459140E+00 -6.5893155E-01
-1.0362804E+00 1.7631661E-01 -1.1881668E+00 -8.4519087E-01 -1.3874136E+00 -7.0025661E-01
-1.1382447E+00 1.8799631E-01 -1.3048006E+00 -9.3660131E-01 -1.5168398E+00 -7.7845086E-01
-1.1881586E+00 2.0643764E-01 -1.3786646E+00 -9.7240484E-01 -1.6191941E+00 -8.0422713E-01
-1.3522707E+00 2.2205414E-01 -1.5581614E+00 -1.1190220E+00 -1.8030397E+00 -9.3140912E-01
-1.6510043E+00 3.3130336E-01 -1.9605437E+00 -1.2962765E+00 -2.3201898E+00 -1.0364168E+00
-1.8766011E+00 4.7191306E-01 -2.3427940E+00 -1.3773980E+00 -2.8019547E+00 -9.8021336E-01
-2.0276653E+00 6.3015167E-01 -2.7027759E+00 -1.3598351E+00 -3.2146451E+00 -8.6746979E-01
-2.0628108E+00 7.1567047E-01 -2.9332747E+00 -1.4015403E+00 -3.3704046E+00 -7.4980408E-01
-2.0540482E+00 7.1852530E-01 -2.9366219E+00 -1.4012615E+00 -3.3582031E+00 -7.2852700E-01
-2.0404507E+00 7.9170864E-01 -3.1279175E+00 -1.4712689E+00 -3.3877655E+00 -5.5056958E-01
-2.0187037E+00 8.8054397E-01 -3.3029746E+00 -1.4850831E+00 -3.5000000E+00 -4.1750558E-01
-2.0154779E+00 8.8220424E-01 -3.3245122E+00 -1.5097517E+00 -3.4680206E+00 -3.8567085E-01
-2.0071353E+00 9.1175341E-01 -3.3508012E+00 -1.4743982E+00 -3.5000000E+00 -3.4434144E-01
