-8.9581176E-01 1.6848531E-01 -1.0629313E+00 -7.2605060E-01 -1.2236538E+00 -5.6594496E-01
-8.9412792E-01 1.4110272E-01 -1.0350613E+00 -7.5212501E-01 -1.1707686E+00 -6.2190834E-01
-8.9251290E-01 1.3536749E-01 -1.0286180E+00 -7.5839574E-01 -1.1575736E+00 -6.3100500E-01
-8.8116307E-01 1.1574809E-01 -9.9511271E-01 -7.6353434E-01 -1.1092443E+00 -6.5866935E-01
-8.7168580E-01 1.4882919E-01 -1.0080814E+00 -7.2028614E-01 -1.1791418E+00 -5.9168480E-01
-8.9555543E-01 1.7732079E-01 -1.0518905E+00 -7.0804411E-01 -1.2655110E+00 -5.6596518E-01
-9.2958546E-01 1.9295609E-01 -1.0978210E+00 -7.2499557E-01 -1.3177864E+00 -5.5992158E-01
-9.5217289E-01 1.9350888E-01 -1.1172423E+00 -7.4457191E-01 -1.3384490E+00 -5.8027237E-01
-1.0092840E+00 2.0183736E-01 -1.1802339E+00 -7.8897321E-01 -1.4159311E+00 -6.2419687E-01
-1.0393053E+00 2.1736397E-01 -1.2304205E+00 -8.0621736E-01 -1.4773671E+00 -6.2429954E-01
-1.1455777E+00 2.2838229E-01 -1.3709476E+00 -9.1701023E-01 -1.6083030E+00 -7.1389037E-01
-1.3505786E+00 3.2906698E-01 -1.6597328E+00 -1.0046852E+00 -2.0120998E+00 -7.2558379E-01
-1.5182397E+00 4.7061231E-01 -1.9656956E+00 -1.0342234E+00 -2.4721258E+00 -6.2254771E-01
-1.6500223E+00 6.4508285E-01 -2.3178564E+00 -9.9519115E-01 -2.9034202E+00 -4.0166214E-01
-1.6972990E+00 7.4305716E-01 -2.4881506E+00 -9.2273610E-01 -3.0852765E+00 -2.6448565E-01
-1.6948759E+00 7.4556058E-01 -2.4915370E+00 -9.1444116E-01 -3.0831763E+00 -2.5944098E-01
-1.7192671E+00 8.3772403E-01 -2.7105998E+00 -8.8829219E-01 -3.2383031E+00 -1.8436301E-01
-1.7314833E+00 9.3953275E-01 -2.9440465E+00 -8.7387341E-01 -3.4206838E+00 -6.1969661E-02
-1.7294482E+00 9.4213829E-01 -2.9631377E+00 -8.8644263E-01 -3.4106537E+00 -6.0105214E-02
-1.7278166E+00 9.7475966E-01 -3.0006200E+00 -8.4719329E-01 -3.5000000E+00 -5.6325373E-02
