-9.9188938E-01 1.7243576E-01 -1.1642919E+00 -8.1866931E-01 -1.3290512E+00 -6.5737955E-01
-9.8979975E-01 1.4356032E-01 -1.1345663E+00 -8.4554110E-01 -1.2725281E+00 -7.1204422E-01
-9.8732339E-01 1.3641017E-01 -1.1169400E+00 -8.4523451E-01 -1.2585360E+00 -7.2478004E-01
-9.7690420E-01 1.1987501E-01 -1.0875722E+00 -8.5308316E-01 -1.2241015E+00 -7.4707080E-01
-9.7799829E-01 1.5902582E-01 -1.1249829E+00 -8.0916235E-01 -1.3067308E+00 -6.8168070E-01
-1.0222524E+00 1.8398957E-01 -1.1870476E+00 -8.2374635E-01 -1.4006933E+00 -6.7953503E-01
-1.0662283E+00 1.9835884E-01 -1.2491872E+00 -8.5469998E-01 -1.4669519E+00 -6.9828018E-01
-1.0886901E+00 1.9978407E-01 -1.2728679E+00 -8.7615491E-01 -1.4816469E+00 -7.0681863E-01
-1.1255117E+00 2.0984837E-01 -1.3226275E+00 -9.0352605E-01 -1.5550043E+00 -7.3608368E-01
-1.1416412E+00 2.2702514E-01 -1.3585837E+00 -9.0509175E-01 -1.6034824E+00 -7.1451035E-01
-1.1663438E+00 2.3787818E-01 -1.4001389E+00 -9.2947892E-01 -1.6431071E+00 -7.0792495E-01
-1.1856143E+00 3.1736112E-01 -1.4780138E+00 -8.5354193E-01 -1.8327475E+00 -5.8421622E-01
-1.1815440E+00 4.3459817E-01 -1.5667042E+00 -7.1681608E-01 -2.0543108E+00 -3.4162909E-01
-1.1692226E+00 6.0025810E-01 -1.7001340E+00 -4.8801370E-01 -2.4179535E+00 -8.8958269E-02
-1.1661075E+00 7.0155639E-01 -1.7881996E+00 -3.4639767E-01 -2.5474213E+00 1.2666393E-01
-1.1675067E+00 7.0427272E-01 -1.7887690E+00 -3.4002180E-01 -2.5462202E+00 1.2953319E-01
-1.1745840E+00 8.0190549E-01 -1.8408457E+00 -1.5503651E-01 -2.7043991E+00 2.4258181E-01
-1.1827918E+00 9.1081502E-01 -1.9017142E+00 4.7942137E-02 -2.8572970E+00 4.1810678E-01
-1.1839493E+00 9.1536678E-01 -1.8917603E+00 6.8094005E-02 -2.8601903E+00 4.1356372E-01
-1.1876774E+00 9.5016335E-01 -1.9490311E+00 8.9441002E-02 -3.5000000E+00 5.0000000E-01
