-1.1345489E+00 1.7515510E-01 -1.3100311E+00 -9.5993950E-01 -1.4711366E+00 -7.8957577E-01
-1.1377573E+00 1.4980172E-01 -1.2877187E+00 -9.8972736E-01 -1.4294599E+00 -8.4354764E-01
-1.1385271E+00 1.4421872E-01 -1.2810345E+00 -9.9593689E-01 -1.4205527E+00 -8.5192061E-01
-1.1523015E+00 1.2549513E-01 -1.2694855E+00 -1.0214497E+00 -1.4073505E+00 -9.1592458E-01
-1.1824553E+00 1.6897228E-01 -1.3416827E+00 -1.0057037E+00 -1.5239130E+00 -8.6033168E-01
-1.2037515E+00 2.0170868E-01 -1.4047568E+00 -1.0015780E+00 -1.6110975E+00 -8.2368511E-01
-1.2038117E+00 2.1533938E-01 -1.4055456E+00 -9.7541400E-01 -1.6441350E+00 -8.0291871E-01
-1.1965495E+00 2.1618908E-01 -1.4013921E+00 -9.6907644E-01 -1.6354405E+00 -7.9198408E-01
-1.1725333E+00 2.2384321E-01 -1.3960459E+00 -9.4641287E-01 -1.6197330E+00 -7.4574175E-01
-1.1594345E+00 2.3864435E-01 -1.4004858E+00 -9.1797970E-01 -1.6253410E+00 -6.9840887E-01
-1.0964609E+00 2.3840524E-01 -1.3343327E+00 -8.5755247E-01 -1.5604984E+00 -6.3363939E-01
-9.5752308E-01 3.1031927E-01 -1.2493266E+00 -6.4294974E-01 -1.5918344E+00 -3.6210798E-01
-8.3036398E-01 4.3625135E-01 -1.2050066E+00 -3.6238972E-01 -1.7048464E+00 1.7271787E-02
-7.2210439E-01 5.9876970E-01 -1.1444082E+00 -1.6241686E-02 -1.9261698E+00 3.4976471E-01
-6.8195595E-01 6.8573575E-01 -1.0943425E+00 1.6032823E-01 -2.0249624E+00 5.0000000E-01
-6.8246881E-01 6.8575811E-01 -1.0804354E+00 1.6679637E-01 -2.0481349E+00 4.7469692E-01
-6.6892559E-01 7.4872533E-01 -9.9427526E-01 2.9606252E-01 -2.2007562E+00 4.6017494E-01
-6.6536175E-01 8.2416320E-01 -9.7258179E-01 4.2262706E-01 -2.3230891E+00 5.0000000E-01
-6.6764470E-01 8.2534033E-01 -9.6748039E-01 4.2316678E-01 -2.3279578E+00 5.0000000E-01
-6.6799052E-01 8.4943148E-01 -9.3213678E-01 5.0000000E-01 -2.3755558E+00 5.0000000E-01
