-9.6345458E-01 1.8191593E-01 -1.1442602E+00 -7.8169765E-01 -1.3202420E+00 -6.0979104E-01
-9.9891778E-01 1.5698630E-01 -1.1556411E+00 -8.4132430E-01 -1.3076352E+00 -6.9572319E-01
-1.0153449E+00 1.5156844E-01 -1.1668342E+00 -8.6220401E-01 -1.3111697E+00 -7.2567297E-01
-1.1224275E+00 1.3310399E-01 -1.2486031E+00 -9.8400815E-01 -1.3920315E+00 -8.7244981E-01
-1.2911712E+00 1.6606855E-01 -1.4568327E+00 -1.1263561E+00 -1.6220788E+00 -9.7405212E-01
-1.3500748E+00 1.9357877E-01 -1.5437280E+00 -1.1570819E+00 -1.7353418E+00 -9.8061010E-01
-1.3107283E+00 2.0733327E-01 -1.5181810E+00 -1.1027772E+00 -1.7259518E+00 -9.1792582E-01
-1.2594126E+00 2.0669282E-01 -1.4667090E+00 -1.0526383E+00 -1.6701087E+00 -8.6519975E-01
-1.1479447E+00 2.1475979E-01 -1.3617631E+00 -9.3500891E-01 -1.5721023E+00 -7.3213040E-01
-1.0861173E+00 2.3038847E-01 -1.3154497E+00 -8.5777389E-01 -1.5381287E+00 -6.4019628E-01
-8.9167806E-01 2.3823357E-01 -1.1266708E+00 -6.5585471E-01 -1.3678170E+00 -4.3539483E-01
-5.4488202E-01 2.9295844E-01 -8.3347073E-01 -2.5299069E-01 -1.1417567E+00 1.0563125E-02
-3.0026901E-01 3.4207522E-01 -5.9769787E-01 8.2240776E-02 -9.6727274E-01 3.4371584E-01
-1.6117576E-01 3.9818175E-01 -3.9365224E-01 3.4733781E-01 -9.1021884E-01 5.0000000E-01
-1.4636109E-01 4.4010028E-01 -3.3775371E-01 4.3265411E-01 -9.9090318E-01 5.0000000E-01
-1.5424482E-01 4.3995479E-01 -3.4743373E-01 4.2094969E-01 -9.9835400E-01 5.0000000E-01
-2.0802919E-01 4.8411300E-01 -4.0364867E-01 3.9310713E-01 -1.1582123E+00 5.0000000E-01
-2.7041896E-01 5.5823018E-01 -4.7175611E-01 4.3304807E-01 -1.3526010E+00 5.0000000E-01
-2.7725020E-01 5.6173968E-01 -4.7094385E-01 4.3134911E-01 -1.3746100E+00 4.9675760E-01
-2.9777612E-01 5.8937120E-01 -4.8284262E-01 4.7857375E-01 -1.4459374E+00 5.0000000E-01
