-9.3061662E-01 1.7540549E-01 -1.1053058E+00 -7.5524766E-01 -1.2808210E+00 -5.9442717E-01
-9.5990370E-01 1.4952391E-01 -1.1069594E+00 -8.1182198E-01 -1.2630854E+00 -6.7364896E-01
-9.7595416E-01 1.4279359E-01 -1.1156453E+00 -8.3555285E-01 -1.2671539E+00 -7.0328974E-01
-1.0498611E+00 1.2315594E-01 -1.1714019E+00 -9.2780801E-01 -1.3004328E+00 -8.1385344E-01
-1.1455724E+00 1.6310765E-01 -1.2974089E+00 -9.7476896E-01 -1.4804072E+00 -8.4363587E-01
-1.1583048E+00 2.0277411E-01 -1.3367168E+00 -9.4291198E-01 -1.5624937E+00 -7.6947993E-01
-1.1248082E+00 2.2353435E-01 -1.3172617E+00 -8.8046337E-01 -1.5735454E+00 -7.0234541E-01
-1.0946751E+00 2.2461013E-01 -1.2878948E+00 -8.4417521E-01 -1.5429660E+00 -6.7471907E-01
-1.0426882E+00 2.3170908E-01 -1.2473771E+00 -7.8692217E-01 -1.5043975E+00 -6.0559108E-01
-1.0154635E+00 2.4644040E-01 -1.2398268E+00 -7.4854004E-01 -1.5233973E+00 -5.6109232E-01
-9.6508949E-01 2.4176555E-01 -1.1918394E+00 -7.1077757E-01 -1.4589765E+00 -5.1253176E-01
-9.0671223E-01 3.0747596E-01 -1.2069727E+00 -6.0259532E-01 -1.5350207E+00 -3.2101313E-01
-8.9702439E-01 4.3871467E-01 -1.3001648E+00 -4.2880432E-01 -1.7613399E+00 -4.4146685E-02
-9.2124730E-01 6.1179816E-01 -1.4519891E+00 -2.1059508E-01 -2.1215609E+00 2.1399974E-01
-9.4530085E-01 7.0748799E-01 -1.5112165E+00 -6.7989274E-02 -2.3158715E+00 3.3411544E-01
-9.4861307E-01 7.0852105E-01 -1.5083584E+00 -6.3461737E-02 -2.3184004E+00 3.2641850E-01
-9.7662021E-01 7.9289603E-01 -1.5124458E+00 9.1707434E-02 -2.5086699E+00 3.6083013E-01
-9.9952801E-01 8.9033920E-01 -1.5284267E+00 2.6935378E-01 -2.6688473E+00 4.8158842E-01
-1.0001892E+00 8.9251082E-01 -1.5123530E+00 2.8901327E-01 -2.6864156E+00 4.6213424E-01
-1.0077189E+00 9.2264775E-01 -1.5694023E+00 3.0681418E-01 -2.7219904E+00 5.0000000E-01
