-9.5197986E-01 1.6092101E-01 -1.1109723E+00 -7.9268830E-01 -1.2656434E+00 -6.3189934E-01
-9.4389347E-01 1.3351251E-01 -1.0749921E+00 -8.1106252E-01 -1.2067120E+00 -6.8091915E-01
-9.3925205E-01 1.2823113E-01 -1.0657448E+00 -8.1265971E-01 -1.1917212E+00 -6.8862508E-01
-9.1742879E-01 1.1076332E-01 -1.0256004E+00 -8.0834433E-01 -1.1383336E+00 -7.0374405E-01
-8.9145484E-01 1.4568025E-01 -1.0289783E+00 -7.3981924E-01 -1.1860559E+00 -6.1399757E-01
-9.0132365E-01 1.7080996E-01 -1.0481048E+00 -7.1573026E-01 -1.2638044E+00 -5.8877176E-01
-9.2632462E-01 1.8370045E-01 -1.0821750E+00 -7.2770239E-01 -1.3165442E+00 -5.9177640E-01
-9.4139499E-01 1.8459950E-01 -1.0962054E+00 -7.4223572E-01 -1.3141780E+00 -5.9089251E-01
-9.8219891E-01 1.9559761E-01 -1.1506617E+00 -7.7222491E-01 -1.3772408E+00 -6.0865066E-01
-1.0011140E+00 2.1454685E-01 -1.1930088E+00 -7.7362033E-01 -1.4276875E+00 -5.8910046E-01
-1.1014462E+00 2.2868251E-01 -1.3136889E+00 -8.6378367E-01 -1.5746100E+00 -6.6971454E-01
-1.3224562E+00 3.2648808E-01 -1.6457687E+00 -1.0010600E+00 -1.9808706E+00 -6.9853735E-01
-1.5358656E+00 4.5868276E-01 -1.9765691E+00 -1.0597629E+00 -2.4413907E+00 -6.4936833E-01
-1.7401474E+00 6.2673529E-01 -2.4109409E+00 -1.1253482E+00 -2.9147280E+00 -5.0622859E-01
-1.8303329E+00 7.2496091E-01 -2.6644311E+00 -1.1611405E+00 -3.1866136E+00 -4.3581338E-01
-1.8313288E+00 7.2861117E-01 -2.6752940E+00 -1.1641272E+00 -3.1892097E+00 -4.2689059E-01
-1.8857230E+00 8.1591715E-01 -2.9459000E+00 -1.2512954E+00 -3.3055514E+00 -3.1100454E-01
-1.9178552E+00 9.1326044E-01 -3.1981594E+00 -1.3090991E+00 -3.4807314E+00 -2.2918966E-01
-1.9164115E+00 9.1406761E-01 -3.2265525E+00 -1.3359614E+00 -3.4437842E+00 -2.0681501E-01
-1.9250826E+00 9.4269089E-01 -3.2561527E+00 -1.3048679E+00 -3.5000000E+00 -1.9834954E-01
