-1.1345141E+00 1.6830187E-01 -1.3000498E+00 -9.6752535E-01 -1.4616795E+00 -8.0158202E-01
-1.1154960E+00 1.4149605E-01 -1.2544339E+00 -9.7554102E-01 -1.3946376E+00 -8.3985129E-01
-1.1091837E+00 1.3577284E-01 -1.2424124E+00 -9.7502595E-01 -1.3798932E+00 -8.4555591E-01
-1.0396038E+00 1.1624273E-01 -1.1538587E+00 -9.2586522E-01 -1.2736148E+00 -8.1811612E-01
-9.0166422E-01 1.4980224E-01 -1.0500844E+00 -7.5069681E-01 -1.1974135E+00 -6.1495813E-01
-8.0415697E-01 1.7284070E-01 -9.5813892E-01 -6.2425643E-01 -1.1462182E+00 -4.6749353E-01
-7.8886488E-01 1.8250821E-01 -9.4326595E-01 -5.9385240E-01 -1.1599853E+00 -4.3824319E-01
-8.0418434E-01 1.8007176E-01 -9.5590341E-01 -6.1014671E-01 -1.1719058E+00 -4.6057462E-01
-8.5187868E-01 1.8635464E-01 -1.0135397E+00 -6.5238629E-01 -1.2280055E+00 -4.9468573E-01
-8.8163329E-01 2.0322006E-01 -1.0637450E+00 -6.6722333E-01 -1.3062766E+00 -5.0202234E-01
-1.0065263E+00 2.1697052E-01 -1.2212125E+00 -7.9165257E-01 -1.4363801E+00 -5.8937360E-01
-1.2703335E+00 3.2049913E-01 -1.5871490E+00 -9.5297838E-01 -1.9192805E+00 -6.5367294E-01
-1.5093554E+00 4.5908361E-01 -1.9469582E+00 -1.0393234E+00 -2.4328739E+00 -6.1744017E-01
-1.7158921E+00 6.2422869E-01 -2.3491873E+00 -1.0801272E+00 -2.9300174E+00 -4.9869219E-01
-1.7972868E+00 7.1375696E-01 -2.5372012E+00 -1.0541941E+00 -3.1407189E+00 -4.1378741E-01
-1.7955874E+00 7.1482318E-01 -2.5714707E+00 -1.0829637E+00 -3.1722859E+00 -4.5447332E-01
-1.8371769E+00 7.8684644E-01 -2.7898120E+00 -1.1113665E+00 -3.2737920E+00 -3.7422424E-01
-1.8592053E+00 8.7166087E-01 -2.9384842E+00 -1.0516148E+00 -3.4419748E+00 -3.0857020E-01
-1.8573470E+00 8.7290052E-01 -2.9200485E+00 -1.0310818E+00 -3.4297569E+00 -3.0534334E-01
-1.8612351E+00 8.9976208E-01 -2.9684531E+00 -1.0206555E+00 -3.5000000E+00 -3.0994035E-01
