-1.0796427E+00 1.7343388E-01 -1.2527064E+00 -9.0774335E-01 -1.4226186E+00 -7.4269315E-01
-1.0872610E+00 1.4618577E-01 -1.2322336E+00 -9.4294273E-01 -1.3771215E+00 -8.0354641E-01
-1.0881791E+00 1.3960793E-01 -1.2266754E+00 -9.4968958E-01 -1.3656920E+00 -8.1835238E-01
-1.1155794E+00 1.2202545E-01 -1.2302705E+00 -9.8860514E-01 -1.3639577E+00 -8.8421001E-01
-1.1737717E+00 1.6358396E-01 -1.3385225E+00 -1.0120277E+00 -1.5009076E+00 -8.5936669E-01
-1.2167145E+00 2.0638571E-01 -1.4106953E+00 -9.9655297E-01 -1.6342971E+00 -8.3528913E-01
-1.2229956E+00 2.2666673E-01 -1.4346927E+00 -9.7907725E-01 -1.6623629E+00 -7.8933177E-01
-1.2135488E+00 2.2779407E-01 -1.4263892E+00 -9.6755403E-01 -1.6737375E+00 -7.9144529E-01
-1.1891903E+00 2.3211923E-01 -1.4062718E+00 -9.3811457E-01 -1.6560628E+00 -7.5929822E-01
-1.1752339E+00 2.4424512E-01 -1.4087745E+00 -9.1568985E-01 -1.6663690E+00 -7.2314674E-01
-1.1221035E+00 2.3529783E-01 -1.3440111E+00 -8.7810199E-01 -1.6013037E+00 -6.7205144E-01
-1.0056654E+00 3.0778687E-01 -1.3127654E+00 -6.9939557E-01 -1.6182856E+00 -4.1876222E-01
-8.9719147E-01 4.3757861E-01 -1.2732685E+00 -4.1037592E-01 -1.7787756E+00 -7.6110159E-02
-8.0810497E-01 6.0013376E-01 -1.2547928E+00 -8.1773495E-02 -2.0168710E+00 2.6477778E-01
-7.8069603E-01 6.9086909E-01 -1.2537345E+00 8.2626317E-02 -2.1484450E+00 4.3438848E-01
-7.8159980E-01 6.9273980E-01 -1.2498786E+00 9.0012211E-02 -2.1624999E+00 4.1982499E-01
-7.8715066E-01 7.6958503E-01 -1.2073473E+00 2.2225031E-01 -2.3387084E+00 4.5801834E-01
-8.0168535E-01 8.5940508E-01 -1.1849989E+00 3.7817062E-01 -2.5030774E+00 5.0000000E-01
-8.0418127E-01 8.6236265E-01 -1.1689380E+00 3.8869768E-01 -2.5168667E+00 4.8870861E-01
-8.0769103E-01 8.9296617E-01 -1.1258301E+00 4.9567064E-01 -2.5690107E+00 5.0000000E-01
