-8.0836138E-01 1.7446207E-01 -9.8282031E-01 -6.3561706E-01 -1.1507383E+00 -4.6818140E-01
-8.3333300E-01 1.4695504E-01 -9.8143245E-01 -6.8771740E-01 -1.1239327E+00 -5.5006538E-01
-8.4037162E-01 1.4037730E-01 -9.8128769E-01 -7.0024902E-01 -1.1159737E+00 -5.6905863E-01
-9.2600335E-01 1.1832752E-01 -1.0447605E+00 -8.0805070E-01 -1.1608543E+00 -7.0061047E-01
-1.0869715E+00 1.6014422E-01 -1.2346878E+00 -9.1907125E-01 -1.4152158E+00 -7.8706439E-01
-1.1843911E+00 2.0419081E-01 -1.3615581E+00 -9.6017718E-01 -1.5973913E+00 -8.0195288E-01
-1.1900456E+00 2.2765678E-01 -1.3859719E+00 -9.3752974E-01 -1.6507704E+00 -7.6555578E-01
-1.1655534E+00 2.3025045E-01 -1.3558956E+00 -9.0292378E-01 -1.6344381E+00 -7.4262475E-01
-1.1230092E+00 2.3743593E-01 -1.3225066E+00 -8.4880435E-01 -1.5993557E+00 -6.8882639E-01
-1.0943548E+00 2.5132651E-01 -1.3187322E+00 -8.1270531E-01 -1.5916750E+00 -6.2861999E-01
-1.0348168E+00 2.4259758E-01 -1.2588613E+00 -7.7744900E-01 -1.5274147E+00 -5.7930086E-01
-9.5821061E-01 3.1077770E-01 -1.2613887E+00 -6.5150088E-01 -1.5879689E+00 -3.6519795E-01
-9.4855785E-01 4.5413373E-01 -1.3657493E+00 -4.5672037E-01 -1.8725011E+00 -1.1309156E-01
-9.9794371E-01 6.4319400E-01 -1.5812240E+00 -2.4878811E-01 -2.2281090E+00 1.9774230E-01
-1.0424407E+00 7.4498321E-01 -1.7037444E+00 -1.4804747E-01 -2.4319154E+00 3.4458158E-01
-1.0467569E+00 7.4649313E-01 -1.7057063E+00 -1.4763265E-01 -2.4466332E+00 3.3488916E-01
-1.0959481E+00 8.2557466E-01 -1.7627234E+00 -3.3433165E-02 -2.6561327E+00 3.6465038E-01
-1.1364814E+00 9.1102115E-01 -1.8092218E+00 1.1175968E-01 -2.8262687E+00 4.5545031E-01
-1.1367265E+00 9.1234957E-01 -1.8214096E+00 1.0113341E-01 -2.8357536E+00 4.3629459E-01
-1.1459775E+00 9.3989364E-01 -1.8511720E+00 1.3164186E-01 -2.8541457E+00 5.0000000E-01
