-1.1851576E+00 1.7364693E-01 -1.3568907E+00 -1.0139785E+00 -1.5278091E+00 -8.4391289E-01
-1.1644775E+00 1.4676343E-01 -1.3095310E+00 -1.0190579E+00 -1.4562043E+00 -8.7818991E-01
-1.1588743E+00 1.4073108E-01 -1.2988413E+00 -1.0195978E+00 -1.4400105E+00 -8.8426129E-01
-1.0836722E+00 1.2279086E-01 -1.1990561E+00 -9.5623823E-01 -1.3339194E+00 -8.5310388E-01
-9.3311425E-01 1.6003902E-01 -1.0803744E+00 -7.6789040E-01 -1.2610992E+00 -6.2949106E-01
-8.2850321E-01 1.8386351E-01 -9.8663991E-01 -6.3087252E-01 -1.2013773E+00 -4.7817010E-01
-8.1502715E-01 1.9459064E-01 -9.7881395E-01 -6.0158706E-01 -1.2106947E+00 -4.4652811E-01
-8.3494238E-01 1.9493559E-01 -1.0004230E+00 -6.2023859E-01 -1.2304665E+00 -4.6873244E-01
-8.8329827E-01 2.0466792E-01 -1.0637444E+00 -6.5963917E-01 -1.3147203E+00 -5.1366356E-01
-9.1370680E-01 2.2324467E-01 -1.1154896E+00 -6.7242201E-01 -1.3763351E+00 -5.0127986E-01
-1.0176142E+00 2.2812990E-01 -1.2457612E+00 -7.9312083E-01 -1.4762344E+00 -5.7593588E-01
-1.2175161E+00 3.2359042E-01 -1.5200608E+00 -8.7973147E-01 -1.8731077E+00 -6.0338960E-01
-1.3742623E+00 4.8263492E-01 -1.8243074E+00 -8.6192534E-01 -2.3600191E+00 -4.5698079E-01
-1.4897027E+00 6.8316251E-01 -2.2000620E+00 -7.8997189E-01 -2.8290204E+00 -1.8168139E-01
-1.5294443E+00 7.9124150E-01 -2.3685011E+00 -6.9417312E-01 -3.0236104E+00 -2.6326803E-02
-1.5274577E+00 7.9449322E-01 -2.3740267E+00 -6.8675031E-01 -3.0237089E+00 -2.2975082E-02
-1.5492569E+00 8.8468107E-01 -2.5352691E+00 -5.7409821E-01 -3.1224208E+00 8.2302214E-02
-1.5628763E+00 9.7771874E-01 -2.7407013E+00 -5.4955864E-01 -3.2958654E+00 1.7999539E-01
-1.5632759E+00 9.7884563E-01 -2.7433042E+00 -5.4902385E-01 -3.3017278E+00 1.7124096E-01
-1.5693347E+00 1.0074135E+00 -2.7943184E+00 -5.3181128E-01 -3.5000000E+00 5.0000000E-01
