-1.1137967E+00 1.7002792E-01 -1.2825667E+00 -9.4318485E-01 -1.4506436E+00 -7.8609533E-01
-1.1048961E+00 1.4550068E-01 -1.2420751E+00 -9.5420694E-01 -1.3951655E+00 -8.2564044E-01
-1.1033845E+00 1.4034163E-01 -1.2364211E+00 -9.5800527E-01 -1.3839510E+00 -8.3508164E-01
-1.0718137E+00 1.2495416E-01 -1.1885887E+00 -9.4105930E-01 -1.3249535E+00 -8.3814442E-01
-1.0035729E+00 1.5993441E-01 -1.1482923E+00 -8.3422049E-01 -1.3358694E+00 -7.0555067E-01
-9.4602453E-01 1.8405953E-01 -1.1066240E+00 -7.4568790E-01 -1.3149116E+00 -5.9833146E-01
-9.2816779E-01 1.9687855E-01 -1.1028554E+00 -7.1287289E-01 -1.3170884E+00 -5.5640957E-01
-9.3083875E-01 1.9742806E-01 -1.1056831E+00 -7.1320654E-01 -1.3208534E+00 -5.5835642E-01
-9.3839643E-01 2.0525723E-01 -1.1180696E+00 -7.1020996E-01 -1.3456539E+00 -5.5553318E-01
-9.4374660E-01 2.2111316E-01 -1.1370597E+00 -6.9742433E-01 -1.3984472E+00 -5.4630071E-01
-9.7529486E-01 2.2511695E-01 -1.1843303E+00 -7.3826694E-01 -1.4380228E+00 -5.5446981E-01
-1.0557870E+00 3.0784778E-01 -1.3393492E+00 -7.3419392E-01 -1.6885414E+00 -4.7824645E-01
-1.1524478E+00 4.4061203E-01 -1.5582927E+00 -6.8486755E-01 -2.0293708E+00 -3.0904667E-01
-1.2636695E+00 6.1947941E-01 -1.8458593E+00 -5.8474344E-01 -2.4739136E+00 -8.5062887E-02
-1.3217043E+00 7.2427749E-01 -2.0189065E+00 -5.1394247E-01 -2.7618183E+00 5.2994450E-03
-1.3240271E+00 7.2844581E-01 -2.0333245E+00 -5.1524193E-01 -2.7680273E+00 9.7188672E-03
-1.3730947E+00 8.1975851E-01 -2.1979193E+00 -4.3619410E-01 -2.9098352E+00 1.3075067E-01
-1.4094218E+00 9.1950638E-01 -2.3323321E+00 -3.3206886E-01 -3.0970450E+00 2.9278530E-01
-1.4093647E+00 9.2164389E-01 -2.3290452E+00 -3.2464193E-01 -3.0777357E+00 3.1539578E-01
-1.4176487E+00 9.5412382E-01 -2.3905031E+00 -3.1089811E-01 -3.5000000E+00 5.0000000E-01
