-1.4598315E+00 1.7863512E-01 -1.6365042E+00 -1.2840291E+00 -1.8207598E+00 -1.1150975E+00
-1.4247544E+00 1.5378532E-01 -1.5778670E+00 -1.2718969E+00 -1.7344905E+00 -1.1309280E+00
-1.4146851E+00 1.4914920E-01 -1.5555963E+00 -1.2590508E+00 -1.7153945E+00 -1.1309024E+00
-1.2983925E+00 1.3319263E-01 -1.4143260E+00 -1.1539069E+00 -1.5781542E+00 -1.0538457E+00
-1.0583985E+00 1.7118063E-01 -1.2098553E+00 -8.7537474E-01 -1.3963243E+00 -7.2852892E-01
-8.6872557E-01 1.9789442E-01 -1.0339732E+00 -6.4814243E-01 -1.2660511E+00 -4.9753893E-01
-8.1668005E-01 2.0957901E-01 -9.8737807E-01 -5.7837925E-01 -1.2419355E+00 -4.2802658E-01
-8.2650439E-01 2.0592614E-01 -9.9586496E-01 -5.9522431E-01 -1.2437320E+00 -4.4132686E-01
-8.4494367E-01 2.0943603E-01 -1.0299296E+00 -6.1835022E-01 -1.2654685E+00 -4.4664909E-01
-8.6154442E-01 2.2412185E-01 -1.0664423E+00 -6.2236735E-01 -1.3283268E+00 -4.4958504E-01
-9.2090563E-01 2.3170226E-01 -1.1422061E+00 -6.7985031E-01 -1.3850413E+00 -4.7776466E-01
-1.0431303E+00 3.3380500E-01 -1.3675272E+00 -7.1300780E-01 -1.7107169E+00 -3.9101872E-01
-1.1511268E+00 4.7729700E-01 -1.6192806E+00 -6.8095015E-01 -2.1253979E+00 -2.2278001E-01
-1.2438589E+00 6.5144708E-01 -1.8558485E+00 -5.2617704E-01 -2.5628839E+00 -3.7607393E-02
-1.2833467E+00 7.4717069E-01 -1.9715891E+00 -4.1488662E-01 -2.7234004E+00 1.0674693E-01
-1.2831746E+00 7.5032850E-01 -1.9713785E+00 -4.0426359E-01 -2.7235734E+00 1.0789019E-01
-1.3097975E+00 8.3543586E-01 -2.0522446E+00 -2.6575303E-01 -2.8894173E+00 1.6865320E-01
-1.3298085E+00 9.2743998E-01 -2.1781521E+00 -1.6429833E-01 -3.0421158E+00 3.1746129E-01
-1.3304309E+00 9.2753931E-01 -2.1850374E+00 -1.6984915E-01 -3.0314446E+00 3.2072671E-01
-1.3346448E+00 9.5605507E-01 -2.2247417E+00 -1.4064033E-01 -3.5000000E+00 5.0000000E-01
