-9.5767704E-01 1.6220100E-01 -1.1185534E+00 -7.9582147E-01 -1.2797347E+00 -6.4480629E-01
-9.5401986E-01 1.3590622E-01 -1.0890397E+00 -8.1829149E-01 -1.2226312E+00 -6.9115087E-01
-9.5421762E-01 1.3049925E-01 -1.0813396E+00 -8.2427868E-01 -1.2132624E+00 -7.0064732E-01
-9.4431344E-01 1.1353112E-01 -1.0575155E+00 -8.3206860E-01 -1.1692940E+00 -7.2329139E-01
-9.2921015E-01 1.4631747E-01 -1.0719115E+00 -7.8385934E-01 -1.2257859E+00 -6.4792369E-01
-9.3473355E-01 1.6769996E-01 -1.0824291E+00 -7.6132025E-01 -1.2706701E+00 -6.0696654E-01
-9.5308222E-01 1.7880611E-01 -1.1065326E+00 -7.6460116E-01 -1.3138281E+00 -6.0808180E-01
-9.6582308E-01 1.7983707E-01 -1.1231115E+00 -7.7523288E-01 -1.3275446E+00 -6.2167245E-01
-1.0074208E+00 1.9207411E-01 -1.1801099E+00 -8.0150646E-01 -1.3881190E+00 -6.4106515E-01
-1.0280147E+00 2.1030715E-01 -1.2202607E+00 -8.0338304E-01 -1.4595184E+00 -6.4394655E-01
-1.1331254E+00 2.2643374E-01 -1.3448385E+00 -8.9441976E-01 -1.5887601E+00 -7.0612057E-01
-1.3664810E+00 3.2122941E-01 -1.6587615E+00 -1.0274413E+00 -2.0237212E+00 -7.6596792E-01
-1.5918391E+00 4.4397226E-01 -2.0150014E+00 -1.1236313E+00 -2.4885648E+00 -7.5452992E-01
-1.7983647E+00 5.9990083E-01 -2.4068944E+00 -1.1851865E+00 -2.9468970E+00 -6.1703876E-01
-1.8844110E+00 6.8951045E-01 -2.6445076E+00 -1.2209548E+00 -3.1942631E+00 -5.5119518E-01
-1.8834114E+00 6.9168796E-01 -2.6539417E+00 -1.2248557E+00 -3.1908961E+00 -5.4954197E-01
-1.9291380E+00 7.7086736E-01 -2.9066627E+00 -1.2966471E+00 -3.2935535E+00 -4.6124295E-01
-1.9553487E+00 8.6520983E-01 -3.1359317E+00 -1.3252023E+00 -3.4471345E+00 -3.5853479E-01
-1.9535070E+00 8.6667310E-01 -3.1337905E+00 -1.3188374E+00 -3.4364132E+00 -3.5551472E-01
-1.9593194E+00 8.9619055E-01 -3.1600563E+00 -1.2782174E+00 -3.5000000E+00 -3.5084350E-01
