-9.5761522E-01 1.6856920E-01 -1.1240529E+00 -7.8976811E-01 -1.2883510E+00 -6.2659025E-01
-9.4331366E-01 1.3998968E-01 -1.0814449E+00 -8.0543328E-01 -1.2206516E+00 -6.6923412E-01
-9.3446064E-01 1.3210545E-01 -1.0654965E+00 -8.0525698E-01 -1.1977282E+00 -6.7827330E-01
-9.0773313E-01 1.1295672E-01 -1.0176613E+00 -7.9586671E-01 -1.1333731E+00 -6.8900271E-01
-8.8028781E-01 1.5200648E-01 -1.0313099E+00 -7.2884942E-01 -1.1826021E+00 -5.8800830E-01
-8.8576877E-01 1.7710194E-01 -1.0383733E+00 -6.9870080E-01 -1.2390117E+00 -5.4437723E-01
-9.0065304E-01 1.9134980E-01 -1.0611647E+00 -6.9663768E-01 -1.2852339E+00 -5.3434926E-01
-9.0868497E-01 1.9208949E-01 -1.0720455E+00 -7.0377753E-01 -1.2922654E+00 -5.3949024E-01
-9.3417384E-01 2.0212413E-01 -1.1109182E+00 -7.1802710E-01 -1.3346323E+00 -5.4538356E-01
-9.4404098E-01 2.1929779E-01 -1.1399000E+00 -7.1100410E-01 -1.3789037E+00 -5.1938088E-01
-1.0217546E+00 2.2700380E-01 -1.2345053E+00 -7.8762817E-01 -1.4872411E+00 -5.9193064E-01
-1.2136423E+00 3.1839863E-01 -1.5127220E+00 -8.8750000E-01 -1.8611850E+00 -6.1103444E-01
-1.4167505E+00 4.5320434E-01 -1.8586991E+00 -9.6450778E-01 -2.3493787E+00 -5.5555758E-01
-1.6202016E+00 6.2420972E-01 -2.2549687E+00 -9.7652888E-01 -2.8274640E+00 -4.1174483E-01
-1.7134832E+00 7.2341417E-01 -2.5289320E+00 -1.0162753E+00 -3.0506757E+00 -2.9816959E-01
-1.7164388E+00 7.2576177E-01 -2.5369113E+00 -1.0146075E+00 -3.0478182E+00 -2.9839434E-01
-1.7730901E+00 8.1858785E-01 -2.7937606E+00 -1.0433024E+00 -3.2174370E+00 -2.2435896E-01
-1.8066836E+00 9.1968321E-01 -3.0262140E+00 -1.0528807E+00 -3.4216779E+00 -1.2797875E-01
-1.8029086E+00 9.2257523E-01 -3.0289160E+00 -1.0528996E+00 -3.4100854E+00 -1.1919649E-01
-1.8091862E+00 9.5241545E-01 -3.0667238E+00 -1.0263426E+00 -3.5000000E+00 -1.2194818E-01
