-1.0897086E+00 1.7358594E-01 -1.2525865E+00 -9.1099498E-01 -1.4394600E+00 -7.5923900E-01
-1.0964126E+00 1.4707692E-01 -1.2345968E+00 -9.4667541E-01 -1.3973731E+00 -8.1561269E-01
-1.1041912E+00 1.4101534E-01 -1.2371448E+00 -9.5952162E-01 -1.3894417E+00 -8.3415740E-01
-1.1097033E+00 1.2439371E-01 -1.2252445E+00 -9.7931959E-01 -1.3621975E+00 -8.7520797E-01
-1.0812566E+00 1.6204516E-01 -1.2303271E+00 -9.0963941E-01 -1.4133854E+00 -7.8047272E-01
-9.9879867E-01 1.9009308E-01 -1.1579894E+00 -7.9186082E-01 -1.3881465E+00 -6.3915753E-01
-9.3519885E-01 2.0504110E-01 -1.1020876E+00 -7.0972335E-01 -1.3598320E+00 -5.5280709E-01
-9.0545915E-01 2.0549163E-01 -1.0708115E+00 -6.7689322E-01 -1.3292628E+00 -5.2506013E-01
-8.5811768E-01 2.1591020E-01 -1.0391396E+00 -6.1421785E-01 -1.2954353E+00 -4.5853680E-01
-8.3100067E-01 2.3365681E-01 -1.0355356E+00 -5.7128662E-01 -1.3231487E+00 -4.1131659E-01
-8.2613377E-01 2.3582202E-01 -1.0506175E+00 -5.7906390E-01 -1.3002665E+00 -3.7780087E-01
-9.0429249E-01 3.0860829E-01 -1.2058569E+00 -5.9574406E-01 -1.5090936E+00 -2.9845258E-01
-1.0572662E+00 4.4151489E-01 -1.5017337E+00 -6.1157549E-01 -1.9348682E+00 -2.0978303E-01
-1.2616910E+00 6.2525884E-01 -1.9029492E+00 -6.1639192E-01 -2.4738344E+00 -4.8032008E-02
-1.3754979E+00 7.3129546E-01 -2.1384719E+00 -6.0893530E-01 -2.7595206E+00 4.7704314E-02
-1.3824428E+00 7.3495866E-01 -2.1500767E+00 -6.0801776E-01 -2.7692335E+00 4.3494751E-02
-1.4745484E+00 8.3105887E-01 -2.4368737E+00 -6.4775509E-01 -2.9858663E+00 9.9279492E-02
-1.5412557E+00 9.3317411E-01 -2.6528068E+00 -6.1111773E-01 -3.2043039E+00 2.1406651E-01
-1.5416644E+00 9.3550588E-01 -2.6651404E+00 -6.1499148E-01 -3.2057474E+00 2.2054430E-01
-1.5585223E+00 9.6681892E-01 -2.7140870E+00 -5.8957100E-01 -3.5000000E+00 5.0000000E-01
