-1.1011034E+00 1.7496310E-01 -1.2743171E+00 -9.2658630E-01 -1.4528331E+00 -7.6584469E-01
-1.0922081E+00 1.4896274E-01 -1.2384323E+00 -9.4513607E-01 -1.3955477E+00 -8.1074907E-01
-1.0926145E+00 1.4386037E-01 -1.2254696E+00 -9.4299481E-01 -1.3873972E+00 -8.2036925E-01
-1.0631614E+00 1.2275173E-01 -1.1833455E+00 -9.4147404E-01 -1.3127497E+00 -8.3300689E-01
-9.8390450E-01 1.5340593E-01 -1.1282883E+00 -8.2689042E-01 -1.2953844E+00 -6.8940341E-01
-8.9100602E-01 1.8476646E-01 -1.0507589E+00 -6.8920408E-01 -1.2657730E+00 -5.4186565E-01
-8.4462999E-01 2.0195461E-01 -1.0111073E+00 -6.1911312E-01 -1.2566358E+00 -4.6411325E-01
-8.2995214E-01 2.0151079E-01 -9.9470406E-01 -6.0536764E-01 -1.2421093E+00 -4.5198000E-01
-8.1555063E-01 2.0962969E-01 -9.9578140E-01 -5.8532131E-01 -1.2422872E+00 -4.2229321E-01
-8.0709845E-01 2.2766877E-01 -1.0092035E+00 -5.6023383E-01 -1.2612595E+00 -3.7117874E-01
-8.4756898E-01 2.3094797E-01 -1.0613085E+00 -6.0147122E-01 -1.3171422E+00 -4.1158909E-01
-1.0016850E+00 3.1725183E-01 -1.3160508E+00 -6.8952837E-01 -1.6493412E+00 -3.9844233E-01
-1.2079954E+00 4.6333949E-01 -1.6659974E+00 -7.4703354E-01 -2.1310524E+00 -2.9825163E-01
-1.4411840E+00 6.5052548E-01 -2.1027090E+00 -7.8312692E-01 -2.6743222E+00 -1.2956053E-01
-1.5543746E+00 7.5541601E-01 -2.3909848E+00 -8.2795230E-01 -2.9893313E+00 -8.3776694E-02
-1.5582663E+00 7.5951642E-01 -2.4041358E+00 -8.3044560E-01 -2.9973308E+00 -8.1462570E-02
-1.6371319E+00 8.4922524E-01 -2.6692157E+00 -8.5659031E-01 -3.1658620E+00 -2.6200253E-02
-1.6903747E+00 9.4446622E-01 -2.8812203E+00 -8.2162505E-01 -3.3760806E+00 3.4261963E-02
-1.6882326E+00 9.4509228E-01 -2.8803401E+00 -8.1649517E-01 -3.3735185E+00 2.5388480E-02
-1.6993254E+00 9.7603558E-01 -2.9340650E+00 -7.9418430E-01 -3.5000000E+00 5.0000000E-01
