-8.6892182E-01 1.7311887E-01 -1.0366089E+00 -6.9917590E-01 -1.2164717E+00 -5.3153439E-01
-8.8752396E-01 1.4830779E-01 -1.0325639E+00 -7.4222337E-01 -1.1843031E+00 -5.9777970E-01
-8.9680422E-01 1.4455053E-01 -1.0384751E+00 -7.5645105E-01 -1.1859030E+00 -6.1359336E-01
-9.5004820E-01 1.2242838E-01 -1.0656600E+00 -8.2355589E-01 -1.1956016E+00 -7.1709476E-01
-1.0401082E+00 1.5586970E-01 -1.1867092E+00 -8.7486401E-01 -1.3544602E+00 -7.4989843E-01
-1.0984678E+00 1.9554143E-01 -1.2704852E+00 -8.8593918E-01 -1.4881639E+00 -7.2521772E-01
-1.1085553E+00 2.1596086E-01 -1.2938694E+00 -8.6617148E-01 -1.5419466E+00 -7.0538772E-01
-1.1015300E+00 2.1844935E-01 -1.2913113E+00 -8.5222582E-01 -1.5346184E+00 -6.9769732E-01
-1.0846083E+00 2.2638195E-01 -1.2883988E+00 -8.2990915E-01 -1.5482296E+00 -6.7326797E-01
-1.0728634E+00 2.4230005E-01 -1.3026473E+00 -8.1431042E-01 -1.5635927E+00 -6.2123281E-01
-1.0307921E+00 2.4038055E-01 -1.2713896E+00 -7.8927189E-01 -1.5107342E+00 -5.7582445E-01
-9.5103823E-01 3.1141693E-01 -1.2371924E+00 -6.2308752E-01 -1.5934220E+00 -3.7157522E-01
-8.9796655E-01 4.4266658E-01 -1.2938279E+00 -4.1046338E-01 -1.7716045E+00 -6.0977986E-02
-8.7426794E-01 6.1570377E-01 -1.3839905E+00 -1.2332831E-01 -2.0652643E+00 2.3593348E-01
-8.7610187E-01 7.1066912E-01 -1.4241638E+00 2.9977133E-02 -2.2378790E+00 3.7628977E-01
-8.7729747E-01 7.1192551E-01 -1.4212659E+00 3.2232473E-02 -2.2438883E+00 3.6787324E-01
-8.9646962E-01 7.9330873E-01 -1.3971058E+00 1.9176448E-01 -2.4260353E+00 4.0644730E-01
-9.1539386E-01 8.8321018E-01 -1.3948206E+00 3.6121066E-01 -2.5565241E+00 5.0000000E-01
-9.1682605E-01 8.8405504E-01 -1.3760721E+00 3.7649402E-01 -2.5740406E+00 4.8301990E-01
-9.2299725E-01 9.1307841E-01 -1.3717256E+00 4.4297777E-01 -2.6205116E+00 5.0000000E-01
