-9.7626055E-01 1.7170040E-01 -1.1477353E+00 -8.0777218E-01 -1.3178198E+00 -6.4452609E-01
-9.7456668E-01 1.4508537E-01 -1.1125541E+00 -8.2451708E-01 -1.2617609E+00 -6.9586947E-01
-9.7530869E-01 1.3872554E-01 -1.1083738E+00 -8.3335820E-01 -1.2511543E+00 -7.0801250E-01
-9.6629248E-01 1.1969997E-01 -1.0831547E+00 -8.4764005E-01 -1.2082840E+00 -7.3839299E-01
-9.5167441E-01 1.6079269E-01 -1.1008796E+00 -7.8367221E-01 -1.2846916E+00 -6.4943486E-01
-9.5296427E-01 1.9513442E-01 -1.1173915E+00 -7.3767877E-01 -1.3480827E+00 -5.8438400E-01
-9.6303726E-01 2.1324339E-01 -1.1432528E+00 -7.2509942E-01 -1.3959955E+00 -5.6738990E-01
-9.6856180E-01 2.1290673E-01 -1.1500484E+00 -7.2970481E-01 -1.3975238E+00 -5.7536018E-01
-9.8328421E-01 2.1759751E-01 -1.1757618E+00 -7.4254655E-01 -1.4281835E+00 -5.9256759E-01
-9.8880314E-01 2.3207496E-01 -1.1989033E+00 -7.3316295E-01 -1.4596337E+00 -5.6518530E-01
-1.0211072E+00 2.2850213E-01 -1.2388298E+00 -7.8402956E-01 -1.4746204E+00 -5.7952292E-01
-1.0969488E+00 3.1099890E-01 -1.3993397E+00 -7.8908689E-01 -1.7302582E+00 -5.0164168E-01
-1.1721217E+00 4.5781132E-01 -1.6271067E+00 -7.1456248E-01 -2.0937645E+00 -2.8611943E-01
-1.2451706E+00 6.4920012E-01 -1.9156055E+00 -5.7258041E-01 -2.5214706E+00 -1.5512795E-02
-1.2782409E+00 7.5807482E-01 -2.0422018E+00 -4.4278844E-01 -2.7490753E+00 1.1489636E-01
-1.2796008E+00 7.6212658E-01 -2.0466988E+00 -4.3641270E-01 -2.7555096E+00 1.1715682E-01
-1.3033388E+00 8.5629545E-01 -2.1199443E+00 -2.5885189E-01 -2.8867784E+00 2.2729194E-01
-1.3165043E+00 9.5688321E-01 -2.2360193E+00 -1.2705331E-01 -3.0425089E+00 3.7776922E-01
-1.3127424E+00 9.5887214E-01 -2.2475342E+00 -1.3322322E-01 -3.0285395E+00 3.8378536E-01
-1.3157137E+00 9.9305655E-01 -2.2708527E+00 -7.9358445E-02 -3.5000000E+00 5.0000000E-01
