-6.3363943E-01 1.7503478E-01 -8.0504541E-01 -4.6093112E-01 -9.7855820E-01 -2.8658719E-01
-6.6115582E-01 1.4555528E-01 -8.0443910E-01 -5.1785763E-01 -9.4902268E-01 -3.7350447E-01
-6.6563854E-01 1.3864981E-01 -8.0321701E-01 -5.2975428E-01 -9.3735737E-01 -3.8918019E-01
-7.9251384E-01 1.1664639E-01 -9.0739846E-01 -6.7560145E-01 -1.0193297E+00 -5.6346793E-01
-1.0750966E+00 1.6017304E-01 -1.2245022E+00 -9.0841818E-01 -1.4012648E+00 -7.6994425E-01
-1.3214030E+00 2.0241155E-01 -1.5057451E+00 -1.1107288E+00 -1.7241129E+00 -9.2788434E-01
-1.3998817E+00 2.2454914E-01 -1.6020647E+00 -1.1598309E+00 -1.8434895E+00 -9.6719194E-01
-1.3938180E+00 2.2582054E-01 -1.6005933E+00 -1.1517562E+00 -1.8372589E+00 -9.5822942E-01
-1.3790780E+00 2.3526474E-01 -1.5963679E+00 -1.1269409E+00 -1.8652459E+00 -9.4437147E-01
-1.3614629E+00 2.5024470E-01 -1.5961479E+00 -1.0976051E+00 -1.8690182E+00 -8.9404215E-01
-1.2772597E+00 2.4884163E-01 -1.5261891E+00 -1.0306209E+00 -1.7722941E+00 -7.9897272E-01
-1.0941050E+00 3.1568512E-01 -1.3824360E+00 -7.6211608E-01 -1.7440196E+00 -5.0069298E-01
-9.4018762E-01 4.3491813E-01 -1.3108080E+00 -4.6235090E-01 -1.8105608E+00 -1.2426092E-01
-8.3255084E-01 6.0037681E-01 -1.2969641E+00 -1.1593664E-01 -2.0146986E+00 2.4662826E-01
-8.0649737E-01 6.9631641E-01 -1.3144596E+00 5.7880233E-02 -2.1425703E+00 4.3082239E-01
-8.1227498E-01 7.0060137E-01 -1.3128278E+00 6.6617809E-02 -2.1646453E+00 4.1562451E-01
-8.2391775E-01 7.7395921E-01 -1.2780064E+00 2.1057973E-01 -2.3379415E+00 4.3253935E-01
-8.4137854E-01 8.5605969E-01 -1.2776752E+00 3.5608809E-01 -2.4781493E+00 5.0000000E-01
-8.4388090E-01 8.5517193E-01 -1.2613288E+00 3.6330760E-01 -2.5018662E+00 4.7045787E-01
-8.4900747E-01 8.8271791E-01 -1.2665121E+00 4.2431386E-01 -2.5394724E+00 5.0000000E-01
