-8.7632251E-01 1.6367141E-01 -1.0383518E+00 -7.1273343E-01 -1.1979335E+00 -5.5872938E-01
-8.8988611E-01 1.3549007E-01 -1.0248695E+00 -7.5479814E-01 -1.1541960E+00 -6.2539903E-01
-9.0057192E-01 1.2722740E-01 -1.0284431E+00 -7.7347400E-01 -1.1474947E+00 -6.5375667E-01
-9.2190430E-01 1.0482130E-01 -1.0257245E+00 -8.1806202E-01 -1.1337633E+00 -7.2086880E-01
-9.2602996E-01 1.4070748E-01 -1.0679723E+00 -7.8574399E-01 -1.2032639E+00 -6.5398290E-01
-8.8720170E-01 1.5803149E-01 -1.0257508E+00 -7.1672940E-01 -1.2128935E+00 -5.9372230E-01
-8.5991477E-01 1.6548352E-01 -1.0063499E+00 -6.8286697E-01 -1.1899259E+00 -5.4261070E-01
-8.4910913E-01 1.6522743E-01 -9.9352882E-01 -6.6965315E-01 -1.1758179E+00 -5.3237973E-01
-8.7204462E-01 1.7795317E-01 -1.0331708E+00 -6.8456175E-01 -1.2243165E+00 -5.2851969E-01
-8.8339410E-01 1.9662753E-01 -1.0633405E+00 -6.7841080E-01 -1.2910562E+00 -5.1650024E-01
-1.0414369E+00 2.1800620E-01 -1.2453737E+00 -8.1495884E-01 -1.4841038E+00 -6.3321594E-01
-1.4456634E+00 3.0629915E-01 -1.7496250E+00 -1.1407094E+00 -2.0605827E+00 -8.5906623E-01
-1.8614844E+00 4.0384564E-01 -2.2832317E+00 -1.4807465E+00 -2.6359346E+00 -1.0413792E+00
-2.2463766E+00 5.1565616E-01 -2.8347134E+00 -1.8025786E+00 -3.2071380E+00 -1.2418027E+00
-2.4014870E+00 5.7663054E-01 -3.1078383E+00 -1.9671333E+00 -3.4502672E+00 -1.3149568E+00
-2.3999371E+00 5.7790626E-01 -3.1155265E+00 -1.9737969E+00 -3.4310794E+00 -1.3006167E+00
-2.4647682E+00 6.2045627E-01 -3.2702439E+00 -2.1231746E+00 -3.4576749E+00 -1.2628602E+00
-2.4931780E+00 6.8884238E-01 -3.4105000E+00 -2.1947851E+00 -3.5000000E+00 -1.1705558E+00
-2.4877492E+00 6.9206848E-01 -3.4104090E+00 -2.1968113E+00 -3.4901885E+00 -1.1518835E+00
-2.4909669E+00 7.1940232E-01 -3.5000000E+00 -2.2389530E+00 -3.5000000E+00 -1.1128452E+00
