-1.0105529E+00 1.6677470E-01 -1.1762599E+00 -8.4657575E-01 -1.3359368E+00 -6.8111232E-01
-1.0035104E+00 1.3881556E-01 -1.1406744E+00 -8.6649500E-01 -1.2763687E+00 -7.2812771E-01
-1.0001449E+00 1.3195040E-01 -1.1296640E+00 -8.7010573E-01 -1.2615013E+00 -7.3932044E-01
-9.7021293E-01 1.1158858E-01 -1.0806408E+00 -8.5892906E-01 -1.1914819E+00 -7.5230856E-01
-9.1493370E-01 1.5003803E-01 -1.0555086E+00 -7.5962732E-01 -1.2209082E+00 -6.3230393E-01
-8.8156243E-01 1.7538969E-01 -1.0326759E+00 -6.9343872E-01 -1.2318771E+00 -5.4521319E-01
-8.8584507E-01 1.8759445E-01 -1.0424821E+00 -6.8338058E-01 -1.2653446E+00 -5.2873690E-01
-8.9811423E-01 1.8735662E-01 -1.0550061E+00 -6.9650600E-01 -1.2738179E+00 -5.4077564E-01
-9.4331598E-01 1.9580127E-01 -1.1127040E+00 -7.3287225E-01 -1.3322491E+00 -5.6986132E-01
-9.6917747E-01 2.1166688E-01 -1.1562634E+00 -7.4323126E-01 -1.3934582E+00 -5.6295694E-01
-1.0997344E+00 2.2247718E-01 -1.3097118E+00 -8.7153337E-01 -1.5506340E+00 -6.8034668E-01
-1.3825689E+00 3.1947533E-01 -1.7036276E+00 -1.0639819E+00 -2.0206231E+00 -7.7272970E-01
-1.6412249E+00 4.5083468E-01 -2.0999767E+00 -1.1833346E+00 -2.5153633E+00 -7.7640473E-01
-1.8614105E+00 6.1466481E-01 -2.5373786E+00 -1.2633568E+00 -2.9953390E+00 -6.4596505E-01
-1.9439168E+00 7.0845670E-01 -2.7805350E+00 -1.3035282E+00 -3.2499800E+00 -5.8516994E-01
-1.9417101E+00 7.1143248E-01 -2.7888236E+00 -1.3056198E+00 -3.2453577E+00 -5.7734081E-01
-1.9763632E+00 7.9077803E-01 -3.0294318E+00 -1.3898496E+00 -3.3443682E+00 -4.7159749E-01
-1.9929882E+00 8.7944837E-01 -3.2542744E+00 -1.4475731E+00 -3.4740639E+00 -3.7083680E-01
-1.9897777E+00 8.8129943E-01 -3.2685107E+00 -1.4638975E+00 -3.4431329E+00 -3.4691027E-01
-1.9931903E+00 9.0912381E-01 -3.2964722E+00 -1.4312751E+00 -3.5000000E+00 -3.3010003E-01
