-1.2134056E+00 1.8264205E-01 -1.3944456E+00 -1.0326236E+00 -1.5796790E+00 -8.6554336E-01
-1.2113437E+00 1.5698840E-01 -1.3660432E+00 -1.0555242E+00 -1.5328190E+00 -9.1643676E-01
-1.2176653E+00 1.5057377E-01 -1.3579188E+00 -1.0611326E+00 -1.5282703E+00 -9.3486674E-01
-1.1868668E+00 1.3156826E-01 -1.3074775E+00 -1.0487280E+00 -1.4594757E+00 -9.4156360E-01
-1.0680335E+00 1.6188930E-01 -1.2269656E+00 -9.0825853E-01 -1.3969062E+00 -7.6040458E-01
-9.0016507E-01 1.8700742E-01 -1.0670721E+00 -6.9912388E-01 -1.2688737E+00 -5.3884105E-01
-8.1064349E-01 2.0072446E-01 -9.8763811E-01 -5.8958499E-01 -1.2107929E+00 -4.3320227E-01
-7.8577164E-01 2.0027381E-01 -9.6265061E-01 -5.6429194E-01 -1.1834458E+00 -4.0938196E-01
-7.5109046E-01 2.0695949E-01 -9.3830706E-01 -5.2574419E-01 -1.1807535E+00 -3.7163284E-01
-7.3970110E-01 2.2274780E-01 -9.4560698E-01 -5.0056654E-01 -1.1954774E+00 -3.2300318E-01
-7.7287835E-01 2.2471493E-01 -9.9514969E-01 -5.4782310E-01 -1.2234324E+00 -3.3601424E-01
-8.9743155E-01 3.0516369E-01 -1.1986275E+00 -5.9496182E-01 -1.5127657E+00 -3.2013087E-01
-1.0551866E+00 4.5078687E-01 -1.5057474E+00 -6.0130144E-01 -1.9580885E+00 -2.0181495E-01
-1.2280816E+00 6.5253447E-01 -1.9031123E+00 -5.4093669E-01 -2.4882321E+00 -2.3878401E-03
-1.3126055E+00 7.6684040E-01 -2.1262814E+00 -4.9549011E-01 -2.7833856E+00 1.0304400E-01
-1.3159174E+00 7.7048440E-01 -2.1376594E+00 -4.9410096E-01 -2.7508037E+00 1.3304103E-01
-1.3758805E+00 8.6700949E-01 -2.2501049E+00 -3.5094454E-01 -2.9629663E+00 1.8533142E-01
-1.4139847E+00 9.6670432E-01 -2.3958242E+00 -2.4410498E-01 -3.1589660E+00 3.1746763E-01
-1.4117237E+00 9.6629953E-01 -2.4044539E+00 -2.5190663E-01 -3.1344611E+00 3.2966982E-01
-1.4186563E+00 9.9644123E-01 -2.4279672E+00 -2.0608719E-01 -3.5000000E+00 5.0000000E-01
