-1.0841515E+00 1.7852051E-01 -1.2601068E+00 -9.0847603E-01 -1.4420394E+00 -7.3404287E-01
-1.0909992E+00 1.5286297E-01 -1.2429530E+00 -9.4067724E-01 -1.3973292E+00 -7.9371405E-01
-1.0947608E+00 1.4665676E-01 -1.2386920E+00 -9.4999637E-01 -1.3875291E+00 -8.0767633E-01
-1.1124690E+00 1.2948124E-01 -1.2350131E+00 -9.7691398E-01 -1.3727112E+00 -8.6888533E-01
-1.1311011E+00 1.7121799E-01 -1.2868229E+00 -9.4722664E-01 -1.4864328E+00 -8.1620455E-01
-1.1222620E+00 2.0687746E-01 -1.3075930E+00 -8.9276120E-01 -1.5501107E+00 -7.4850326E-01
-1.1046501E+00 2.2168888E-01 -1.3094878E+00 -8.6248901E-01 -1.5404471E+00 -6.8558949E-01
-1.0950478E+00 2.2001081E-01 -1.2998678E+00 -8.5668732E-01 -1.5410647E+00 -6.9154619E-01
-1.0687136E+00 2.2455574E-01 -1.2816940E+00 -8.3233009E-01 -1.5188299E+00 -6.4456773E-01
-1.0557911E+00 2.3798724E-01 -1.2927867E+00 -8.1849058E-01 -1.5327654E+00 -5.9934028E-01
-9.9738416E-01 2.3814302E-01 -1.2225522E+00 -7.5406355E-01 -1.4831191E+00 -5.4163017E-01
-8.7285837E-01 3.1081707E-01 -1.1842496E+00 -5.6500607E-01 -1.4942065E+00 -2.7154419E-01
-7.6049116E-01 4.2569614E-01 -1.1407669E+00 -3.0524135E-01 -1.6027857E+00 5.3936331E-02
-6.7119139E-01 5.7001438E-01 -1.0947607E+00 9.8990186E-03 -1.7722080E+00 3.5149501E-01
-6.4479513E-01 6.4927006E-01 -1.0803415E+00 1.6536828E-01 -1.8411562E+00 5.0000000E-01
-6.4705201E-01 6.5047899E-01 -1.0760448E+00 1.6659729E-01 -1.8674544E+00 4.7493214E-01
-6.5518798E-01 7.1524299E-01 -1.0384977E+00 2.8343942E-01 -2.0320575E+00 4.8473124E-01
-6.7205366E-01 7.9446314E-01 -1.0231545E+00 4.1350708E-01 -2.1928769E+00 5.0000000E-01
-6.7625788E-01 7.9440356E-01 -1.0156607E+00 4.1048101E-01 -2.2060540E+00 4.9149153E-01
-6.8226011E-01 8.2209193E-01 -9.8100591E-01 5.0000000E-01 -2.2582517E+00 5.0000000E-01
