-9.3748870E-01 1.7274284E-01 -1.1063143E+00 -7.6649671E-01 -1.2809223E+00 -5.9848083E-01
-9.5484160E-01 1.4597592E-01 -1.0971860E+00 -8.1009256E-01 -1.2467390E+00 -6.7205217E-01
-9.6398498E-01 1.3853521E-01 -1.0998935E+00 -8.2829258E-01 -1.2424214E+00 -6.9504925E-01
-1.0217683E+00 1.1769827E-01 -1.1310250E+00 -9.0056937E-01 -1.2631011E+00 -7.9725095E-01
-1.1020422E+00 1.5984793E-01 -1.2519029E+00 -9.3607598E-01 -1.4294709E+00 -8.0286802E-01
-1.1144897E+00 1.9656669E-01 -1.2892450E+00 -9.0356141E-01 -1.5065671E+00 -7.4147877E-01
-1.0859020E+00 2.1632749E-01 -1.2660449E+00 -8.4335986E-01 -1.5254791E+00 -6.8713726E-01
-1.0581115E+00 2.2075525E-01 -1.2367877E+00 -8.0519391E-01 -1.5076108E+00 -6.5513122E-01
-1.0083465E+00 2.3390920E-01 -1.2051629E+00 -7.4208756E-01 -1.4807764E+00 -5.7571576E-01
-9.7707982E-01 2.5175486E-01 -1.1997262E+00 -6.9759309E-01 -1.4945910E+00 -5.2184433E-01
-9.2975484E-01 2.4874746E-01 -1.1636689E+00 -6.6704388E-01 -1.4321794E+00 -4.5940258E-01
-8.9714096E-01 3.0432616E-01 -1.1850351E+00 -5.8301364E-01 -1.5100342E+00 -3.1267464E-01
-9.3850824E-01 4.2412501E-01 -1.3570047E+00 -5.0929091E-01 -1.7992632E+00 -1.4162112E-01
-1.0431128E+00 5.9999507E-01 -1.6236139E+00 -4.0444302E-01 -2.1915907E+00 1.2148139E-01
-1.1184798E+00 7.0242592E-01 -1.8080252E+00 -3.4707359E-01 -2.4527730E+00 2.2356204E-01
-1.1253110E+00 7.0578870E-01 -1.8229382E+00 -3.5040923E-01 -2.4597127E+00 2.1950564E-01
-1.2043492E+00 7.9915175E-01 -1.9756807E+00 -2.6015365E-01 -2.6910190E+00 2.5653143E-01
-1.2650061E+00 9.0059973E-01 -2.1218505E+00 -1.6456063E-01 -2.8909639E+00 3.9144766E-01
-1.2650415E+00 9.0056388E-01 -2.1279026E+00 -1.6742437E-01 -2.8753746E+00 3.8875526E-01
-1.2793590E+00 9.3212115E-01 -2.1759452E+00 -1.4618486E-01 -2.8797375E+00 4.9734913E-01
