-1.1238861E+00 1.6304240E-01 -1.2869157E+00 -9.6193485E-01 -1.4429755E+00 -8.0415511E-01
-1.1199255E+00 1.3605249E-01 -1.2554625E+00 -9.8510908E-01 -1.3895989E+00 -8.5516831E-01
-1.1215940E+00 1.3110169E-01 -1.2520124E+00 -9.9124809E-01 -1.3820579E+00 -8.6951575E-01
-1.0993153E+00 1.1647215E-01 -1.2123516E+00 -9.8404850E-01 -1.3389781E+00 -8.7773616E-01
-1.0295086E+00 1.5685145E-01 -1.1790723E+00 -8.6682089E-01 -1.3435772E+00 -7.3434463E-01
-9.4447724E-01 1.8460407E-01 -1.0994356E+00 -7.4668792E-01 -1.3200036E+00 -5.9323949E-01
-9.0410266E-01 1.9924277E-01 -1.0631008E+00 -6.9064388E-01 -1.3132227E+00 -5.2575544E-01
-8.9420943E-01 1.9886733E-01 -1.0506965E+00 -6.7749685E-01 -1.3015569E+00 -5.1851386E-01
-8.8833548E-01 2.0718584E-01 -1.0596615E+00 -6.6234611E-01 -1.3119930E+00 -4.9481538E-01
-8.8458028E-01 2.2280032E-01 -1.0780177E+00 -6.4141283E-01 -1.3393126E+00 -4.6441300E-01
-9.5188712E-01 2.2817479E-01 -1.1643262E+00 -7.1602424E-01 -1.4158301E+00 -5.1948566E-01
-1.1500655E+00 3.2261190E-01 -1.4509465E+00 -8.1545249E-01 -1.8095712E+00 -5.3940630E-01
-1.3846921E+00 4.6411066E-01 -1.8500373E+00 -9.2304187E-01 -2.2944792E+00 -4.8140853E-01
-1.6336711E+00 6.3340133E-01 -2.3182558E+00 -1.0512548E+00 -2.8600927E+00 -3.8576333E-01
-1.7508648E+00 7.2361260E-01 -2.5805155E+00 -1.1216453E+00 -3.1118674E+00 -3.0532448E-01
-1.7533203E+00 7.2444497E-01 -2.5893822E+00 -1.1247473E+00 -3.1101237E+00 -3.0848342E-01
-1.8308346E+00 8.0051569E-01 -2.8486590E+00 -1.2111593E+00 -3.2582414E+00 -2.6661197E-01
-1.8824703E+00 8.8889341E-01 -3.0822161E+00 -1.2434586E+00 -3.4387849E+00 -2.1330725E-01
-1.8812212E+00 8.9093286E-01 -3.0838607E+00 -1.2395225E+00 -3.4249428E+00 -2.0625196E-01
-1.8910628E+00 9.2036034E-01 -3.1233910E+00 -1.2132245E+00 -3.5000000E+00 -2.0856889E-01
