-1.1877872E+00 1.7254951E-01 -1.3529863E+00 -1.0093344E+00 -1.5338366E+00 -8.5614856E-01
-1.1851229E+00 1.4374416E-01 -1.3204759E+00 -1.0354116E+00 -1.4768137E+00 -9.1409872E-01
-1.1927403E+00 1.3726647E-01 -1.3195261E+00 -1.0480370E+00 -1.4713705E+00 -9.3443089E-01
-1.1607855E+00 1.1998938E-01 -1.2699898E+00 -1.0342151E+00 -1.4099257E+00 -9.3850808E-01
-1.0378922E+00 1.5442647E-01 -1.1901602E+00 -8.8478773E-01 -1.3492035E+00 -7.4371830E-01
-8.7452153E-01 1.8049500E-01 -1.0341478E+00 -6.8173272E-01 -1.2534819E+00 -5.4447765E-01
-7.9623028E-01 1.9323839E-01 -9.5659391E-01 -5.8936101E-01 -1.1909925E+00 -4.3129828E-01
-7.8292070E-01 1.9189643E-01 -9.3986313E-01 -5.7464566E-01 -1.1682324E+00 -4.2158897E-01
-7.7880599E-01 1.9954450E-01 -9.4685501E-01 -5.6416605E-01 -1.1710558E+00 -4.0033563E-01
-7.8280990E-01 2.1664150E-01 -9.6986345E-01 -5.5155255E-01 -1.2097754E+00 -3.6757049E-01
-8.6894330E-01 2.2435023E-01 -1.0876279E+00 -6.4658457E-01 -1.3291277E+00 -4.4803364E-01
-1.0959288E+00 3.2335620E-01 -1.3973621E+00 -7.6224570E-01 -1.7575130E+00 -4.8275325E-01
-1.3368916E+00 4.6610800E-01 -1.7970586E+00 -8.6568273E-01 -2.2866422E+00 -4.5899086E-01
-1.5718103E+00 6.3506209E-01 -2.2145149E+00 -9.1559597E-01 -2.7949831E+00 -3.3185310E-01
-1.6747094E+00 7.2673082E-01 -2.4716396E+00 -9.6026051E-01 -3.0128830E+00 -2.4279074E-01
-1.6750754E+00 7.2729093E-01 -2.4763854E+00 -9.6195406E-01 -3.0086125E+00 -2.4036041E-01
-1.7399072E+00 8.0298563E-01 -2.6966772E+00 -9.9514995E-01 -3.2051090E+00 -2.1556922E-01
-1.7791734E+00 8.9157021E-01 -2.8770378E+00 -9.6951518E-01 -3.4117147E+00 -1.4618986E-01
-1.7769213E+00 8.9313576E-01 -2.8758793E+00 -9.6482281E-01 -3.4064031E+00 -1.5051131E-01
-1.7820111E+00 9.2172023E-01 -2.9170322E+00 -9.3955235E-01 -3.5000000E+00 -1.6415626E-01
