-1.2027534E+00 1.8637194E-01 -1.3873119E+00 -1.0182309E+00 -1.5678482E+00 -8.3912916E-01
-1.2143532E+00 1.6105067E-01 -1.3713141E+00 -1.0545798E+00 -1.5359865E+00 -9.0467991E-01
-1.2216027E+00 1.5570028E-01 -1.3734443E+00 -1.0667825E+00 -1.5348163E+00 -9.2304530E-01
-1.2379462E+00 1.3768285E-01 -1.3652134E+00 -1.0924628E+00 -1.5190247E+00 -9.8058862E-01
-1.2272758E+00 1.7533153E-01 -1.3928632E+00 -1.0447490E+00 -1.5817944E+00 -8.9443575E-01
-1.1428653E+00 2.1159925E-01 -1.3395014E+00 -9.1787935E-01 -1.5725987E+00 -7.5151677E-01
-1.0658324E+00 2.2690496E-01 -1.2797387E+00 -8.2544293E-01 -1.5056291E+00 -6.2764646E-01
-1.0277315E+00 2.2619631E-01 -1.2419129E+00 -7.8884200E-01 -1.4679328E+00 -5.9295232E-01
-9.5017576E-01 2.3104287E-01 -1.1655061E+00 -7.0449029E-01 -1.4222451E+00 -5.1883116E-01
-9.1135497E-01 2.4415971E-01 -1.1430906E+00 -6.5434788E-01 -1.4048668E+00 -4.5219796E-01
-8.0994854E-01 2.3967497E-01 -1.0348623E+00 -5.5827379E-01 -1.2952801E+00 -3.5366157E-01
-6.5027513E-01 3.0639434E-01 -9.3507577E-01 -3.3021708E-01 -1.2768702E+00 -6.7124035E-02
-5.6160045E-01 4.1815688E-01 -9.2780783E-01 -9.3625197E-02 -1.3847838E+00 2.2544449E-01
-5.4277108E-01 5.5782277E-01 -9.4794500E-01 1.6453865E-01 -1.5914524E+00 4.4702388E-01
-5.6684464E-01 6.3556447E-01 -9.5914954E-01 2.8252894E-01 -1.7467322E+00 5.0000000E-01
-5.7342071E-01 6.3651360E-01 -9.5734554E-01 2.8005057E-01 -1.7715155E+00 4.8813810E-01
-6.3025851E-01 7.0816859E-01 -1.0010593E+00 3.0839699E-01 -2.0134397E+00 4.7330475E-01
-6.8408689E-01 7.9655191E-01 -1.0455847E+00 4.0354565E-01 -2.2124003E+00 5.0000000E-01
-6.8649135E-01 7.9962365E-01 -1.0364571E+00 4.1048800E-01 -2.2329534E+00 4.8586770E-01
-7.0095427E-01 8.2940354E-01 -1.0184040E+00 4.9451289E-01 -2.2880701E+00 5.0000000E-01
