-9.5896840E-01 1.7683859E-01 -1.1353008E+00 -7.8324079E-01 -1.3059705E+00 -6.1480636E-01
-9.7719777E-01 1.5192496E-01 -1.1302924E+00 -8.2411664E-01 -1.2745869E+00 -6.8696852E-01
-9.8134176E-01 1.4588384E-01 -1.1215812E+00 -8.2778741E-01 -1.2695863E+00 -7.0499706E-01
-1.0448381E+00 1.2579550E-01 -1.1630833E+00 -9.1234008E-01 -1.2993706E+00 -8.0852821E-01
-1.1700971E+00 1.6835452E-01 -1.3286642E+00 -9.9362072E-01 -1.5115663E+00 -8.5261817E-01
-1.2528032E+00 2.0280179E-01 -1.4370200E+00 -1.0348266E+00 -1.6714594E+00 -8.7954090E-01
-1.2605479E+00 2.1841500E-01 -1.4605918E+00 -1.0269164E+00 -1.7098085E+00 -8.5650462E-01
-1.2440979E+00 2.1917484E-01 -1.4444120E+00 -1.0097582E+00 -1.6947206E+00 -8.3153056E-01
-1.2038195E+00 2.2639960E-01 -1.4277392E+00 -9.7732375E-01 -1.6595767E+00 -7.7422814E-01
-1.1786132E+00 2.4100460E-01 -1.4192310E+00 -9.3676223E-01 -1.6524505E+00 -7.1635886E-01
-1.0848766E+00 2.3929868E-01 -1.3231857E+00 -8.4539420E-01 -1.5569441E+00 -6.1947601E-01
-9.0226581E-01 3.0609138E-01 -1.2038751E+00 -5.9817990E-01 -1.5048825E+00 -2.9961684E-01
-7.6366501E-01 4.1659493E-01 -1.1584107E+00 -3.2330949E-01 -1.6134967E+00 1.3366186E-02
-6.7572684E-01 5.5557375E-01 -1.1456040E+00 -2.7399539E-02 -1.7531272E+00 3.4815768E-01
-6.6062914E-01 6.3295823E-01 -1.1142446E+00 1.4703326E-01 -1.8392867E+00 4.7393876E-01
-6.6642399E-01 6.3343431E-01 -1.1061671E+00 1.5084925E-01 -1.8701787E+00 4.3996603E-01
-6.9079355E-01 7.0006939E-01 -1.0874129E+00 2.4414930E-01 -2.0460073E+00 4.3448368E-01
-7.1818891E-01 7.8315265E-01 -1.1118445E+00 3.5643494E-01 -2.1945817E+00 5.0000000E-01
-7.2150121E-01 7.8508979E-01 -1.0941117E+00 3.7227047E-01 -2.2190437E+00 4.7852194E-01
-7.3075071E-01 8.1296691E-01 -1.1043465E+00 4.2699263E-01 -2.2631778E+00 5.0000000E-01
