-1.3124069E+00 1.7109653E-01 -1.4832278E+00 -1.1407197E+00 -1.6512163E+00 -9.8327779E-01
-1.2897685E+00 1.4448970E-01 -1.4332334E+00 -1.1450009E+00 -1.5784273E+00 -1.0169342E+00
-1.2908319E+00 1.3833194E-01 -1.4219031E+00 -1.1470935E+00 -1.5680878E+00 -1.0293727E+00
-1.1843118E+00 1.1570568E-01 -1.2919127E+00 -1.0643768E+00 -1.4218540E+00 -9.6594149E-01
-9.1747285E-01 1.4354203E-01 -1.0579458E+00 -7.7432760E-01 -1.2074787E+00 -6.4067067E-01
-6.5685563E-01 1.5651446E-01 -7.9698010E-01 -4.9553645E-01 -9.8336509E-01 -3.6308383E-01
-5.6385261E-01 1.5889332E-01 -7.0423239E-01 -3.9800469E-01 -8.7657491E-01 -2.5977295E-01
-5.6293023E-01 1.5576150E-01 -7.0136487E-01 -4.0257634E-01 -8.6575002E-01 -2.6208692E-01
-5.9094737E-01 1.6540955E-01 -7.3623110E-01 -4.2115157E-01 -9.1738216E-01 -2.7171327E-01
-6.1158451E-01 1.8448715E-01 -7.7808726E-01 -4.2502504E-01 -9.9475638E-01 -2.6529553E-01
-7.9523547E-01 2.0871007E-01 -9.8737578E-01 -5.7793743E-01 -1.2212639E+00 -4.0247570E-01
-1.2542532E+00 3.1553516E-01 -1.5491333E+00 -9.2011898E-01 -1.8895148E+00 -6.6291048E-01
-1.7208780E+00 4.2092814E-01 -2.1445912E+00 -1.2951613E+00 -2.5508769E+00 -9.0891731E-01
-2.1543115E+00 5.2361912E-01 -2.7184156E+00 -1.6618894E+00 -3.1657854E+00 -1.1570262E+00
-2.3325243E+00 5.7573317E-01 -2.9968249E+00 -1.8490706E+00 -3.4244640E+00 -1.2658659E+00
-2.3303586E+00 5.7534365E-01 -2.9979116E+00 -1.8560469E+00 -3.4065734E+00 -1.2558185E+00
-2.4205476E+00 6.1179448E-01 -3.2065421E+00 -2.0320748E+00 -3.4481429E+00 -1.2716173E+00
-2.4690271E+00 6.7319434E-01 -3.3889712E+00 -2.1322744E+00 -3.5000000E+00 -1.2297809E+00
-2.4640132E+00 6.7328413E-01 -3.3928912E+00 -2.1407223E+00 -3.4838163E+00 -1.2138165E+00
-2.4713370E+00 6.9696030E-01 -3.4806426E+00 -2.1808726E+00 -3.5000000E+00 -1.1857296E+00
