-1.1458221E+00 1.7128381E-01 -1.3165685E+00 -9.7440695E-01 -1.4829040E+00 -8.1661584E-01
-1.1397774E+00 1.4644906E-01 -1.2854730E+00 -9.9244800E-01 -1.4274645E+00 -8.5857233E-01
-1.1377338E+00 1.4163390E-01 -1.2794049E+00 -9.9534628E-01 -1.4176822E+00 -8.6675963E-01
-1.1246509E+00 1.2404722E-01 -1.2416006E+00 -9.9682742E-01 -1.3750689E+00 -8.8921889E-01
-1.0940254E+00 1.6296740E-01 -1.2407149E+00 -9.2035132E-01 -1.4255397E+00 -7.8758201E-01
-1.0661829E+00 2.0294292E-01 -1.2414045E+00 -8.4811272E-01 -1.4771492E+00 -6.8120117E-01
-1.0571084E+00 2.2332954E-01 -1.2465580E+00 -8.1105949E-01 -1.5055986E+00 -6.3413538E-01
-1.0586253E+00 2.2293504E-01 -1.2478463E+00 -8.1055995E-01 -1.5055269E+00 -6.3953742E-01
-1.0625671E+00 2.2601513E-01 -1.2598890E+00 -8.1026515E-01 -1.5116238E+00 -6.4007256E-01
-1.0668425E+00 2.3880697E-01 -1.2806999E+00 -8.0343715E-01 -1.5402705E+00 -6.1734171E-01
-1.0743623E+00 2.3429119E-01 -1.3063253E+00 -8.4195946E-01 -1.5452678E+00 -6.2671908E-01
-1.0910268E+00 3.2359419E-01 -1.3958505E+00 -7.5440967E-01 -1.7519042E+00 -4.8009005E-01
-1.1068687E+00 4.7827800E-01 -1.5409357E+00 -5.9577939E-01 -2.0520360E+00 -1.7961021E-01
-1.1232172E+00 6.6706935E-01 -1.7209376E+00 -3.6206765E-01 -2.4289495E+00 1.2445051E-01
-1.1314997E+00 7.6873015E-01 -1.8171060E+00 -2.1350948E-01 -2.6097046E+00 2.7240092E-01
-1.1324253E+00 7.7173396E-01 -1.8185184E+00 -2.0614436E-01 -2.6155102E+00 2.6710971E-01
-1.1420297E+00 8.5343303E-01 -1.7975121E+00 4.0159774E-03 -2.7555104E+00 3.1251888E-01
-1.1494825E+00 9.4075797E-01 -1.8018604E+00 1.8410743E-01 -2.8814845E+00 4.4381022E-01
-1.1484088E+00 9.4291952E-01 -1.8040930E+00 1.9004112E-01 -2.8815637E+00 4.3864305E-01
-1.1509758E+00 9.7153994E-01 -1.8441596E+00 2.1991671E-01 -2.8945992E+00 5.0000000E-01
