-8.8502548E-01 1.6906461E-01 -1.0517936E+00 -7.1806099E-01 -1.2186399E+00 -5.4978861E-01
-8.9252001E-01 1.4293131E-01 -1.0326658E+00 -7.5112649E-01 -1.1733989E+00 -6.1167194E-01
-8.9410397E-01 1.3753753E-01 -1.0304199E+00 -7.5795038E-01 -1.1651409E+00 -6.2426276E-01
-9.3112597E-01 1.1835165E-01 -1.0476798E+00 -8.1344422E-01 -1.1694572E+00 -7.0339719E-01
-1.0201976E+00 1.5989172E-01 -1.1664358E+00 -8.4945816E-01 -1.3499196E+00 -7.2541168E-01
-1.1114270E+00 1.9817831E-01 -1.2803405E+00 -8.9571191E-01 -1.5117122E+00 -7.3713809E-01
-1.1513155E+00 2.1798824E-01 -1.3355249E+00 -9.0969849E-01 -1.5902145E+00 -7.4416974E-01
-1.1563913E+00 2.1913846E-01 -1.3393637E+00 -9.1050811E-01 -1.6010903E+00 -7.5222305E-01
-1.1697298E+00 2.2484340E-01 -1.3615932E+00 -9.2038099E-01 -1.6228805E+00 -7.4728444E-01
-1.1731634E+00 2.3909830E-01 -1.3851812E+00 -9.1433488E-01 -1.6724684E+00 -7.3539316E-01
-1.1878094E+00 2.3940493E-01 -1.4090228E+00 -9.3678097E-01 -1.6835059E+00 -7.4118433E-01
-1.2088605E+00 3.3116170E-01 -1.5086921E+00 -8.5500558E-01 -1.8980065E+00 -5.9743935E-01
-1.2226430E+00 4.7737564E-01 -1.6526189E+00 -7.0437693E-01 -2.2209599E+00 -3.4356086E-01
-1.2382484E+00 6.5580304E-01 -1.8361855E+00 -4.9917127E-01 -2.5773214E+00 -4.2421261E-02
-1.2496398E+00 7.5385561E-01 -1.9396755E+00 -3.6823770E-01 -2.7109267E+00 1.4515612E-01
-1.2503658E+00 7.5530472E-01 -1.9401272E+00 -3.6203745E-01 -2.7100666E+00 1.4165026E-01
-1.2708523E+00 8.4109965E-01 -2.0140852E+00 -2.1319537E-01 -2.8589572E+00 2.1702341E-01
-1.2889603E+00 9.3789824E-01 -2.1230105E+00 -9.4034410E-02 -3.0119512E+00 3.8200053E-01
-1.2891593E+00 9.3984362E-01 -2.1253249E+00 -9.4584584E-02 -3.0043915E+00 3.9063305E-01
-1.2952601E+00 9.7148207E-01 -2.1671667E+00 -6.1215373E-02 -3.5000000E+00 5.0000000E-01
