-1.0950242E+00 1.6286469E-01 -1.2567224E+00 -9.3337249E-01 -1.4144325E+00 -7.7517657E-01
-1.0601600E+00 1.3742247E-01 -1.1960684E+00 -9.2346544E-01 -1.3310028E+00 -7.9256189E-01
-1.0470188E+00 1.3229500E-01 -1.1782326E+00 -9.1624675E-01 -1.3109944E+00 -7.9325815E-01
-9.4054918E-01 1.1391575E-01 -1.0436761E+00 -8.2155081E-01 -1.1744760E+00 -7.2728111E-01
-7.5704936E-01 1.4414218E-01 -9.0060907E-01 -6.1322721E-01 -1.0467797E+00 -4.8302666E-01
-6.6592043E-01 1.5582982E-01 -8.1191789E-01 -5.0201257E-01 -9.8432339E-01 -3.7135774E-01
-6.8428052E-01 1.6225192E-01 -8.2861084E-01 -5.1102105E-01 -1.0061489E+00 -3.6784169E-01
-7.2449844E-01 1.6275427E-01 -8.6501518E-01 -5.5346332E-01 -1.0521327E+00 -4.1152095E-01
-8.2309714E-01 1.7756897E-01 -9.7799566E-01 -6.3278012E-01 -1.1765755E+00 -4.8242297E-01
-8.7709733E-01 1.9857832E-01 -1.0564944E+00 -6.6533484E-01 -1.2676916E+00 -4.9424534E-01
-1.0891950E+00 2.2007955E-01 -1.3081374E+00 -8.7033700E-01 -1.5357341E+00 -6.7302271E-01
-1.5218716E+00 3.2140693E-01 -1.8434079E+00 -1.2057656E+00 -2.1589549E+00 -9.0306411E-01
-1.8930210E+00 4.4232931E-01 -2.3352796E+00 -1.4657788E+00 -2.7641511E+00 -1.0227791E+00
-2.1903052E+00 5.8487858E-01 -2.8580114E+00 -1.7281939E+00 -3.2635138E+00 -1.0683961E+00
-2.2936229E+00 6.6166969E-01 -3.0859986E+00 -1.8225386E+00 -3.4771117E+00 -1.0753333E+00
-2.2888833E+00 6.6248764E-01 -3.0890914E+00 -1.8268178E+00 -3.4499846E+00 -1.0457636E+00
-2.3192732E+00 7.1929088E-01 -3.2422858E+00 -1.9209562E+00 -3.4700909E+00 -9.4785833E-01
-2.3247949E+00 7.9099738E-01 -3.3906688E+00 -1.9682117E+00 -3.5000000E+00 -8.2659666E-01
-2.3222015E+00 7.9302902E-01 -3.4000870E+00 -1.9793664E+00 -3.4872463E+00 -8.0627948E-01
-2.3222739E+00 8.1755843E-01 -3.4912417E+00 -2.0147499E+00 -3.5000000E+00 -7.6650994E-01
