-1.2835418E+00 1.7372829E-01 -1.4567397E+00 -1.1120219E+00 -1.6270390E+00 -9.4631417E-01
-1.2683005E+00 1.4914945E-01 -1.4168229E+00 -1.1194897E+00 -1.5617472E+00 -9.7969661E-01
-1.2670969E+00 1.4410607E-01 -1.4100136E+00 -1.1235786E+00 -1.5531240E+00 -9.8693314E-01
-1.2034683E+00 1.2627370E-01 -1.3207464E+00 -1.0725067E+00 -1.4617007E+00 -9.6500946E-01
-1.0564156E+00 1.5966911E-01 -1.1977910E+00 -8.8621263E-01 -1.3882948E+00 -7.6459110E-01
-9.1851622E-01 1.8806847E-01 -1.0787431E+00 -7.1632149E-01 -1.2921108E+00 -5.6044696E-01
-8.6554249E-01 2.0271867E-01 -1.0310489E+00 -6.4160825E-01 -1.2752437E+00 -4.8654229E-01
-8.6083080E-01 2.0365181E-01 -1.0231447E+00 -6.3246148E-01 -1.2723024E+00 -4.8104275E-01
-8.5402834E-01 2.1281546E-01 -1.0268680E+00 -6.1649851E-01 -1.2833380E+00 -4.5443229E-01
-8.5361125E-01 2.2893368E-01 -1.0470162E+00 -6.0090598E-01 -1.3169802E+00 -4.2007521E-01
-8.9005763E-01 2.3084837E-01 -1.1180577E+00 -6.6049971E-01 -1.3627501E+00 -4.5462617E-01
-1.0043891E+00 3.0986950E-01 -1.2936627E+00 -6.8143872E-01 -1.6344228E+00 -4.1618162E-01
-1.1490910E+00 4.4790380E-01 -1.5746236E+00 -6.8501645E-01 -2.0665202E+00 -2.9769501E-01
-1.3096663E+00 6.2984173E-01 -1.9271498E+00 -6.3984766E-01 -2.5394539E+00 -1.0517152E-01
-1.3892071E+00 7.3437318E-01 -2.1673662E+00 -6.2203521E-01 -2.7871268E+00 7.1743894E-03
-1.3904947E+00 7.3841885E-01 -2.1746060E+00 -6.1564620E-01 -2.7925970E+00 1.3296150E-02
-1.4530488E+00 8.2652921E-01 -2.3569898E+00 -5.5980454E-01 -2.9731895E+00 7.7771015E-02
-1.4987204E+00 9.1970111E-01 -2.5126025E+00 -4.9352701E-01 -3.1722396E+00 2.0518584E-01
-1.4992036E+00 9.2054061E-01 -2.5113941E+00 -4.9335624E-01 -3.1769901E+00 2.0709718E-01
-1.5089822E+00 9.5136505E-01 -2.5524503E+00 -4.6608913E-01 -3.5000000E+00 5.0000000E-01
