-1.2132209E+00 1.7666415E-01 -1.3905953E+00 -1.0373991E+00 -1.5582017E+00 -8.7150382E-01
-1.2081709E+00 1.5140008E-01 -1.3599734E+00 -1.0584985E+00 -1.5084691E+00 -9.1621286E-01
-1.2066702E+00 1.4637404E-01 -1.3461706E+00 -1.0565363E+00 -1.4982367E+00 -9.2418292E-01
-1.1920194E+00 1.2781826E-01 -1.3111521E+00 -1.0600017E+00 -1.4533977E+00 -9.4785414E-01
-1.1548277E+00 1.6377638E-01 -1.3174696E+00 -9.9539771E-01 -1.4849681E+00 -8.4016899E-01
-1.1060873E+00 1.9473971E-01 -1.2847090E+00 -9.0069813E-01 -1.5124156E+00 -7.4366913E-01
-1.0767144E+00 2.1225853E-01 -1.2701048E+00 -8.5018000E-01 -1.5155711E+00 -6.8480888E-01
-1.0662346E+00 2.1368792E-01 -1.2607577E+00 -8.3393551E-01 -1.5059922E+00 -6.7064010E-01
-1.0375502E+00 2.2075743E-01 -1.2492912E+00 -8.0369846E-01 -1.4800834E+00 -6.2286673E-01
-1.0226353E+00 2.3553542E-01 -1.2623475E+00 -7.8579799E-01 -1.4885150E+00 -5.7412300E-01
-9.7197570E-01 2.3324367E-01 -1.2074660E+00 -7.3839025E-01 -1.4303256E+00 -5.2506075E-01
-8.8276897E-01 3.0429859E-01 -1.1847226E+00 -5.8281130E-01 -1.4890284E+00 -2.9713939E-01
-8.2284172E-01 4.2672837E-01 -1.2269528E+00 -3.8081053E-01 -1.7035374E+00 -2.7122826E-02
-7.9361824E-01 5.8116815E-01 -1.2919679E+00 -1.2757656E-01 -1.9252862E+00 2.9136657E-01
-7.9519295E-01 6.6897524E-01 -1.3174191E+00 2.0477908E-02 -2.0677563E+00 4.2190052E-01
-7.9698505E-01 6.7103033E-01 -1.3122113E+00 2.6719504E-02 -2.0849355E+00 4.0839810E-01
-8.2208205E-01 7.4930121E-01 -1.2896211E+00 1.7549798E-01 -2.2787743E+00 4.1328841E-01
-8.4920259E-01 8.4060769E-01 -1.3023545E+00 3.3021497E-01 -2.4368753E+00 4.9207169E-01
-8.4982980E-01 8.4364746E-01 -1.2787074E+00 3.5283343E-01 -2.4564798E+00 4.6877583E-01
-8.5574782E-01 8.7492711E-01 -1.2941504E+00 4.1004208E-01 -2.4938533E+00 5.0000000E-01
