-9.1258618E-01 1.6927048E-01 -1.0800935E+00 -7.4302624E-01 -1.2383402E+00 -5.7953077E-01
-9.2654513E-01 1.4406930E-01 -1.0685382E+00 -7.8332357E-01 -1.2108700E+00 -6.4560699E-01
-9.3066412E-01 1.3900987E-01 -1.0695308E+00 -7.9291261E-01 -1.2062426E+00 -6.5791334E-01
-9.8426138E-01 1.2031908E-01 -1.1054876E+00 -8.6497304E-01 -1.2261629E+00 -7.5505385E-01
-1.0928897E+00 1.5905091E-01 -1.2419807E+00 -9.3092781E-01 -1.4213344E+00 -7.8933701E-01
-1.1828917E+00 1.9978143E-01 -1.3595373E+00 -9.6303530E-01 -1.6016734E+00 -8.1861217E-01
-1.2115010E+00 2.2064794E-01 -1.4060094E+00 -9.6557388E-01 -1.6709416E+00 -8.1253947E-01
-1.2101975E+00 2.2304404E-01 -1.4015946E+00 -9.5905562E-01 -1.6796349E+00 -8.0581870E-01
-1.2065397E+00 2.3081160E-01 -1.4097408E+00 -9.5412941E-01 -1.6883428E+00 -7.8435653E-01
-1.2034863E+00 2.4495706E-01 -1.4295136E+00 -9.4354027E-01 -1.7060597E+00 -7.4363472E-01
-1.1679900E+00 2.4246576E-01 -1.4045494E+00 -9.2815925E-01 -1.6586654E+00 -6.9803627E-01
-1.0707083E+00 3.1079223E-01 -1.3640246E+00 -7.5420997E-01 -1.6965652E+00 -4.7256499E-01
-9.6461587E-01 4.3024293E-01 -1.3618590E+00 -5.0016215E-01 -1.8422805E+00 -1.6778543E-01
-8.6749162E-01 5.8938324E-01 -1.3852031E+00 -1.8517555E-01 -2.0041533E+00 2.2937060E-01
-8.3167089E-01 6.7916117E-01 -1.3773573E+00 -2.1449184E-04 -2.1130667E+00 4.1684024E-01
-8.3320026E-01 6.8190535E-01 -1.3748787E+00 4.6441072E-03 -2.1266652E+00 4.1061405E-01
-8.2989179E-01 7.6134593E-01 -1.3026733E+00 1.7464807E-01 -2.3244695E+00 4.2802737E-01
-8.3816419E-01 8.5284109E-01 -1.2677394E+00 3.4160970E-01 -2.4805617E+00 5.0000000E-01
-8.4189877E-01 8.5324072E-01 -1.2462987E+00 3.5598693E-01 -2.5047019E+00 4.7046229E-01
-8.4503671E-01 8.8084061E-01 -1.2612305E+00 4.0120077E-01 -2.5357971E+00 5.0000000E-01
