-9.2774858E-01 1.6813773E-01 -1.0942357E+00 -7.6224876E-01 -1.2603445E+00 -6.0032377E-01
-9.4602648E-01 1.4108500E-01 -1.0853064E+00 -8.0739178E-01 -1.2280377E+00 -6.7389370E-01
-9.5951837E-01 1.3494866E-01 -1.0933655E+00 -8.2686025E-01 -1.2294393E+00 -6.9902819E-01
-1.0066836E+00 1.1811999E-01 -1.1235996E+00 -8.8912842E-01 -1.2487971E+00 -7.8241205E-01
-1.0540314E+00 1.6073710E-01 -1.2002553E+00 -8.8508246E-01 -1.3896067E+00 -7.5606986E-01
-1.0227710E+00 1.9063226E-01 -1.1795212E+00 -8.1650247E-01 -1.4162820E+00 -6.6186744E-01
-9.7138796E-01 2.0694960E-01 -1.1345943E+00 -7.4208319E-01 -1.3955805E+00 -5.8477167E-01
-9.3991400E-01 2.0909321E-01 -1.1037491E+00 -7.0524180E-01 -1.3674684E+00 -5.5042997E-01
-9.0586772E-01 2.1927148E-01 -1.0911474E+00 -6.6314925E-01 -1.3471932E+00 -4.9486850E-01
-8.8826036E-01 2.3684758E-01 -1.0935832E+00 -6.2522902E-01 -1.3841779E+00 -4.5905243E-01
-9.1575988E-01 2.3810298E-01 -1.1327196E+00 -6.6112356E-01 -1.4086451E+00 -4.7486878E-01
-1.0483213E+00 3.3544796E-01 -1.3421039E+00 -6.8970003E-01 -1.7442537E+00 -4.3069618E-01
-1.2367394E+00 4.9420929E-01 -1.6933435E+00 -7.3007682E-01 -2.2587557E+00 -2.9709031E-01
-1.4484594E+00 6.9141852E-01 -2.1523232E+00 -7.3219786E-01 -2.7848117E+00 -1.0097089E-01
-1.5486615E+00 7.9821226E-01 -2.4311177E+00 -7.4587476E-01 -3.0185234E+00 1.0503608E-02
-1.5517558E+00 7.9995074E-01 -2.4459283E+00 -7.5225118E-01 -3.0147226E+00 6.2352446E-03
-1.6187983E+00 8.8884335E-01 -2.7516969E+00 -8.2073715E-01 -3.1779202E+00 4.8622382E-02
-1.6637662E+00 9.8365352E-01 -2.9902339E+00 -8.1968818E-01 -3.3802115E+00 1.1747000E-01
-1.6629835E+00 9.8375339E-01 -2.9869443E+00 -8.1436566E-01 -3.3791951E+00 1.0476364E-01
-1.6727955E+00 1.0132486E+00 -3.0396435E+00 -7.9485570E-01 -3.5000000E+00 5.0000000E-01
