-8.3671784E-01 1.7605018E-01 -1.0109132E+00 -6.6175330E-01 -1.1841986E+00 -4.9525236E-01
-8.7267172E-01 1.4877989E-01 -1.0197015E+00 -7.2548346E-01 -1.1704750E+00 -5.8484175E-01
-8.9210145E-01 1.4221070E-01 -1.0324270E+00 -7.5122378E-01 -1.1750167E+00 -6.1514069E-01
-9.9352975E-01 1.2124377E-01 -1.1063685E+00 -8.6829987E-01 -1.2408434E+00 -7.6113226E-01
-1.1411037E+00 1.5851425E-01 -1.2970906E+00 -9.8477854E-01 -1.4594661E+00 -8.3996609E-01
-1.1733099E+00 1.9671789E-01 -1.3533058E+00 -9.6055564E-01 -1.5749796E+00 -8.1460659E-01
-1.1266918E+00 2.1941492E-01 -1.3219679E+00 -8.8520351E-01 -1.5596221E+00 -7.1182273E-01
-1.0790702E+00 2.2119974E-01 -1.2776387E+00 -8.3597996E-01 -1.5133726E+00 -6.5978447E-01
-9.9443496E-01 2.3230557E-01 -1.2052695E+00 -7.4028907E-01 -1.4503450E+00 -5.5742387E-01
-9.4542971E-01 2.4846896E-01 -1.1705619E+00 -6.7317560E-01 -1.4291021E+00 -4.7414107E-01
-8.5844860E-01 2.4221912E-01 -1.0960020E+00 -6.1791348E-01 -1.3477356E+00 -3.9630159E-01
-7.7406271E-01 3.0032257E-01 -1.0690199E+00 -4.7256878E-01 -1.3805213E+00 -2.0494982E-01
-7.9698837E-01 4.3283802E-01 -1.1865784E+00 -3.3284447E-01 -1.6621698E+00 3.6350274E-02
-9.0697190E-01 6.2112750E-01 -1.4492113E+00 -1.9370608E-01 -2.1190413E+00 2.5936911E-01
-9.9284360E-01 7.2850342E-01 -1.6206705E+00 -1.2252102E-01 -2.3751686E+00 3.5285594E-01
-1.0017705E+00 7.3228400E-01 -1.6293262E+00 -1.2087664E-01 -2.3905779E+00 3.4216995E-01
-1.0925894E+00 8.2671057E-01 -1.7446666E+00 -1.3535027E-02 -2.6486771E+00 3.4610750E-01
-1.1639904E+00 9.2676423E-01 -1.8704214E+00 9.0323533E-02 -2.8668450E+00 4.4354239E-01
-1.1653165E+00 9.2819084E-01 -1.8873456E+00 7.7329082E-02 -2.8682613E+00 4.3245123E-01
-1.1829617E+00 9.5921165E-01 -1.9334994E+00 1.0762350E-01 -2.8955106E+00 5.0000000E-01
