-9.4915439E-01 1.7776669E-01 -1.1261310E+00 -7.7188944E-01 -1.3084577E+00 -6.0888100E-01
-9.6903284E-01 1.5040651E-01 -1.1104672E+00 -8.1380762E-01 -1.2729671E+00 -6.8169900E-01
-9.8348432E-01 1.4242676E-01 -1.1166290E+00 -8.3727626E-01 -1.2738079E+00 -7.1283152E-01
-1.0305003E+00 1.1814421E-01 -1.1457587E+00 -9.1365054E-01 -1.2681068E+00 -8.0297738E-01
-1.0688329E+00 1.5484368E-01 -1.2118898E+00 -9.0556359E-01 -1.3830762E+00 -7.8048837E-01
-1.0209719E+00 1.8918238E-01 -1.1871562E+00 -8.1657782E-01 -1.3934565E+00 -6.6135471E-01
-9.6084024E-01 2.0593169E-01 -1.1338954E+00 -7.3261481E-01 -1.3746820E+00 -5.7432166E-01
-9.2627404E-01 2.0558966E-01 -1.0966215E+00 -6.9321296E-01 -1.3373560E+00 -5.4647032E-01
-8.7707679E-01 2.1460474E-01 -1.0652726E+00 -6.3891724E-01 -1.3052722E+00 -4.7417549E-01
-8.4885074E-01 2.3139344E-01 -1.0573216E+00 -5.9631246E-01 -1.3323189E+00 -4.2925292E-01
-8.3847667E-01 2.3397234E-01 -1.0569266E+00 -5.8714884E-01 -1.3128878E+00 -4.0194021E-01
-9.0245432E-01 3.0634582E-01 -1.2055105E+00 -6.0025969E-01 -1.5269856E+00 -3.2818866E-01
-1.0419423E+00 4.3492860E-01 -1.4396942E+00 -5.9317849E-01 -1.9497915E+00 -2.2785887E-01
-1.2384016E+00 6.1703292E-01 -1.8611502E+00 -6.0798769E-01 -2.4804203E+00 -7.9622843E-02
-1.3512590E+00 7.2529131E-01 -2.1043290E+00 -5.9159067E-01 -2.7640222E+00 1.0771655E-02
-1.3590406E+00 7.2865117E-01 -2.1169619E+00 -5.9433249E-01 -2.7750020E+00 1.4014571E-03
-1.4486887E+00 8.2534459E-01 -2.3461392E+00 -5.5304654E-01 -2.9871475E+00 5.5154115E-02
-1.5122314E+00 9.3158583E-01 -2.5422727E+00 -4.9112054E-01 -3.2150337E+00 1.9021344E-01
-1.5125372E+00 9.3439980E-01 -2.5477869E+00 -4.8862205E-01 -3.2213599E+00 1.9386477E-01
-1.5291977E+00 9.6884441E-01 -2.6018150E+00 -4.6923471E-01 -3.5000000E+00 5.0000000E-01
