-1.1772615E+00 1.7427372E-01 -1.3492879E+00 -1.0043438E+00 -1.5230432E+00 -8.3792346E-01
-1.1668555E+00 1.4722485E-01 -1.3118185E+00 -1.0213412E+00 -1.4589324E+00 -8.8012848E-01
-1.1674563E+00 1.4117302E-01 -1.3078390E+00 -1.0264769E+00 -1.4474565E+00 -8.9434861E-01
-1.1228550E+00 1.1863351E-01 -1.2400930E+00 -1.0052611E+00 -1.3625650E+00 -8.9840394E-01
-1.0117336E+00 1.5313812E-01 -1.1521875E+00 -8.5049778E-01 -1.3270604E+00 -7.2221666E-01
-9.0817411E-01 1.8133254E-01 -1.0672049E+00 -7.1506997E-01 -1.2697909E+00 -5.5753944E-01
-8.7393037E-01 1.9752728E-01 -1.0451239E+00 -6.5893444E-01 -1.2632872E+00 -4.9687504E-01
-8.7382688E-01 1.9849599E-01 -1.0426936E+00 -6.5497384E-01 -1.2719891E+00 -5.0080689E-01
-8.8073555E-01 2.0936749E-01 -1.0568536E+00 -6.5126206E-01 -1.3067484E+00 -4.8675722E-01
-8.8407003E-01 2.2773429E-01 -1.0814894E+00 -6.3888781E-01 -1.3439309E+00 -4.5179280E-01
-9.4192069E-01 2.3273544E-01 -1.1540952E+00 -6.9763178E-01 -1.4288448E+00 -5.1251230E-01
-1.1099592E+00 3.1336422E-01 -1.4164997E+00 -7.9661478E-01 -1.7545047E+00 -5.1777076E-01
-1.3075015E+00 4.5225146E-01 -1.7357561E+00 -8.3203320E-01 -2.2333070E+00 -4.6407703E-01
-1.5157004E+00 6.3709630E-01 -2.1661518E+00 -8.5837359E-01 -2.7481920E+00 -2.8381822E-01
-1.6145294E+00 7.4096624E-01 -2.4353307E+00 -8.8449070E-01 -2.9777173E+00 -1.6584900E-01
-1.6181219E+00 7.4373952E-01 -2.4492608E+00 -8.8711143E-01 -2.9810822E+00 -1.6748956E-01
-1.6881697E+00 8.3404650E-01 -2.7319235E+00 -9.3544975E-01 -3.1631452E+00 -1.2231723E-01
-1.7343663E+00 9.3204807E-01 -2.9471028E+00 -9.0938021E-01 -3.3831709E+00 -4.1137482E-02
-1.7309178E+00 9.3417080E-01 -2.9272923E+00 -8.8273653E-01 -3.3770059E+00 -4.0888024E-02
-1.7400232E+00 9.6484860E-01 -2.9838496E+00 -8.7263013E-01 -3.5000000E+00 -6.0651204E-02
