-1.1299130E+00 1.7631522E-01 -1.3054144E+00 -9.5533011E-01 -1.4747256E+00 -7.8645429E-01
-1.1324621E+00 1.4981816E-01 -1.2818723E+00 -9.8362561E-01 -1.4254333E+00 -8.3934516E-01
-1.1381505E+00 1.4427193E-01 -1.2822516E+00 -9.9452048E-01 -1.4232627E+00 -8.5606538E-01
-1.1329978E+00 1.2547990E-01 -1.2503824E+00 -1.0004691E+00 -1.3893515E+00 -8.9704888E-01
-1.0891162E+00 1.5806120E-01 -1.2364218E+00 -9.2122131E-01 -1.4125156E+00 -7.9536412E-01
-1.0166447E+00 1.8996467E-01 -1.1835989E+00 -8.1051858E-01 -1.4149327E+00 -6.7026001E-01
-9.7652206E-01 2.1016493E-01 -1.1556204E+00 -7.4608119E-01 -1.3930918E+00 -5.8078943E-01
-9.6361134E-01 2.1081624E-01 -1.1374471E+00 -7.2559677E-01 -1.3842616E+00 -5.6996001E-01
-9.5033030E-01 2.1693508E-01 -1.1355854E+00 -7.0823869E-01 -1.3863215E+00 -5.4391129E-01
-9.4539109E-01 2.3156126E-01 -1.1483524E+00 -6.9099508E-01 -1.4113516E+00 -5.0598481E-01
-9.7330862E-01 2.2986112E-01 -1.1883270E+00 -7.3541946E-01 -1.4489124E+00 -5.4291632E-01
-1.0627089E+00 3.1068889E-01 -1.3521964E+00 -7.3734932E-01 -1.6911285E+00 -4.7395208E-01
-1.1693017E+00 4.5683149E-01 -1.6074469E+00 -6.9618686E-01 -2.0867927E+00 -3.0149859E-01
-1.2832560E+00 6.5149103E-01 -1.9102253E+00 -5.7914229E-01 -2.5836378E+00 -6.0975518E-02
-1.3355288E+00 7.6210868E-01 -2.0758566E+00 -4.8513835E-01 -2.8420879E+00 7.2701816E-02
-1.3355609E+00 7.6684312E-01 -2.0833652E+00 -4.7980355E-01 -2.8480751E+00 8.1531276E-02
-1.3686998E+00 8.5973073E-01 -2.1972535E+00 -3.3729321E-01 -2.9799627E+00 1.8427206E-01
-1.3902538E+00 9.5459985E-01 -2.3207625E+00 -2.1532391E-01 -3.1426005E+00 3.2054587E-01
-1.3904598E+00 9.5489421E-01 -2.3273905E+00 -2.2130366E-01 -3.1264221E+00 3.3361613E-01
-1.3976072E+00 9.8266498E-01 -2.3500292E+00 -1.8002370E-01 -3.5000000E+00 5.0000000E-01
