-9.9622187E-01 1.6807372E-01 -1.1632325E+00 -8.2858989E-01 -1.3282708E+00 -6.7489209E-01
-9.8331012E-01 1.4282473E-01 -1.1231158E+00 -8.4283595E-01 -1.2706155E+00 -7.0997870E-01
-9.7637534E-01 1.3768938E-01 -1.1050682E+00 -8.3440532E-01 -1.2568953E+00 -7.1430964E-01
-9.3555056E-01 1.2160369E-01 -1.0472947E+00 -8.0886537E-01 -1.1895306E+00 -7.0845085E-01
-8.8327155E-01 1.5538992E-01 -1.0289960E+00 -7.2055189E-01 -1.1956551E+00 -5.8720805E-01
-8.9442591E-01 1.8570683E-01 -1.0588640E+00 -6.9694641E-01 -1.2858043E+00 -5.5519652E-01
-9.3395877E-01 2.0019872E-01 -1.1068656E+00 -7.1534037E-01 -1.3557712E+00 -5.7366830E-01
-9.6504452E-01 1.9753396E-01 -1.1354360E+00 -7.4598084E-01 -1.3777811E+00 -6.0896189E-01
-1.0255413E+00 2.0297039E-01 -1.2044830E+00 -8.0664218E-01 -1.4491182E+00 -6.5584737E-01
-1.0578438E+00 2.1836145E-01 -1.2527569E+00 -8.2551762E-01 -1.5129635E+00 -6.5546757E-01
-1.1278198E+00 2.2655972E-01 -1.3369061E+00 -8.9331660E-01 -1.5933663E+00 -7.0001669E-01
-1.2328348E+00 3.2013584E-01 -1.5267411E+00 -8.9283241E-01 -1.8890776E+00 -6.4230774E-01
-1.2973258E+00 4.6289442E-01 -1.7054465E+00 -7.9296987E-01 -2.2201829E+00 -4.1374885E-01
-1.3397923E+00 6.4373069E-01 -1.9141296E+00 -6.1428164E-01 -2.6130916E+00 -1.3489186E-01
-1.3525506E+00 7.4525629E-01 -2.0187177E+00 -4.7505185E-01 -2.8188253E+00 7.7419924E-03
-1.3510629E+00 7.4836283E-01 -2.0204152E+00 -4.6488656E-01 -2.8198064E+00 7.0129050E-03
-1.3554362E+00 8.3909326E-01 -2.0755332E+00 -2.8004589E-01 -2.9538012E+00 1.0777046E-01
-1.3571272E+00 9.3701199E-01 -2.1805010E+00 -1.4269121E-01 -3.1139237E+00 2.7219512E-01
-1.3580822E+00 9.3824445E-01 -2.1838630E+00 -1.4352860E-01 -3.1090931E+00 2.7638133E-01
-1.3590389E+00 9.6885245E-01 -2.2267793E+00 -1.1699400E-01 -3.5000000E+00 5.0000000E-01
