-1.1813672E+00 1.8181186E-01 -1.3652016E+00 -9.9887433E-01 -1.5353641E+00 -8.3180878E-01
-1.1889365E+00 1.5578195E-01 -1.3433066E+00 -1.0344204E+00 -1.5022663E+00 -8.9202584E-01
-1.1980804E+00 1.5014970E-01 -1.3387215E+00 -1.0415961E+00 -1.5050413E+00 -9.1600228E-01
-1.2089933E+00 1.3142571E-01 -1.3291216E+00 -1.0702388E+00 -1.4809572E+00 -9.6330892E-01
-1.1765183E+00 1.6947654E-01 -1.3309685E+00 -9.9720673E-01 -1.5310382E+00 -8.6331202E-01
-1.0679756E+00 2.0221207E-01 -1.2432242E+00 -8.4591197E-01 -1.5013066E+00 -7.0220566E-01
-9.8233386E-01 2.2080904E-01 -1.1693975E+00 -7.3184904E-01 -1.4486509E+00 -5.8994628E-01
-9.4243442E-01 2.2360065E-01 -1.1344204E+00 -6.8494386E-01 -1.3935057E+00 -5.3655642E-01
-8.6881278E-01 2.3098286E-01 -1.0707619E+00 -6.0421188E-01 -1.3439595E+00 -4.5657674E-01
-8.3008186E-01 2.4566609E-01 -1.0529573E+00 -5.5917770E-01 -1.3291923E+00 -3.7796550E-01
-7.6713843E-01 2.4032528E-01 -9.9542055E-01 -5.1573641E-01 -1.2505734E+00 -3.1133955E-01
-7.1102696E-01 3.1121398E-01 -1.0055040E+00 -3.8792812E-01 -1.3317381E+00 -1.2111460E-01
-7.3565174E-01 4.3926747E-01 -1.1308617E+00 -2.6183545E-01 -1.6048791E+00 1.1301009E-01
-8.3025125E-01 6.1164922E-01 -1.3636348E+00 -1.0893543E-01 -1.9995238E+00 3.0050339E-01
-9.0797657E-01 7.1453994E-01 -1.5084001E+00 -2.7526692E-02 -2.2510812E+00 3.8697120E-01
-9.1788270E-01 7.1803763E-01 -1.5190234E+00 -3.2371675E-02 -2.2750773E+00 3.7677186E-01
-1.0198853E+00 8.1303707E-01 -1.6294068E+00 5.3000194E-02 -2.5775301E+00 3.8350457E-01
-1.1047499E+00 9.1587572E-01 -1.7142342E+00 1.8566223E-01 -2.8286677E+00 4.5716150E-01
-1.1062813E+00 9.1721963E-01 -1.7118551E+00 1.9173459E-01 -2.8369300E+00 4.4696390E-01
-1.1255693E+00 9.4877270E-01 -1.7955466E+00 1.8135310E-01 -2.8770161E+00 5.0000000E-01
