-9.6970317E-01 1.7215741E-01 -1.1380832E+00 -7.9556952E-01 -1.3091672E+00 -6.3887091E-01
-9.8531758E-01 1.4422679E-01 -1.1257148E+00 -8.4177771E-01 -1.2703714E+00 -7.0538751E-01
-9.9769193E-01 1.3640007E-01 -1.1314940E+00 -8.6236384E-01 -1.2669621E+00 -7.3072847E-01
-1.0337832E+00 1.1615253E-01 -1.1483092E+00 -9.1883660E-01 -1.2675277E+00 -8.1227765E-01
-1.0530244E+00 1.5842515E-01 -1.1991296E+00 -8.9001172E-01 -1.3774686E+00 -7.5106142E-01
-1.0024375E+00 1.8911778E-01 -1.1676547E+00 -8.0088068E-01 -1.3813164E+00 -6.4181997E-01
-9.5257581E-01 2.0151489E-01 -1.1237779E+00 -7.3241861E-01 -1.3571987E+00 -5.7259189E-01
-9.2937215E-01 2.0086987E-01 -1.0938695E+00 -7.0668984E-01 -1.3395925E+00 -5.5348532E-01
-9.0426394E-01 2.0882845E-01 -1.0787317E+00 -6.7495796E-01 -1.3286631E+00 -5.0863250E-01
-8.9051496E-01 2.2465288E-01 -1.0863307E+00 -6.4720176E-01 -1.3430782E+00 -4.6138944E-01
-9.2112929E-01 2.3160170E-01 -1.1331803E+00 -6.7555029E-01 -1.3960884E+00 -4.9185366E-01
-1.0554457E+00 3.2285278E-01 -1.3551401E+00 -7.2147312E-01 -1.7141792E+00 -4.4707740E-01
-1.2353327E+00 4.5957630E-01 -1.6601207E+00 -7.4353881E-01 -2.1670476E+00 -3.8054535E-01
-1.4373376E+00 6.3639132E-01 -2.0988916E+00 -7.7721061E-01 -2.6628962E+00 -2.4100434E-01
-1.5369404E+00 7.3952306E-01 -2.3224808E+00 -7.5074639E-01 -2.9020177E+00 -1.3229098E-01
-1.5410243E+00 7.4203965E-01 -2.3304924E+00 -7.4921798E-01 -2.9042521E+00 -1.3396924E-01
-1.6084716E+00 8.3946004E-01 -2.6051494E+00 -7.7621376E-01 -3.0861863E+00 -3.1299816E-02
-1.6524460E+00 9.4466158E-01 -2.8297314E+00 -7.5280145E-01 -3.3512149E+00 5.5993481E-02
-1.6512104E+00 9.4545635E-01 -2.8277417E+00 -7.5028175E-01 -3.3584131E+00 4.7470841E-02
-1.6599870E+00 9.7562792E-01 -2.8704016E+00 -7.2584600E-01 -3.5000000E+00 5.0000000E-01
