-9.9477933E-01 1.7781251E-01 -1.1688564E+00 -8.2002278E-01 -1.3430343E+00 -6.4160618E-01
-1.0045334E+00 1.4971527E-01 -1.1524237E+00 -8.5782088E-01 -1.2994318E+00 -7.1132110E-01
-1.0115424E+00 1.4230442E-01 -1.1538692E+00 -8.7173021E-01 -1.2924257E+00 -7.3504413E-01
-1.0358436E+00 1.2017199E-01 -1.1465483E+00 -9.1437280E-01 -1.2817757E+00 -8.0559857E-01
-1.0507383E+00 1.6017036E-01 -1.2071943E+00 -8.9335971E-01 -1.3794749E+00 -7.5059657E-01
-1.0145374E+00 1.9721931E-01 -1.1821662E+00 -7.9995159E-01 -1.4135271E+00 -6.4031550E-01
-9.7501014E-01 2.1973529E-01 -1.1508241E+00 -7.2221943E-01 -1.4270653E+00 -5.7655995E-01
-9.5183450E-01 2.2308720E-01 -1.1275074E+00 -6.9089012E-01 -1.4062644E+00 -5.5063019E-01
-9.1985627E-01 2.3238834E-01 -1.1157629E+00 -6.5681284E-01 -1.3873939E+00 -4.8966638E-01
-9.0465735E-01 2.4698747E-01 -1.1227146E+00 -6.3150507E-01 -1.4204657E+00 -4.5737027E-01
-9.0624215E-01 2.4202317E-01 -1.1356742E+00 -6.5245961E-01 -1.3944199E+00 -4.5055740E-01
-9.5295091E-01 3.1906934E-01 -1.2675480E+00 -6.3798013E-01 -1.6086935E+00 -3.4708118E-01
-1.0322186E+00 4.6660333E-01 -1.4590309E+00 -5.3329844E-01 -1.9512296E+00 -1.2903854E-01
-1.1335759E+00 6.6029557E-01 -1.7386927E+00 -3.8061483E-01 -2.4097186E+00 1.0836816E-01
-1.1917799E+00 7.6757071E-01 -1.8911399E+00 -2.7975398E-01 -2.6634107E+00 2.2061435E-01
-1.1970339E+00 7.6982807E-01 -1.8954244E+00 -2.7786491E-01 -2.6710245E+00 2.1487957E-01
-1.2527202E+00 8.5773517E-01 -1.9752726E+00 -1.3805012E-01 -2.8650935E+00 2.4642012E-01
-1.2912115E+00 9.5135517E-01 -2.0783793E+00 -6.4396741E-03 -3.0383720E+00 3.5738001E-01
-1.2885896E+00 9.5349097E-01 -2.0853813E+00 -4.6599868E-03 -3.0265212E+00 3.6738779E-01
-1.2951642E+00 9.8258138E-01 -2.1373125E+00 1.3074633E-02 -3.5000000E+00 5.0000000E-01
