-9.6154364E-01 1.7883120E-01 -1.1383721E+00 -7.8459769E-01 -1.3108232E+00 -6.1123776E-01
-9.7373567E-01 1.5304821E-01 -1.1247381E+00 -8.2351936E-01 -1.2733808E+00 -6.7186403E-01
-9.7231386E-01 1.4745881E-01 -1.1169622E+00 -8.2846481E-01 -1.2640467E+00 -6.8112242E-01
-1.0350829E+00 1.2858563E-01 -1.1610177E+00 -9.0922311E-01 -1.2973769E+00 -7.8800950E-01
-1.1916036E+00 1.6436957E-01 -1.3483658E+00 -1.0218553E+00 -1.5220590E+00 -8.8022957E-01
-1.3447187E+00 1.9674401E-01 -1.5379953E+00 -1.1471949E+00 -1.7457328E+00 -9.7203398E-01
-1.3958589E+00 2.1400015E-01 -1.6003486E+00 -1.1689955E+00 -1.8210403E+00 -9.9538633E-01
-1.3900305E+00 2.1465420E-01 -1.6067444E+00 -1.1724368E+00 -1.8138528E+00 -9.8720436E-01
-1.3454221E+00 2.2363775E-01 -1.5687271E+00 -1.1197014E+00 -1.7855583E+00 -9.1775268E-01
-1.3115135E+00 2.3796051E-01 -1.5493205E+00 -1.0731997E+00 -1.7787316E+00 -8.4963745E-01
-1.1498697E+00 2.4661042E-01 -1.3981118E+00 -9.0489932E-01 -1.6405262E+00 -6.7219688E-01
-8.2285496E-01 3.1123179E-01 -1.1126645E+00 -4.9527614E-01 -1.4547775E+00 -2.3522892E-01
-5.6896136E-01 3.8584189E-01 -8.9241455E-01 -1.3996734E-01 -1.3187861E+00 1.5094456E-01
-4.1140129E-01 4.7496741E-01 -7.4246634E-01 1.5896570E-01 -1.3101123E+00 4.3391142E-01
-3.8981990E-01 5.2994939E-01 -7.1736666E-01 2.7199902E-01 -1.3763281E+00 5.0000000E-01
-4.0223191E-01 5.2936209E-01 -7.2063986E-01 2.6200472E-01 -1.3981201E+00 4.8841373E-01
-4.4845688E-01 5.8689812E-01 -7.4177946E-01 2.9237103E-01 -1.5897138E+00 4.7029952E-01
-4.9885809E-01 6.7343933E-01 -7.8842527E-01 3.9215997E-01 -1.7915790E+00 5.0000000E-01
-5.0189305E-01 6.7446800E-01 -7.7901449E-01 3.9751414E-01 -1.8046917E+00 4.9062880E-01
-5.1560911E-01 7.0421814E-01 -7.8744394E-01 4.5484566E-01 -1.8661790E+00 5.0000000E-01
