-9.8894994E-01 1.7249594E-01 -1.1534776E+00 -8.0979484E-01 -1.3317541E+00 -6.5838351E-01
-1.0046507E+00 1.4487054E-01 -1.1491958E+00 -8.5972774E-01 -1.2915836E+00 -7.2465397E-01
-1.0085525E+00 1.3984733E-01 -1.1469919E+00 -8.6992906E-01 -1.2857831E+00 -7.3660909E-01
-1.0678785E+00 1.2575930E-01 -1.1835856E+00 -9.3534712E-01 -1.3269053E+00 -8.3214147E-01
-1.1900266E+00 1.6868364E-01 -1.3430632E+00 -1.0101544E+00 -1.5346240E+00 -8.7190958E-01
-1.2773220E+00 2.0375993E-01 -1.4584942E+00 -1.0573331E+00 -1.7028632E+00 -9.0438984E-01
-1.2883077E+00 2.2363569E-01 -1.4882608E+00 -1.0468461E+00 -1.7291784E+00 -8.6339594E-01
-1.2685659E+00 2.2653442E-01 -1.4730989E+00 -1.0218851E+00 -1.7142091E+00 -8.4081926E-01
-1.2240168E+00 2.3558169E-01 -1.4442864E+00 -9.7157312E-01 -1.6993100E+00 -7.8831881E-01
-1.1970680E+00 2.5110084E-01 -1.4367093E+00 -9.3301105E-01 -1.6965260E+00 -7.2344740E-01
-1.1055439E+00 2.5364075E-01 -1.3567684E+00 -8.5197296E-01 -1.6103556E+00 -6.2132602E-01
-9.3950063E-01 3.2367523E-01 -1.2438212E+00 -6.0310146E-01 -1.5942887E+00 -3.3025004E-01
-8.2793626E-01 4.3812284E-01 -1.2223571E+00 -3.6710034E-01 -1.6808441E+00 2.7865509E-02
-7.7228097E-01 5.9330965E-01 -1.2639211E+00 -8.3207590E-02 -1.8981095E+00 3.2383853E-01
-7.6959950E-01 6.8305786E-01 -1.2837485E+00 7.3264863E-02 -2.0368133E+00 4.5759062E-01
-7.7266963E-01 6.8455840E-01 -1.2770929E+00 7.8320567E-02 -2.0571607E+00 4.4250818E-01
-7.9936271E-01 7.6380421E-01 -1.2462698E+00 2.1590054E-01 -2.2784977E+00 4.6063758E-01
-8.2879594E-01 8.5336049E-01 -1.2451117E+00 3.5964967E-01 -2.4756415E+00 5.0000000E-01
-8.3219622E-01 8.5305033E-01 -1.2308234E+00 3.6938916E-01 -2.4896551E+00 4.8305224E-01
-8.4004533E-01 8.8016708E-01 -1.2438513E+00 4.2639242E-01 -2.5342448E+00 5.0000000E-01
