-1.0808937E+00 1.7630986E-01 -1.2537572E+00 -9.0763492E-01 -1.4321011E+00 -7.3461149E-01
-1.0759901E+00 1.5011100E-01 -1.2238694E+00 -9.2770805E-01 -1.3741923E+00 -7.8529328E-01
-1.0711444E+00 1.4508049E-01 -1.2150332E+00 -9.2776969E-01 -1.3588347E+00 -7.9100101E-01
-1.0674616E+00 1.2673522E-01 -1.1862087E+00 -9.3569725E-01 -1.3249320E+00 -8.2788035E-01
-1.0776067E+00 1.6582616E-01 -1.2320292E+00 -9.0364179E-01 -1.4119212E+00 -7.6220432E-01
-1.1051789E+00 1.9783939E-01 -1.2848673E+00 -8.9446377E-01 -1.5177308E+00 -7.4310946E-01
-1.1251410E+00 2.0971234E-01 -1.3106543E+00 -8.9478738E-01 -1.5449976E+00 -7.3115212E-01
-1.1342544E+00 2.0699702E-01 -1.3159078E+00 -9.0312806E-01 -1.5485614E+00 -7.4795402E-01
-1.1443269E+00 2.1224929E-01 -1.3336973E+00 -9.1016346E-01 -1.5854640E+00 -7.5798324E-01
-1.1499583E+00 2.2680598E-01 -1.3573038E+00 -9.0814229E-01 -1.6144585E+00 -7.2779670E-01
-1.1246315E+00 2.2848952E-01 -1.3470274E+00 -9.0024912E-01 -1.5854013E+00 -6.8475781E-01
-1.0386638E+00 3.1032228E-01 -1.3461967E+00 -7.3139173E-01 -1.6501957E+00 -4.3300621E-01
-9.3478779E-01 4.2303260E-01 -1.3497768E+00 -5.1477355E-01 -1.8012460E+00 -1.2969221E-01
-8.3335668E-01 5.5405823E-01 -1.3024522E+00 -1.9946173E-01 -1.9349684E+00 2.0286431E-01
-7.9439771E-01 6.2953964E-01 -1.2764215E+00 -2.9509229E-02 -2.0318518E+00 3.4383194E-01
-7.9471915E-01 6.3115040E-01 -1.2695176E+00 -2.3415386E-02 -2.0398910E+00 3.3556995E-01
-7.8928640E-01 7.0205690E-01 -1.2228120E+00 1.2978052E-01 -2.1802050E+00 3.6921513E-01
-7.9412834E-01 7.9032965E-01 -1.2259762E+00 2.9279940E-01 -2.3126483E+00 4.7175637E-01
-7.9595706E-01 7.9123092E-01 -1.2096754E+00 3.1006345E-01 -2.3232002E+00 4.5378600E-01
-7.9860575E-01 8.2089868E-01 -1.2541703E+00 3.3776526E-01 -2.3444980E+00 5.0000000E-01
