-7.5912382E-01 1.6745571E-01 -9.2775739E-01 -5.9346351E-01 -1.0865722E+00 -4.3355082E-01
-7.5838896E-01 1.3960180E-01 -8.9890815E-01 -6.2074216E-01 -1.0312793E+00 -4.8931820E-01
-7.5819225E-01 1.3309922E-01 -8.9276569E-01 -6.2473413E-01 -1.0182664E+00 -5.0382276E-01
-7.6534373E-01 1.1022720E-01 -8.7481379E-01 -6.5562112E-01 -9.8235176E-01 -5.5220347E-01
-7.9272338E-01 1.4273433E-01 -9.3481988E-01 -6.4952238E-01 -1.0770778E+00 -5.2132981E-01
-8.3640901E-01 1.6843438E-01 -9.8926612E-01 -6.5799596E-01 -1.1873125E+00 -5.2462350E-01
-8.7001884E-01 1.8060070E-01 -1.0238632E+00 -6.7324373E-01 -1.2296638E+00 -5.2986903E-01
-8.8730768E-01 1.8172953E-01 -1.0357652E+00 -6.8674757E-01 -1.2519904E+00 -5.4459652E-01
-9.4237544E-01 1.9271114E-01 -1.1025411E+00 -7.3320999E-01 -1.3286374E+00 -5.7851305E-01
-9.6931807E-01 2.1016917E-01 -1.1467718E+00 -7.3833317E-01 -1.3887191E+00 -5.7348014E-01
-1.1034180E+00 2.2525948E-01 -1.3032268E+00 -8.5680087E-01 -1.5517513E+00 -6.7686189E-01
-1.3902228E+00 3.3096710E-01 -1.6964788E+00 -1.0462974E+00 -2.0723948E+00 -7.6679801E-01
-1.6467186E+00 4.6837327E-01 -2.1153745E+00 -1.1768497E+00 -2.5846897E+00 -7.4048628E-01
-1.8588928E+00 6.3185393E-01 -2.5416278E+00 -1.2395294E+00 -3.0624657E+00 -6.4933520E-01
-1.9350993E+00 7.2220594E-01 -2.7750009E+00 -1.2663873E+00 -3.2713253E+00 -5.6633727E-01
-1.9318118E+00 7.2444779E-01 -2.7850802E+00 -1.2702328E+00 -3.2609887E+00 -5.5755941E-01
-1.9691462E+00 8.0176693E-01 -3.0245820E+00 -1.3628795E+00 -3.3512796E+00 -4.4708693E-01
-1.9909894E+00 8.9366214E-01 -3.2696960E+00 -1.4304770E+00 -3.4939366E+00 -3.5301145E-01
-1.9901444E+00 8.9530277E-01 -3.3007935E+00 -1.4602451E+00 -3.4624407E+00 -3.2435134E-01
-1.9952744E+00 9.2446995E-01 -3.3394743E+00 -1.4381057E+00 -3.5000000E+00 -2.9443990E-01
