-1.0060381E+00 1.7760266E-01 -1.1831685E+00 -8.2799780E-01 -1.3578888E+00 -6.6438153E-01
-9.9911617E-01 1.5334963E-01 -1.1510313E+00 -8.4610038E-01 -1.3033163E+00 -7.0708141E-01
-9.9260794E-01 1.4867907E-01 -1.1390649E+00 -8.4464851E-01 -1.2915278E+00 -7.0888027E-01
-9.8088984E-01 1.3147734E-01 -1.1009602E+00 -8.4344145E-01 -1.2518812E+00 -7.3412127E-01
-9.9023473E-01 1.6829644E-01 -1.1493844E+00 -8.1552662E-01 -1.3301996E+00 -6.7289155E-01
-1.0320598E+00 1.9974198E-01 -1.2114139E+00 -8.1575681E-01 -1.4486602E+00 -6.6828200E-01
-1.0576466E+00 2.1223920E-01 -1.2475249E+00 -8.2509344E-01 -1.4808861E+00 -6.5880900E-01
-1.0629876E+00 2.1045062E-01 -1.2537497E+00 -8.3410202E-01 -1.4800882E+00 -6.6557386E-01
-1.0588262E+00 2.1706551E-01 -1.2602787E+00 -8.2696522E-01 -1.5008276E+00 -6.5383753E-01
-1.0527829E+00 2.3372453E-01 -1.2855025E+00 -8.1769504E-01 -1.5213699E+00 -6.1026375E-01
-1.0081579E+00 2.3945047E-01 -1.2480890E+00 -7.6678923E-01 -1.4737095E+00 -5.4727092E-01
-9.1428376E-01 3.0951265E-01 -1.2223346E+00 -6.0474259E-01 -1.5270188E+00 -3.1799597E-01
-8.4300410E-01 4.1973474E-01 -1.2361104E+00 -4.0582319E-01 -1.7124295E+00 -4.9664424E-02
-8.0215906E-01 5.6916902E-01 -1.3001045E+00 -1.5386489E-01 -1.9006807E+00 2.7154150E-01
-8.0247668E-01 6.5861139E-01 -1.3440492E+00 -5.0621162E-03 -2.0497085E+00 3.9383028E-01
-8.0577391E-01 6.6068186E-01 -1.3392594E+00 4.1207644E-03 -2.0576647E+00 3.8269348E-01
-8.3680181E-01 7.4012069E-01 -1.3202647E+00 1.5945714E-01 -2.2445605E+00 3.9694801E-01
-8.6805345E-01 8.3279222E-01 -1.3455579E+00 3.0807649E-01 -2.4124146E+00 4.8064948E-01
-8.6798087E-01 8.3385430E-01 -1.3262489E+00 3.2820404E-01 -2.4254519E+00 4.6489932E-01
-8.7452454E-01 8.6266605E-01 -1.3739247E+00 3.4968204E-01 -2.4635413E+00 5.0000000E-01
