-1.1503165E+00 1.7069815E-01 -1.3184322E+00 -9.8066806E-01 -1.4862874E+00 -8.0975785E-01
-1.1376242E+00 1.3993293E-01 -1.2748601E+00 -9.9795060E-01 -1.4127126E+00 -8.5950378E-01
-1.1081160E+00 9.2313732E-02 -1.2004417E+00 -1.0166374E+00 -1.2844156E+00 -9.2470148E-01
-1.0719589E+00 7.6448358E-02 -1.1478849E+00 -9.9668639E-01 -1.2218129E+00 -9.2137379E-01
-1.0417783E+00 8.8825245E-02 -1.1287439E+00 -9.5483533E-01 -1.2173220E+00 -8.6593317E-01
-1.0212254E+00 9.4357430E-02 -1.1147888E+00 -9.2744529E-01 -1.2073743E+00 -8.3687389E-01
-1.0052649E+00 9.3555094E-02 -1.0981419E+00 -9.1216795E-01 -1.1918847E+00 -8.2321198E-01
-9.8628580E-01 9.7013602E-02 -1.0828445E+00 -8.8852547E-01 -1.1770784E+00 -7.9875815E-01
-9.6366210E-01 1.0867896E-01 -1.0728186E+00 -8.5517178E-01 -1.1789297E+00 -7.5642014E-01
-9.4448894E-01 1.2646076E-01 -1.0594559E+00 -8.1164908E-01 -1.2098157E+00 -7.0704409E-01
-9.3700397E-01 1.4479654E-01 -1.0667729E+00 -7.8601982E-01 -1.2247637E+00 -6.5216978E-01
-9.4767126E-01 1.5908192E-01 -1.0941075E+00 -7.8453536E-01 -1.2611317E+00 -6.3009019E-01
-9.7680869E-01 1.6563511E-01 -1.1336062E+00 -8.1483648E-01 -1.3060578E+00 -6.4729082E-01
-1.0197474E+00 1.6221516E-01 -1.1684714E+00 -8.5199494E-01 -1.3389381E+00 -6.9878846E-01
-1.0723118E+00 1.6762596E-01 -1.2405938E+00 -9.0705584E-01 -1.4037628E+00 -7.4392065E-01
-1.1259254E+00 2.1267689E-01 -1.3252983E+00 -9.0397025E-01 -1.5556498E+00 -7.2041860E-01
-1.1747170E+00 2.9637418E-01 -1.4307610E+00 -8.4445926E-01 -1.7950043E+00 -6.3627920E-01
-1.2165126E+00 3.9218890E-01 -1.5417330E+00 -7.6154649E-01 -1.9995548E+00 -5.0399749E-01
-1.2445233E+00 4.7020570E-01 -1.6401634E+00 -7.0339219E-01 -2.1625141E+00 -3.6798449E-01
-1.2540679E+00 5.0452234E-01 -1.6817562E+00 -6.7545757E-01 -2.2478509E+00 -3.2802960E-01
