-1.2968211E+00 1.7140797E-01 -1.4658756E+00 -1.1247356E+00 -1.6383223E+00 -9.6650057E-01
-1.2655635E+00 1.4080185E-01 -1.4048204E+00 -1.1237274E+00 -1.5450380E+00 -9.9158145E-01
-1.1907970E+00 9.4257474E-02 -1.2847670E+00 -1.0957508E+00 -1.3736760E+00 -1.0066106E+00
-1.1002506E+00 7.7735817E-02 -1.1774738E+00 -1.0228005E+00 -1.2544404E+00 -9.5106867E-01
-1.0241361E+00 8.6949665E-02 -1.1099688E+00 -9.3824837E-01 -1.1940126E+00 -8.5080292E-01
-9.7874840E-01 9.3681558E-02 -1.0706472E+00 -8.8701090E-01 -1.1604519E+00 -7.9191637E-01
-9.6275199E-01 9.5662932E-02 -1.0562592E+00 -8.6645181E-01 -1.1497807E+00 -7.7547827E-01
-9.6578978E-01 9.8885339E-02 -1.0631472E+00 -8.6777877E-01 -1.1601680E+00 -7.7124697E-01
-9.7465939E-01 1.1111763E-01 -1.0848898E+00 -8.6328327E-01 -1.1929333E+00 -7.5754570E-01
-9.7879841E-01 1.2823229E-01 -1.1068230E+00 -8.4965478E-01 -1.2315072E+00 -7.2961089E-01
-9.7516462E-01 1.4503258E-01 -1.1128295E+00 -8.2577045E-01 -1.2689310E+00 -6.9432095E-01
-9.6511438E-01 1.5851525E-01 -1.1227264E+00 -8.0898235E-01 -1.2943550E+00 -6.6237827E-01
-9.5260198E-01 1.6340600E-01 -1.1079328E+00 -7.8065244E-01 -1.2817101E+00 -6.4726742E-01
-9.5055289E-01 1.6199252E-01 -1.1124270E+00 -7.8838767E-01 -1.2750623E+00 -6.4113079E-01
-9.7110096E-01 1.7011639E-01 -1.1379771E+00 -8.0130899E-01 -1.3147661E+00 -6.4505027E-01
-1.0147801E+00 2.1225743E-01 -1.1935920E+00 -7.8243836E-01 -1.4329834E+00 -6.1580204E-01
-1.0724715E+00 2.9052298E-01 -1.2896126E+00 -7.3428608E-01 -1.6495045E+00 -5.5724258E-01
-1.1297933E+00 3.8111580E-01 -1.3987281E+00 -6.5579549E-01 -1.8487957E+00 -4.5685389E-01
-1.1693530E+00 4.5472433E-01 -1.5005324E+00 -6.0248365E-01 -2.0051302E+00 -3.5002709E-01
-1.1836602E+00 4.8704003E-01 -1.5459121E+00 -5.8517763E-01 -2.1060760E+00 -3.0411308E-01
