-1.4029467E+00 1.6991271E-01 -1.5753460E+00 -1.2350275E+00 -1.7354457E+00 -1.0719118E+00
-1.3597953E+00 1.3835346E-01 -1.4987490E+00 -1.2227813E+00 -1.6321334E+00 -1.0879798E+00
-1.2554555E+00 9.1974600E-02 -1.3454703E+00 -1.1644334E+00 -1.4369958E+00 -1.0735384E+00
-1.1189413E+00 7.7351049E-02 -1.1968427E+00 -1.0422713E+00 -1.2700822E+00 -9.6899555E-01
-9.8872904E-01 8.9095576E-02 -1.0776734E+00 -9.0097452E-01 -1.1628652E+00 -8.1317910E-01
-8.9519329E-01 9.4611944E-02 -9.8942715E-01 -8.0043813E-01 -1.0787941E+00 -7.0889133E-01
-8.4973805E-01 9.3546493E-02 -9.4223765E-01 -7.5462088E-01 -1.0318950E+00 -6.6811682E-01
-8.5082855E-01 9.5937501E-02 -9.4525770E-01 -7.5480460E-01 -1.0374945E+00 -6.6307915E-01
-8.8361602E-01 1.0532807E-01 -9.8798724E-01 -7.7884656E-01 -1.0941996E+00 -6.8031343E-01
-9.3135262E-01 1.2191972E-01 -1.0511239E+00 -8.1000280E-01 -1.1780652E+00 -6.9971510E-01
-9.8453434E-01 1.4023353E-01 -1.1177512E+00 -8.3505589E-01 -1.2680487E+00 -7.2058654E-01
-1.0394248E+00 1.5341475E-01 -1.1857569E+00 -8.7491482E-01 -1.3454010E+00 -7.5336401E-01
-1.0931649E+00 1.5625462E-01 -1.2397358E+00 -9.2945703E-01 -1.4040615E+00 -7.9274655E-01
-1.1466823E+00 1.5414495E-01 -1.3007478E+00 -9.9555834E-01 -1.4502768E+00 -8.4521272E-01
-1.2010427E+00 1.6999020E-01 -1.3696408E+00 -1.0363098E+00 -1.5380886E+00 -8.7020729E-01
-1.2540948E+00 2.2927092E-01 -1.4535949E+00 -1.0038838E+00 -1.7136945E+00 -8.2328420E-01
-1.3024322E+00 3.2055043E-01 -1.5563731E+00 -9.2288388E-01 -1.9405983E+00 -7.2152347E-01
-1.3415219E+00 4.1684964E-01 -1.6665412E+00 -8.3612106E-01 -2.1523157E+00 -6.0427249E-01
-1.3669921E+00 4.9429726E-01 -1.7552995E+00 -7.6061277E-01 -2.3125866E+00 -4.9293140E-01
-1.3761516E+00 5.2918750E-01 -1.7885522E+00 -7.2148984E-01 -2.3921917E+00 -4.3186284E-01
