-1.1143678E+00 1.6814751E-01 -1.2823870E+00 -9.4685086E-01 -1.4446500E+00 -7.8643097E-01
-1.1033973E+00 1.3873280E-01 -1.2422621E+00 -9.6540558E-01 -1.3778016E+00 -8.3395075E-01
-1.0778157E+00 9.6034593E-02 -1.1748505E+00 -9.8224703E-01 -1.2665040E+00 -8.9102310E-01
-1.0444579E+00 7.9902196E-02 -1.1242493E+00 -9.6496695E-01 -1.1992413E+00 -8.8772662E-01
-1.0122606E+00 8.7962609E-02 -1.1000805E+00 -9.2512535E-01 -1.1836642E+00 -8.3822128E-01
-9.9350961E-01 9.6420127E-02 -1.0885934E+00 -8.9733538E-01 -1.1837663E+00 -8.0417565E-01
-9.9465284E-01 9.8867432E-02 -1.0919199E+00 -8.9606840E-01 -1.1899789E+00 -8.0189748E-01
-1.0117343E+00 1.0087171E-01 -1.1122754E+00 -9.1092000E-01 -1.2077754E+00 -8.1897098E-01
-1.0323228E+00 1.1091455E-01 -1.1376876E+00 -9.1826297E-01 -1.2545815E+00 -8.1845629E-01
-1.0429552E+00 1.2691862E-01 -1.1671606E+00 -9.1804921E-01 -1.2991533E+00 -7.9848920E-01
-1.0364072E+00 1.4029440E-01 -1.1675907E+00 -8.9189298E-01 -1.3197838E+00 -7.6789847E-01
-1.0135617E+00 1.4810088E-01 -1.1538654E+00 -8.5992839E-01 -1.3117144E+00 -7.3022955E-01
-9.8503078E-01 1.5246166E-01 -1.1341280E+00 -8.3221834E-01 -1.2922220E+00 -6.9520532E-01
-9.6611633E-01 1.5464418E-01 -1.1198306E+00 -8.0955527E-01 -1.2681140E+00 -6.6884338E-01
-9.6557701E-01 1.6528291E-01 -1.1278861E+00 -8.0244645E-01 -1.3017835E+00 -6.5080622E-01
-9.8633708E-01 2.0385146E-01 -1.1629680E+00 -7.7431032E-01 -1.3815158E+00 -5.9788510E-01
-1.0243291E+00 2.7151017E-01 -1.2390431E+00 -7.2529115E-01 -1.5404403E+00 -5.3448725E-01
-1.0682635E+00 3.4917671E-01 -1.3257924E+00 -6.6266811E-01 -1.7247032E+00 -4.6645020E-01
-1.1013675E+00 4.1206810E-01 -1.3943863E+00 -5.9670284E-01 -1.8651933E+00 -4.0929498E-01
-1.1140583E+00 4.3953295E-01 -1.4303011E+00 -5.7268421E-01 -1.9204425E+00 -3.7284722E-01
