-1.0573710E+00 1.7257063E-01 -1.2309368E+00 -8.8556136E-01 -1.3970974E+00 -7.2366231E-01
-1.0440036E+00 1.4156449E-01 -1.1864060E+00 -9.0210039E-01 -1.3205812E+00 -7.7163710E-01
-1.0120488E+00 9.3708519E-02 -1.1049544E+00 -9.1780254E-01 -1.1945761E+00 -8.3046507E-01
-9.6664094E-01 7.6885288E-02 -1.0440299E+00 -8.9094553E-01 -1.1146094E+00 -8.1477777E-01
-9.2193361E-01 8.6912733E-02 -1.0127202E+00 -8.3900602E-01 -1.0874240E+00 -7.4686401E-01
-8.9431174E-01 9.5424763E-02 -9.9065925E-01 -7.9909387E-01 -1.0800830E+00 -7.0696280E-01
-8.9673851E-01 9.9610511E-02 -9.9503788E-01 -7.9661649E-01 -1.0935114E+00 -7.0423806E-01
-9.3356303E-01 1.0291606E-01 -1.0360056E+00 -8.3204881E-01 -1.1381075E+00 -7.3242522E-01
-9.9614194E-01 1.1141757E-01 -1.1052955E+00 -8.8626990E-01 -1.2187555E+00 -7.8083493E-01
-1.0647517E+00 1.2590174E-01 -1.1891235E+00 -9.4156527E-01 -1.3147937E+00 -8.2409744E-01
-1.1168372E+00 1.4047806E-01 -1.2485705E+00 -9.6904800E-01 -1.4010746E+00 -8.5060416E-01
-1.1352766E+00 1.5122543E-01 -1.2864599E+00 -9.8277777E-01 -1.4403851E+00 -8.5002858E-01
-1.1194433E+00 1.5782427E-01 -1.2640942E+00 -9.4794305E-01 -1.4352848E+00 -8.2593402E-01
-1.0821103E+00 1.6032977E-01 -1.2298174E+00 -9.1230028E-01 -1.4077615E+00 -7.8033653E-01
-1.0425067E+00 1.6516411E-01 -1.2041197E+00 -8.7879595E-01 -1.3726515E+00 -7.2508118E-01
-1.0153884E+00 1.9160511E-01 -1.1883044E+00 -8.1214171E-01 -1.4139928E+00 -6.5898409E-01
-1.0043590E+00 2.5168402E-01 -1.1964078E+00 -7.1734304E-01 -1.5218503E+00 -5.4572081E-01
-1.0047636E+00 3.3120730E-01 -1.2262370E+00 -5.9423315E-01 -1.6679843E+00 -4.3841185E-01
-1.0110964E+00 4.0026374E-01 -1.2596966E+00 -4.8435566E-01 -1.7993693E+00 -3.4736705E-01
-1.0159557E+00 4.3170496E-01 -1.2939157E+00 -4.5098561E-01 -1.8651407E+00 -2.9200839E-01
