-1.3592499E+00 1.7332498E-01 -1.5319712E+00 -1.1858544E+00 -1.6975267E+00 -1.0191958E+00
-1.3154534E+00 1.4285174E-01 -1.4580097E+00 -1.1736269E+00 -1.5957952E+00 -1.0370475E+00
-1.2104943E+00 9.6423202E-02 -1.3061940E+00 -1.1130927E+00 -1.3977219E+00 -1.0217922E+00
-1.0758453E+00 7.8669054E-02 -1.1531592E+00 -9.9755569E-01 -1.2279884E+00 -9.1732214E-01
-9.5618264E-01 8.6891053E-02 -1.0430836E+00 -8.6987660E-01 -1.1267787E+00 -7.8713850E-01
-8.8396037E-01 9.4143312E-02 -9.7626260E-01 -7.9131318E-01 -1.0719979E+00 -7.0217509E-01
-8.6683687E-01 9.6999768E-02 -9.6009583E-01 -7.7049818E-01 -1.0592211E+00 -6.7744726E-01
-8.9282434E-01 9.9910240E-02 -9.9154300E-01 -7.9389181E-01 -1.0892527E+00 -6.9754132E-01
-9.4203326E-01 1.1012885E-01 -1.0483761E+00 -8.3329859E-01 -1.1588739E+00 -7.2565754E-01
-9.9635312E-01 1.2473165E-01 -1.1210153E+00 -8.7286790E-01 -1.2420260E+00 -7.5607809E-01
-1.0405373E+00 1.4135360E-01 -1.1819343E+00 -8.9996509E-01 -1.3231813E+00 -7.7342086E-01
-1.0666820E+00 1.5363067E-01 -1.2200696E+00 -9.1149920E-01 -1.3741801E+00 -7.7401741E-01
-1.0752346E+00 1.5714262E-01 -1.2291795E+00 -9.1911392E-01 -1.3971579E+00 -7.6935832E-01
-1.0732672E+00 1.5580869E-01 -1.2260190E+00 -9.1752586E-01 -1.3865521E+00 -7.7440773E-01
-1.0693854E+00 1.6565055E-01 -1.2289010E+00 -9.0887282E-01 -1.4120769E+00 -7.4625849E-01
-1.0692768E+00 2.0455608E-01 -1.2489369E+00 -8.5330046E-01 -1.4700890E+00 -6.7446249E-01
-1.0754966E+00 2.7176031E-01 -1.2799099E+00 -7.5520189E-01 -1.6182264E+00 -5.9005867E-01
-1.0859943E+00 3.4972252E-01 -1.3251747E+00 -6.5067476E-01 -1.7915631E+00 -4.9342044E-01
-1.0935323E+00 4.1713722E-01 -1.3930695E+00 -5.8476914E-01 -1.9230579E+00 -3.8007647E-01
-1.0962698E+00 4.4845393E-01 -1.4197131E+00 -5.5091784E-01 -1.9827146E+00 -3.2343290E-01
