-1.0996677E+00 1.6717645E-01 -1.2661662E+00 -9.3542553E-01 -1.4288645E+00 -7.7016477E-01
-1.0827503E+00 1.3754346E-01 -1.2202177E+00 -9.4629460E-01 -1.3500451E+00 -8.1186928E-01
-1.0444123E+00 9.2126229E-02 -1.1373925E+00 -9.5141071E-01 -1.2198384E+00 -8.6344064E-01
-1.0027123E+00 7.7115357E-02 -1.0800940E+00 -9.2583556E-01 -1.1527090E+00 -8.4986966E-01
-9.7532325E-01 8.9485816E-02 -1.0645102E+00 -8.8598971E-01 -1.1512547E+00 -7.9967616E-01
-9.7027689E-01 9.6490574E-02 -1.0658480E+00 -8.7428981E-01 -1.1552567E+00 -7.7791630E-01
-9.8431008E-01 9.6037792E-02 -1.0800460E+00 -8.8737565E-01 -1.1690565E+00 -7.9246509E-01
-1.0061471E+00 1.0101023E-01 -1.1060532E+00 -9.0496745E-01 -1.2024364E+00 -8.0792705E-01
-1.0243762E+00 1.1185231E-01 -1.1361415E+00 -9.1142124E-01 -1.2411412E+00 -8.0751311E-01
-1.0306800E+00 1.2716839E-01 -1.1589809E+00 -9.0366788E-01 -1.2844252E+00 -7.8958727E-01
-1.0208875E+00 1.4479901E-01 -1.1537165E+00 -8.6997450E-01 -1.3200624E+00 -7.4653659E-01
-1.0014197E+00 1.5756702E-01 -1.1573754E+00 -8.4488334E-01 -1.3235504E+00 -7.0561093E-01
-9.8420043E-01 1.5967417E-01 -1.1345190E+00 -8.1712840E-01 -1.3112979E+00 -6.8225024E-01
-9.7683232E-01 1.5402079E-01 -1.1302973E+00 -8.2326585E-01 -1.2904405E+00 -6.8425121E-01
-9.8000065E-01 1.5878266E-01 -1.1366758E+00 -8.2212491E-01 -1.2962148E+00 -6.7339058E-01
-9.9305540E-01 1.9744909E-01 -1.1709526E+00 -7.8549817E-01 -1.3867958E+00 -6.1793992E-01
-1.0151231E+00 2.6879619E-01 -1.2267313E+00 -7.0715998E-01 -1.5502085E+00 -5.1340228E-01
-1.0382763E+00 3.5046951E-01 -1.2780172E+00 -6.1037990E-01 -1.7411902E+00 -4.3231088E-01
-1.0549546E+00 4.1814770E-01 -1.3177741E+00 -5.1462864E-01 -1.8878073E+00 -3.5810952E-01
-1.0619031E+00 4.4950244E-01 -1.3600816E+00 -4.9298246E-01 -1.9507739E+00 -3.0744276E-01
