-1.0985329E+00 1.7293842E-01 -1.2726624E+00 -9.2473005E-01 -1.4285190E+00 -7.5721049E-01
-1.0812246E+00 1.4172372E-01 -1.2246671E+00 -9.3866185E-01 -1.3487362E+00 -7.9778189E-01
-1.0413376E+00 9.4061644E-02 -1.1355117E+00 -9.4770029E-01 -1.2208532E+00 -8.5278482E-01
-9.9647045E-01 7.8171484E-02 -1.0729900E+00 -9.1862725E-01 -1.1511191E+00 -8.4278385E-01
-9.6993716E-01 9.0537373E-02 -1.0595804E+00 -8.8085582E-01 -1.1465123E+00 -7.9011864E-01
-9.7287831E-01 9.8963821E-02 -1.0760369E+00 -8.7803891E-01 -1.1619744E+00 -7.7691016E-01
-1.0007078E+00 1.0063223E-01 -1.1010973E+00 -9.0031953E-01 -1.1947345E+00 -8.0287055E-01
-1.0323445E+00 1.0262747E-01 -1.1296232E+00 -9.2466583E-01 -1.2351992E+00 -8.3409354E-01
-1.0468917E+00 1.1348499E-01 -1.1521801E+00 -9.2524086E-01 -1.2762002E+00 -8.3476690E-01
-1.0376534E+00 1.3121514E-01 -1.1593456E+00 -9.0032376E-01 -1.3090656E+00 -7.9015187E-01
-1.0080108E+00 1.4351459E-01 -1.1424255E+00 -8.5781043E-01 -1.3017937E+00 -7.3660142E-01
-9.7002339E-01 1.4839830E-01 -1.1217033E+00 -8.1748364E-01 -1.2628082E+00 -6.8790739E-01
-9.3509067E-01 1.5187264E-01 -1.0849833E+00 -7.8199693E-01 -1.2354586E+00 -6.4057705E-01
-9.1470019E-01 1.5470322E-01 -1.0694628E+00 -7.6094993E-01 -1.2208246E+00 -6.1376887E-01
-9.1576252E-01 1.6311118E-01 -1.0780097E+00 -7.5537515E-01 -1.2349596E+00 -5.9202664E-01
-9.3389423E-01 1.9519890E-01 -1.1239781E+00 -7.4210455E-01 -1.3292904E+00 -5.6187637E-01
-9.6249231E-01 2.5582329E-01 -1.1730212E+00 -6.7847040E-01 -1.4763848E+00 -4.8778295E-01
-9.9313961E-01 3.2797731E-01 -1.2366972E+00 -5.9867127E-01 -1.6311519E+00 -4.0878452E-01
-1.0163750E+00 3.8842920E-01 -1.2736848E+00 -5.1366286E-01 -1.7638816E+00 -3.6085779E-01
-1.0247606E+00 4.1642274E-01 -1.2964927E+00 -4.8336903E-01 -1.8324112E+00 -3.2384535E-01
