-1.2953064E+00 3.1815454E-01 -1.6152638E+00 -9.7555378E-01 -1.9222336E+00 -6.7944723E-01
-1.2130179E+00 2.1465229E-01 -1.4256467E+00 -9.9330205E-01 -1.6263560E+00 -7.9125581E-01
-1.0554796E+00 1.4087379E-01 -1.1985664E+00 -9.1423626E-01 -1.3292636E+00 -7.8078759E-01
-9.1326291E-01 1.8248235E-01 -1.0923983E+00 -7.3083997E-01 -1.2639767E+00 -5.4852600E-01
-8.5991550E-01 1.8475818E-01 -1.0460344E+00 -6.7674428E-01 -1.2175597E+00 -4.9560348E-01
-9.0890599E-01 1.8083777E-01 -1.0874894E+00 -7.3006601E-01 -1.2732261E+00 -5.5604474E-01
-1.0094481E+00 1.8862443E-01 -1.1987793E+00 -8.2338890E-01 -1.3888747E+00 -6.4870331E-01
-1.0842229E+00 1.9808357E-01 -1.2729037E+00 -8.7729758E-01 -1.4819576E+00 -7.1384736E-01
-1.0779961E+00 2.0889156E-01 -1.2891836E+00 -8.7050815E-01 -1.4896058E+00 -6.7249899E-01
-9.8930603E-01 2.1960474E-01 -1.2036483E+00 -7.7164246E-01 -1.4220152E+00 -5.5117170E-01
-8.6272628E-01 2.4314255E-01 -1.1038798E+00 -6.1736130E-01 -1.3392200E+00 -3.9001119E-01
-7.6883656E-01 2.6729536E-01 -1.0374553E+00 -5.0496466E-01 -1.2969173E+00 -2.4649667E-01
-7.7390398E-01 2.8730152E-01 -1.0383162E+00 -4.8037590E-01 -1.3636154E+00 -2.1916500E-01
-8.9210120E-01 3.1171859E-01 -1.2039685E+00 -5.7824389E-01 -1.5246105E+00 -2.9973953E-01
-1.0925737E+00 3.4444983E-01 -1.4266751E+00 -7.5189502E-01 -1.7966521E+00 -4.3012398E-01
-1.3238536E+00 3.9227978E-01 -1.6863056E+00 -9.0511642E-01 -2.1207679E+00 -5.9415531E-01
-1.5364194E+00 4.9206304E-01 -1.9913766E+00 -1.0071020E+00 -2.5384112E+00 -6.2145286E-01
-1.6917999E+00 6.3921004E-01 -2.3091957E+00 -9.4979749E-01 -2.9317572E+00 -5.4390882E-01
-1.7778154E+00 7.9331133E-01 -2.6623528E+00 -8.6706859E-01 -3.1549405E+00 -4.1691449E-01
-1.8044314E+00 8.8599635E-01 -2.8022250E+00 -7.6727305E-01 -3.3396914E+00 -3.0748573E-01
