-1.2265297E+00 3.1644156E-01 -1.5369682E+00 -9.1347996E-01 -1.8577637E+00 -6.1019225E-01
-1.0935027E+00 2.1223827E-01 -1.3034076E+00 -8.8206513E-01 -1.5191587E+00 -6.8626874E-01
-8.5926675E-01 1.3746889E-01 -9.9655578E-01 -7.2146410E-01 -1.1268674E+00 -5.9025362E-01
-7.2801854E-01 1.6875000E-01 -8.8779956E-01 -5.5440513E-01 -1.0603721E+00 -3.9626349E-01
-8.1910525E-01 1.7907088E-01 -1.0004785E+00 -6.4946346E-01 -1.1697206E+00 -4.6474184E-01
-1.0543834E+00 1.7752277E-01 -1.2342060E+00 -8.7303573E-01 -1.3981339E+00 -7.1249536E-01
-1.2405781E+00 1.9656584E-01 -1.4373995E+00 -1.0451947E+00 -1.6194225E+00 -8.4827586E-01
-1.2440375E+00 2.0717830E-01 -1.4494079E+00 -1.0330613E+00 -1.6382087E+00 -8.3593346E-01
-1.0895531E+00 2.0753154E-01 -1.2969679E+00 -8.8410604E-01 -1.4913138E+00 -6.7679342E-01
-9.0083464E-01 2.2254024E-01 -1.1252708E+00 -6.7864675E-01 -1.3413840E+00 -4.6940443E-01
-7.9472266E-01 2.4607115E-01 -1.0395870E+00 -5.4905707E-01 -1.2883799E+00 -3.2749405E-01
-8.0334697E-01 2.6014359E-01 -1.0671552E+00 -5.4408781E-01 -1.3137012E+00 -2.9983255E-01
-8.8711554E-01 2.7896894E-01 -1.1684065E+00 -6.0544025E-01 -1.4370710E+00 -3.5487796E-01
-9.9953651E-01 3.1285362E-01 -1.3198103E+00 -6.8259003E-01 -1.6088448E+00 -4.0199309E-01
-1.1352538E+00 3.5454177E-01 -1.4899985E+00 -7.8967730E-01 -1.8587324E+00 -4.5140044E-01
-1.2994900E+00 3.9525869E-01 -1.6724078E+00 -8.9505338E-01 -2.1055495E+00 -5.4258623E-01
-1.4995161E+00 4.6977778E-01 -1.9348927E+00 -9.9584430E-01 -2.4669966E+00 -6.2496083E-01
-1.7018210E+00 6.0529613E-01 -2.2564488E+00 -9.7185146E-01 -2.8475074E+00 -6.0242552E-01
-1.8445330E+00 7.6595157E-01 -2.6356847E+00 -9.0774434E-01 -3.1937564E+00 -5.1026584E-01
-1.8927712E+00 8.6168232E-01 -2.9585277E+00 -1.0137820E+00 -3.4446802E+00 -4.5759232E-01
