-8.6027083E-01 3.1711307E-01 -1.1771368E+00 -5.4877999E-01 -1.4815990E+00 -2.3380149E-01
-8.6956829E-01 2.1715074E-01 -1.0824370E+00 -6.5512072E-01 -1.2954178E+00 -4.3455758E-01
-9.0140548E-01 1.4660412E-01 -1.0457778E+00 -7.5523150E-01 -1.2000139E+00 -6.2123978E-01
-9.7267987E-01 1.8405191E-01 -1.1554001E+00 -7.8747698E-01 -1.3354399E+00 -6.1852706E-01
-1.0846992E+00 1.9346543E-01 -1.2793809E+00 -8.9126134E-01 -1.4586518E+00 -7.0703952E-01
-1.1947843E+00 1.9082572E-01 -1.3860700E+00 -1.0044229E+00 -1.5702168E+00 -8.2464634E-01
-1.2306343E+00 2.0225305E-01 -1.4356787E+00 -1.0265166E+00 -1.6200764E+00 -8.3853309E-01
-1.1468892E+00 2.1448020E-01 -1.3574122E+00 -9.3427707E-01 -1.5766694E+00 -7.2515563E-01
-9.9511023E-01 2.1494972E-01 -1.2122101E+00 -7.8198883E-01 -1.4186771E+00 -5.8105865E-01
-8.8419769E-01 2.3040439E-01 -1.1107223E+00 -6.5662925E-01 -1.3380071E+00 -4.3186247E-01
-8.8397207E-01 2.5618352E-01 -1.1374461E+00 -6.2795295E-01 -1.3981140E+00 -3.9188969E-01
-9.6730015E-01 2.6417622E-01 -1.2349485E+00 -7.0652001E-01 -1.4928787E+00 -4.5828968E-01
-1.0541343E+00 2.8324892E-01 -1.3304007E+00 -7.7104224E-01 -1.6358406E+00 -5.2212738E-01
-1.0730954E+00 3.2031089E-01 -1.3850718E+00 -7.5988776E-01 -1.7108638E+00 -4.5896548E-01
-1.0093259E+00 3.4795424E-01 -1.3438470E+00 -6.7009625E-01 -1.7105888E+00 -3.4180151E-01
-9.2936400E-01 3.5989069E-01 -1.2868914E+00 -5.7451213E-01 -1.6354015E+00 -2.1792744E-01
-9.1398502E-01 4.0116634E-01 -1.3120049E+00 -5.0823776E-01 -1.7115215E+00 -1.5880879E-01
-9.9272003E-01 5.0021813E-01 -1.3598000E+00 -3.9833422E-01 -2.0488422E+00 -1.1379594E-01
-1.1122578E+00 6.3372176E-01 -1.4516497E+00 -3.2012345E-01 -2.4273268E+00 -1.5082632E-01
-1.1781784E+00 7.1780560E-01 -1.4938346E+00 -2.6552635E-01 -2.7556355E+00 -1.9027095E-01
