-1.6747007E+00 3.1288204E-01 -1.9885605E+00 -1.3620060E+00 -2.2763513E+00 -1.0591887E+00
-1.5490946E+00 2.0750894E-01 -1.7563923E+00 -1.3417524E+00 -1.9469721E+00 -1.1365040E+00
-1.2613555E+00 1.4555540E-01 -1.4069932E+00 -1.1164162E+00 -1.5454845E+00 -9.7626381E-01
-9.5044419E-01 1.8357090E-01 -1.1351802E+00 -7.6866450E-01 -1.3097971E+00 -5.9149816E-01
-7.6972512E-01 1.8268927E-01 -9.4998871E-01 -5.8659032E-01 -1.1363582E+00 -4.2052284E-01
-7.7400810E-01 1.8010666E-01 -9.5358035E-01 -5.9426927E-01 -1.1366592E+00 -4.3000213E-01
-9.0633979E-01 1.9358816E-01 -1.0991527E+00 -7.1223688E-01 -1.2817858E+00 -5.2373576E-01
-1.0679551E+00 1.9955397E-01 -1.2702756E+00 -8.6921829E-01 -1.4576872E+00 -6.7808898E-01
-1.1520237E+00 2.0684511E-01 -1.3562903E+00 -9.4612535E-01 -1.5604020E+00 -7.5011905E-01
-1.0961726E+00 2.1414306E-01 -1.3113926E+00 -8.7967802E-01 -1.5131093E+00 -6.7858611E-01
-9.3014675E-01 2.3736548E-01 -1.1710278E+00 -6.9317878E-01 -1.3929423E+00 -4.7435208E-01
-7.4874627E-01 2.6521523E-01 -1.0118317E+00 -4.8883525E-01 -1.2905541E+00 -2.3197529E-01
-6.6233078E-01 2.8336883E-01 -9.2357394E-01 -3.7069598E-01 -1.2477608E+00 -1.2275061E-01
-7.2439818E-01 2.8912285E-01 -1.0020756E+00 -4.2507360E-01 -1.3021637E+00 -1.6863474E-01
-9.2041153E-01 3.0737586E-01 -1.2204172E+00 -6.1277227E-01 -1.5286406E+00 -3.1764537E-01
-1.2012614E+00 3.7091112E-01 -1.5463435E+00 -8.1248235E-01 -1.9518339E+00 -4.9401738E-01
-1.5043905E+00 4.7212621E-01 -1.9417474E+00 -1.0088415E+00 -2.4752567E+00 -6.0308821E-01
-1.7630819E+00 5.9422971E-01 -2.3851646E+00 -1.1472799E+00 -2.9076079E+00 -6.4809752E-01
-1.9297034E+00 7.2679845E-01 -2.7679026E+00 -1.1736205E+00 -3.2464167E+00 -6.2860457E-01
-1.9898929E+00 8.0038557E-01 -2.9283294E+00 -1.1453562E+00 -3.4350722E+00 -6.0876158E-01
