-1.1687709E+00 3.2308818E-01 -1.4866291E+00 -8.4416925E-01 -1.8012532E+00 -5.2574353E-01
-1.1696001E+00 2.1372510E-01 -1.3826851E+00 -9.5858685E-01 -1.5926637E+00 -7.5464758E-01
-1.1390959E+00 1.4184335E-01 -1.2834421E+00 -9.9901496E-01 -1.4156120E+00 -8.6038689E-01
-1.0662636E+00 1.7900362E-01 -1.2465078E+00 -8.8802101E-01 -1.4161111E+00 -7.1996062E-01
-9.7462639E-01 1.8614219E-01 -1.1593559E+00 -7.9044061E-01 -1.3435290E+00 -6.1255481E-01
-8.9339872E-01 1.8392373E-01 -1.0726639E+00 -7.0455528E-01 -1.2574893E+00 -5.3763618E-01
-8.4610211E-01 1.9531333E-01 -1.0433122E+00 -6.5006821E-01 -1.2239726E+00 -4.6366211E-01
-8.5515665E-01 2.0600554E-01 -1.0584026E+00 -6.5001634E-01 -1.2610650E+00 -4.5172043E-01
-9.1185673E-01 2.1110351E-01 -1.1208396E+00 -7.0180139E-01 -1.3348477E+00 -5.0593212E-01
-9.8014993E-01 2.2246469E-01 -1.2005170E+00 -7.5959943E-01 -1.4189502E+00 -5.4528873E-01
-1.0135192E+00 2.3788254E-01 -1.2327895E+00 -7.5840706E-01 -1.4932182E+00 -5.6831798E-01
-9.9769931E-01 2.5740232E-01 -1.2525259E+00 -7.4183899E-01 -1.5051337E+00 -4.9353709E-01
-9.4615828E-01 2.7975326E-01 -1.2269970E+00 -6.6646212E-01 -1.4967348E+00 -4.0724532E-01
-9.1400248E-01 3.0736845E-01 -1.1911385E+00 -6.0100601E-01 -1.5575526E+00 -3.3505774E-01
-9.6351315E-01 3.3527650E-01 -1.2865425E+00 -6.3565861E-01 -1.6685665E+00 -3.2529159E-01
-1.1345354E+00 3.7369721E-01 -1.5048732E+00 -7.5974407E-01 -1.8706460E+00 -4.1203880E-01
-1.3955689E+00 4.4383877E-01 -1.8028588E+00 -9.2952898E-01 -2.3219092E+00 -5.6361800E-01
-1.6723527E+00 5.6471107E-01 -2.2271367E+00 -1.0473239E+00 -2.7943203E+00 -6.4732403E-01
-1.8764789E+00 7.1946558E-01 -2.6865271E+00 -1.0925743E+00 -3.1727251E+00 -5.6901850E-01
-1.9532541E+00 8.1182808E-01 -2.8722174E+00 -1.0534133E+00 -3.4806273E+00 -5.9792269E-01
