-1.4489614E+00 3.2783158E-01 -1.7803205E+00 -1.1247019E+00 -2.0756913E+00 -7.9138444E-01
-1.3001902E+00 2.1831200E-01 -1.5177586E+00 -1.0840301E+00 -1.7255186E+00 -8.6275679E-01
-1.0364858E+00 1.4038891E-01 -1.1748238E+00 -8.9571712E-01 -1.3124375E+00 -7.6259077E-01
-8.4114904E-01 1.7866743E-01 -1.0207406E+00 -6.6325825E-01 -1.1914101E+00 -4.9596608E-01
-8.1254017E-01 1.8371512E-01 -9.9752460E-01 -6.2996580E-01 -1.1721979E+00 -4.5594497E-01
-9.1742702E-01 1.7524690E-01 -1.0907919E+00 -7.4125224E-01 -1.2589073E+00 -5.7305701E-01
-1.0577088E+00 1.9185632E-01 -1.2505771E+00 -8.6783470E-01 -1.4312617E+00 -6.7809672E-01
-1.1410454E+00 2.0680638E-01 -1.3468115E+00 -9.3339100E-01 -1.5501612E+00 -7.3858106E-01
-1.1476432E+00 2.2243577E-01 -1.3647680E+00 -9.2641964E-01 -1.6009465E+00 -7.2281695E-01
-1.1080910E+00 2.3465158E-01 -1.3392001E+00 -8.7102973E-01 -1.5772630E+00 -6.5952155E-01
-1.0417415E+00 2.5111712E-01 -1.2818278E+00 -7.8276341E-01 -1.5415537E+00 -5.5947548E-01
-9.5778602E-01 2.7057465E-01 -1.2244477E+00 -6.8938814E-01 -1.4965566E+00 -4.3337132E-01
-8.6289467E-01 2.8433438E-01 -1.1468754E+00 -5.7887107E-01 -1.4291511E+00 -3.2149069E-01
-7.7728085E-01 2.9389384E-01 -1.0745077E+00 -4.8273108E-01 -1.3590880E+00 -2.0816930E-01
-7.4263641E-01 3.2139592E-01 -1.0347022E+00 -3.9539533E-01 -1.4079409E+00 -1.5538703E-01
-8.0038884E-01 3.7281633E-01 -1.1722467E+00 -4.3075449E-01 -1.5274337E+00 -6.9745559E-02
-9.5184589E-01 4.3346043E-01 -1.3571788E+00 -4.9971550E-01 -1.8507525E+00 -1.4295952E-01
-1.1540349E+00 5.2567562E-01 -1.5503756E+00 -5.2489353E-01 -2.2302085E+00 -2.1794272E-01
-1.3328382E+00 6.5763933E-01 -1.7020727E+00 -4.4005368E-01 -2.6550662E+00 -2.8995374E-01
-1.4169094E+00 7.4476032E-01 -1.8341464E+00 -4.1170558E-01 -2.9228664E+00 -2.4966407E-01
