-1.2969234E+00 3.1468392E-01 -1.6075297E+00 -9.8395824E-01 -1.9260507E+00 -6.9043437E-01
-1.2147284E+00 2.0647394E-01 -1.4157451E+00 -1.0084634E+00 -1.6301849E+00 -8.1928131E-01
-1.0743458E+00 1.3932520E-01 -1.2126245E+00 -9.3570930E-01 -1.3427972E+00 -7.9977161E-01
-9.6630978E-01 1.7525729E-01 -1.1405743E+00 -7.9275458E-01 -1.3091913E+00 -6.2242349E-01
-9.5109108E-01 1.7952699E-01 -1.1304793E+00 -7.7387317E-01 -1.2954777E+00 -5.9155364E-01
-1.0152586E+00 1.7774184E-01 -1.1914271E+00 -8.3929303E-01 -1.3688321E+00 -6.6766581E-01
-1.0820870E+00 2.0035709E-01 -1.2757485E+00 -8.7397414E-01 -1.4770818E+00 -6.9633420E-01
-1.0825463E+00 2.0454545E-01 -1.2831005E+00 -8.8048940E-01 -1.4854890E+00 -6.7752849E-01
-1.0110277E+00 2.0269362E-01 -1.2130087E+00 -8.1253674E-01 -1.4106314E+00 -6.1357069E-01
-9.1321663E-01 2.2324603E-01 -1.1339859E+00 -6.9328890E-01 -1.3507778E+00 -4.7104758E-01
-8.5374051E-01 2.4536950E-01 -1.0966404E+00 -6.0845125E-01 -1.3434826E+00 -3.8488515E-01
-8.5689680E-01 2.4891720E-01 -1.1053096E+00 -6.0708229E-01 -1.3450524E+00 -3.7571593E-01
-9.0643431E-01 2.6246672E-01 -1.1704745E+00 -6.4492823E-01 -1.4181731E+00 -3.9429098E-01
-9.8445027E-01 3.0129145E-01 -1.2760072E+00 -6.6889337E-01 -1.5758658E+00 -4.1146350E-01
-1.0772763E+00 3.3894719E-01 -1.3967536E+00 -7.1766529E-01 -1.7707651E+00 -4.4253544E-01
-1.1890987E+00 3.7024292E-01 -1.5629449E+00 -8.2374938E-01 -1.9201682E+00 -4.6801640E-01
-1.3215076E+00 4.3677972E-01 -1.7171145E+00 -8.4820647E-01 -2.2322952E+00 -5.1319913E-01
-1.4574547E+00 5.6426263E-01 -1.8856939E+00 -7.4720940E-01 -2.5895835E+00 -4.9257102E-01
-1.5594538E+00 7.1486606E-01 -2.0087802E+00 -5.4942462E-01 -2.9401382E+00 -4.0372154E-01
-1.6001678E+00 8.0809981E-01 -2.0876079E+00 -4.1719440E-01 -3.1529607E+00 -2.8851203E-01
