-9.8799263E-01 2.3575485E-01 -1.2211609E+00 -7.5257670E-01 -1.4510456E+00 -5.2655315E-01
-9.9936953E-01 1.7804052E-01 -1.1743810E+00 -8.2330417E-01 -1.3521051E+00 -6.5280475E-01
-1.0271830E+00 1.1567787E-01 -1.1409699E+00 -9.1357896E-01 -1.2581944E+00 -8.0089647E-01
-1.0614758E+00 1.2635517E-01 -1.1859013E+00 -9.3531119E-01 -1.3088544E+00 -8.1400199E-01
-1.0828567E+00 1.4045982E-01 -1.2200050E+00 -9.4376581E-01 -1.3593946E+00 -8.0936568E-01
-1.0808370E+00 1.3584083E-01 -1.2141008E+00 -9.4607837E-01 -1.3497855E+00 -8.1559682E-01
-1.0520891E+00 1.3990742E-01 -1.1931937E+00 -9.1155104E-01 -1.3278538E+00 -7.8404310E-01
-1.0024778E+00 1.5114599E-01 -1.1457854E+00 -8.4386108E-01 -1.3047030E+00 -7.1356760E-01
-9.5070189E-01 1.6201438E-01 -1.1006956E+00 -7.8283810E-01 -1.2859869E+00 -6.4470359E-01
-9.2243165E-01 1.7655585E-01 -1.0865627E+00 -7.4127185E-01 -1.2881123E+00 -5.8796120E-01
-9.3582881E-01 1.9929769E-01 -1.1150649E+00 -7.2607559E-01 -1.3538025E+00 -5.6477880E-01
-9.9012372E-01 2.3163456E-01 -1.1937133E+00 -7.4422300E-01 -1.4554555E+00 -5.4459358E-01
-1.0672921E+00 2.6713886E-01 -1.3065336E+00 -7.7906143E-01 -1.6015770E+00 -5.5938779E-01
-1.1499231E+00 2.9670833E-01 -1.4035955E+00 -8.2146670E-01 -1.7465813E+00 -5.9319093E-01
-1.2250725E+00 3.3375572E-01 -1.4892913E+00 -8.4774246E-01 -1.9071320E+00 -6.1319418E-01
-1.2848244E+00 4.0685164E-01 -1.5980561E+00 -8.2253182E-01 -2.1106996E+00 -5.4596885E-01
-1.3306750E+00 5.2725898E-01 -1.7541811E+00 -7.2173226E-01 -2.4001864E+00 -3.6724727E-01
-1.3611129E+00 6.7460122E-01 -1.9379774E+00 -5.7613640E-01 -2.7216815E+00 -1.2497928E-01
-1.3752487E+00 8.0600882E-01 -2.1132477E+00 -4.4829280E-01 -2.9734231E+00 1.1683975E-01
-1.3791149E+00 8.6799243E-01 -2.1934470E+00 -3.8573954E-01 -3.1543616E+00 1.9078511E-01
