-1.3130539E+00 2.3314156E-01 -1.5431828E+00 -1.0821198E+00 -1.7710258E+00 -8.5513981E-01
-1.2547080E+00 1.7787470E-01 -1.4299367E+00 -1.0788508E+00 -1.6067688E+00 -9.0451277E-01
-1.1277289E+00 1.1143807E-01 -1.2373788E+00 -1.0183906E+00 -1.3540483E+00 -9.1179825E-01
-9.9045767E-01 1.2014590E-01 -1.1095781E+00 -8.6968392E-01 -1.2266195E+00 -7.5657721E-01
-9.0350119E-01 1.4043271E-01 -1.0417145E+00 -7.6177680E-01 -1.1781729E+00 -6.3069018E-01
-8.8818850E-01 1.4161701E-01 -1.0319764E+00 -7.4674290E-01 -1.1627701E+00 -6.1519892E-01
-9.2487006E-01 1.3791338E-01 -1.0630831E+00 -7.8744529E-01 -1.1934184E+00 -6.5630290E-01
-9.8261378E-01 1.4648892E-01 -1.1299818E+00 -8.3604771E-01 -1.2739542E+00 -7.0458537E-01
-1.0385978E+00 1.6315826E-01 -1.2013058E+00 -8.7597466E-01 -1.3685726E+00 -7.3006811E-01
-1.0828729E+00 1.7991908E-01 -1.2621409E+00 -9.0154729E-01 -1.4471314E+00 -7.4589591E-01
-1.1098742E+00 2.0089056E-01 -1.3040856E+00 -9.1164138E-01 -1.5282552E+00 -7.3421839E-01
-1.1187014E+00 2.3154010E-01 -1.3256656E+00 -8.7504146E-01 -1.5801234E+00 -6.6756345E-01
-1.1155829E+00 2.6381217E-01 -1.3429640E+00 -8.3424289E-01 -1.6439471E+00 -6.1112609E-01
-1.1087507E+00 2.9300250E-01 -1.3471388E+00 -7.9627583E-01 -1.6864862E+00 -5.5359482E-01
-1.1021120E+00 3.2432563E-01 -1.3480853E+00 -7.4995022E-01 -1.7387535E+00 -5.0490763E-01
-1.0993020E+00 3.8887348E-01 -1.3810355E+00 -6.6952605E-01 -1.8880346E+00 -3.7740337E-01
-1.1003830E+00 5.0601189E-01 -1.4687816E+00 -5.0976016E-01 -2.1473905E+00 -1.9588754E-01
-1.1037344E+00 6.5671751E-01 -1.6048402E+00 -3.0859690E-01 -2.4328652E+00 5.4041109E-02
-1.1065387E+00 7.9138760E-01 -1.7433058E+00 -1.3538766E-01 -2.6479448E+00 3.1148072E-01
-1.1096490E+00 8.5409703E-01 -1.8175815E+00 -6.4608175E-02 -2.6646223E+00 5.0000000E-01
