-9.8740266E-01 2.3446812E-01 -1.2201775E+00 -7.5627136E-01 -1.4486560E+00 -5.2300749E-01
-1.0006520E+00 1.7840183E-01 -1.1772537E+00 -8.2508063E-01 -1.3496998E+00 -6.4511508E-01
-1.0305395E+00 1.1534361E-01 -1.1455203E+00 -9.1531639E-01 -1.2593578E+00 -8.0778051E-01
-1.0625818E+00 1.2175992E-01 -1.1850509E+00 -9.4185433E-01 -1.3002128E+00 -8.2471397E-01
-1.0776757E+00 1.4109128E-01 -1.2178493E+00 -9.3863814E-01 -1.3590865E+00 -8.0350916E-01
-1.0726798E+00 1.4277163E-01 -1.2135697E+00 -9.3082309E-01 -1.3581000E+00 -7.9751846E-01
-1.0591729E+00 1.4174765E-01 -1.1992806E+00 -9.1917766E-01 -1.3430116E+00 -7.8412125E-01
-1.0467027E+00 1.5028887E-01 -1.1891398E+00 -8.9220085E-01 -1.3486890E+00 -7.5864969E-01
-1.0349857E+00 1.6711959E-01 -1.1889953E+00 -8.5761929E-01 -1.3739392E+00 -7.2134952E-01
-1.0183609E+00 1.8381333E-01 -1.1838593E+00 -8.2135570E-01 -1.3967018E+00 -6.7785166E-01
-9.9406717E-01 2.0636865E-01 -1.1759236E+00 -7.7684278E-01 -1.4295551E+00 -6.1412378E-01
-9.6304061E-01 2.3664713E-01 -1.1717352E+00 -7.1153600E-01 -1.4318828E+00 -5.0658271E-01
-9.4359774E-01 2.6534188E-01 -1.1715359E+00 -6.5367135E-01 -1.4785725E+00 -4.4124616E-01
-9.5811661E-01 2.8679922E-01 -1.1942934E+00 -6.4578532E-01 -1.5444551E+00 -4.1576614E-01
-1.0156827E+00 3.1398659E-01 -1.2606614E+00 -6.7620323E-01 -1.6654794E+00 -4.2447684E-01
-1.1010306E+00 3.7725037E-01 -1.3908136E+00 -6.8312236E-01 -1.8703350E+00 -3.9919580E-01
-1.1896810E+00 4.9335819E-01 -1.5915980E+00 -6.3185665E-01 -2.1902794E+00 -2.7620206E-01
-1.2650568E+00 6.4114034E-01 -1.8324503E+00 -5.3566677E-01 -2.5385320E+00 -7.6810020E-02
-1.3147785E+00 7.7352331E-01 -2.0316429E+00 -4.4003692E-01 -2.8229476E+00 1.4698521E-01
-1.3346859E+00 8.3676593E-01 -2.1261840E+00 -3.9251148E-01 -2.9548442E+00 2.7474137E-01
