-1.0294769E+00 2.4510449E-01 -1.2731476E+00 -7.8869028E-01 -1.5176907E+00 -5.5037359E-01
-1.0316824E+00 1.8642008E-01 -1.2168765E+00 -8.4781410E-01 -1.4018418E+00 -6.6836856E-01
-1.0263872E+00 1.1688349E-01 -1.1436514E+00 -9.0921668E-01 -1.2549629E+00 -7.9962909E-01
-1.0099179E+00 1.2307483E-01 -1.1317534E+00 -8.8888167E-01 -1.2530065E+00 -7.6743030E-01
-9.9079602E-01 1.4057210E-01 -1.1291709E+00 -8.5245937E-01 -1.2655084E+00 -7.1098083E-01
-9.8392527E-01 1.3906360E-01 -1.1230445E+00 -8.4657173E-01 -1.2595461E+00 -7.1426259E-01
-1.0040632E+00 1.3798795E-01 -1.1427265E+00 -8.6589065E-01 -1.2754632E+00 -7.3694245E-01
-1.0551986E+00 1.5287445E-01 -1.2076033E+00 -9.0475394E-01 -1.3585783E+00 -7.5857194E-01
-1.1251660E+00 1.7577039E-01 -1.2980691E+00 -9.5250737E-01 -1.4843737E+00 -7.8934296E-01
-1.1981324E+00 2.0005744E-01 -1.3762734E+00 -9.8342940E-01 -1.6164898E+00 -8.3258714E-01
-1.2536085E+00 2.2296336E-01 -1.4436317E+00 -1.0070847E+00 -1.7262499E+00 -8.5262536E-01
-1.2694930E+00 2.4259353E-01 -1.4845463E+00 -1.0112543E+00 -1.7793386E+00 -8.2380978E-01
-1.2294660E+00 2.5807527E-01 -1.4626792E+00 -9.6133562E-01 -1.7772923E+00 -7.5041962E-01
-1.1260411E+00 2.7078711E-01 -1.3556447E+00 -8.3652118E-01 -1.6629491E+00 -6.0663630E-01
-9.7246942E-01 2.9950336E-01 -1.1999468E+00 -6.4554107E-01 -1.5720870E+00 -4.1485489E-01
-8.0654742E-01 3.6297038E-01 -1.0654645E+00 -4.1208786E-01 -1.5501358E+00 -1.3883397E-01
-6.6561284E-01 4.5951760E-01 -9.6557798E-01 -1.4542018E-01 -1.6072689E+00 1.4373608E-01
-5.7008612E-01 5.6931455E-01 -8.9592195E-01 1.1487945E-01 -1.7179169E+00 3.6360983E-01
-5.2190187E-01 6.6492462E-01 -8.2342943E-01 3.4943923E-01 -1.8078406E+00 4.8253140E-01
-5.0840895E-01 7.0986233E-01 -7.4751047E-01 5.0000000E-01 -1.8647141E+00 5.0000000E-01
