-1.1659989E+00 2.2971598E-01 -1.3971457E+00 -9.3581022E-01 -1.6153139E+00 -7.2174663E-01
-1.1159408E+00 1.7179804E-01 -1.2882326E+00 -9.4217822E-01 -1.4494446E+00 -7.8277502E-01
-1.0062806E+00 1.1056653E-01 -1.1161431E+00 -8.9680830E-01 -1.2271586E+00 -7.9275599E-01
-8.8720906E-01 1.2037144E-01 -1.0075117E+00 -7.6819682E-01 -1.1255410E+00 -6.5327018E-01
-8.1271222E-01 1.3488401E-01 -9.4707482E-01 -6.7660271E-01 -1.0775014E+00 -5.5112087E-01
-8.1112644E-01 1.3256122E-01 -9.4250326E-01 -6.7892170E-01 -1.0713394E+00 -5.4990119E-01
-8.7405315E-01 1.3563203E-01 -1.0090231E+00 -7.3805827E-01 -1.1407462E+00 -6.0890266E-01
-9.7079533E-01 1.4681056E-01 -1.1159975E+00 -8.2512021E-01 -1.2644304E+00 -6.8708779E-01
-1.0671784E+00 1.5807402E-01 -1.2253788E+00 -9.0960700E-01 -1.3814216E+00 -7.6115129E-01
-1.1385831E+00 1.7453984E-01 -1.3131194E+00 -9.6437672E-01 -1.4894155E+00 -8.0704371E-01
-1.1829483E+00 2.0425266E-01 -1.3673938E+00 -9.6435975E-01 -1.6075345E+00 -8.0853916E-01
-1.2092551E+00 2.4560125E-01 -1.4191296E+00 -9.4057609E-01 -1.6992932E+00 -7.4324053E-01
-1.2361765E+00 2.8999099E-01 -1.4862679E+00 -9.2109818E-01 -1.8065944E+00 -6.8461168E-01
-1.2785979E+00 3.2928338E-01 -1.5414114E+00 -9.1457737E-01 -1.9494736E+00 -6.6341016E-01
-1.3355881E+00 3.6922723E-01 -1.6053109E+00 -9.1749714E-01 -2.0862778E+00 -6.6297644E-01
-1.4031966E+00 4.3662174E-01 -1.7241942E+00 -8.9495962E-01 -2.2908923E+00 -6.1506917E-01
-1.4706728E+00 5.5618014E-01 -1.9400477E+00 -8.2634013E-01 -2.5823169E+00 -4.5338232E-01
-1.5249672E+00 7.0847910E-01 -2.1929574E+00 -7.0713768E-01 -2.9080779E+00 -2.4604024E-01
-1.5574977E+00 8.4107953E-01 -2.3951809E+00 -5.9894039E-01 -3.1871208E+00 -5.0685047E-02
-1.5670190E+00 9.0265202E-01 -2.4842666E+00 -5.4970087E-01 -3.3570387E+00 3.1758989E-02
