-6.5698016E-01 2.3700738E-01 -8.9228734E-01 -4.2147490E-01 -1.1265123E+00 -1.9866346E-01
-7.1516599E-01 1.8254388E-01 -8.9634513E-01 -5.3310560E-01 -1.0773555E+00 -3.6073459E-01
-8.5413053E-01 1.1520297E-01 -9.6902079E-01 -7.3941974E-01 -1.0818368E+00 -6.3155155E-01
-1.0207150E+00 1.1771994E-01 -1.1370994E+00 -9.0142171E-01 -1.2519070E+00 -7.9449563E-01
-1.1415943E+00 1.4037444E-01 -1.2814697E+00 -1.0017170E+00 -1.4193175E+00 -8.6827177E-01
-1.1689793E+00 1.4346210E-01 -1.3061194E+00 -1.0221360E+00 -1.4609767E+00 -8.9561238E-01
-1.1100802E+00 1.4065966E-01 -1.2498471E+00 -9.7069052E-01 -1.3949778E+00 -8.3941976E-01
-1.0087184E+00 1.4905874E-01 -1.1571140E+00 -8.6125260E-01 -1.3021676E+00 -7.1686635E-01
-9.2211460E-01 1.6376677E-01 -1.0873102E+00 -7.5875718E-01 -1.2432588E+00 -6.0630938E-01
-8.9443936E-01 1.8105950E-01 -1.0724884E+00 -7.1416029E-01 -1.2622858E+00 -5.5223029E-01
-9.3759805E-01 2.0244375E-01 -1.1182365E+00 -7.2274339E-01 -1.3340569E+00 -5.4984229E-01
-1.0291832E+00 2.2930621E-01 -1.2348666E+00 -7.8877172E-01 -1.4861415E+00 -5.8557673E-01
-1.1353094E+00 2.5983330E-01 -1.3594272E+00 -8.5574260E-01 -1.6612051E+00 -6.3902892E-01
-1.2286515E+00 2.9817036E-01 -1.4658431E+00 -9.0367942E-01 -1.8397439E+00 -6.6514757E-01
-1.2929606E+00 3.5349270E-01 -1.5531973E+00 -9.0205772E-01 -2.0165119E+00 -6.4377820E-01
-1.3273181E+00 4.4113042E-01 -1.6408696E+00 -8.1687966E-01 -2.2278415E+00 -5.2516397E-01
-1.3404005E+00 5.6778983E-01 -1.7764286E+00 -6.6385211E-01 -2.4918446E+00 -3.2149607E-01
-1.3394032E+00 7.1917323E-01 -1.9477065E+00 -4.7057823E-01 -2.7556342E+00 -5.0044471E-02
-1.3330990E+00 8.4896999E-01 -2.1088985E+00 -3.2157578E-01 -2.9778432E+00 2.1151909E-01
-1.3299280E+00 9.0704090E-01 -2.1667686E+00 -2.4512795E-01 -3.0402624E+00 3.8098154E-01
