-9.3417628E-01 2.3011624E-01 -1.1594819E+00 -7.0579007E-01 -1.3922384E+00 -4.8597170E-01
-9.5481476E-01 1.7398159E-01 -1.1241190E+00 -7.8239874E-01 -1.2991254E+00 -6.1324918E-01
-1.0078917E+00 1.1378293E-01 -1.1204600E+00 -8.9438164E-01 -1.2299535E+00 -7.8337561E-01
-1.0794668E+00 1.2343279E-01 -1.1965488E+00 -9.5194849E-01 -1.3281922E+00 -8.4312663E-01
-1.1454877E+00 1.4123797E-01 -1.2867631E+00 -1.0051062E+00 -1.4246222E+00 -8.7116166E-01
-1.1854740E+00 1.4060265E-01 -1.3245123E+00 -1.0481993E+00 -1.4667019E+00 -9.0987702E-01
-1.1859350E+00 1.4116396E-01 -1.3188765E+00 -1.0370873E+00 -1.4693421E+00 -9.2097499E-01
-1.1442901E+00 1.5036216E-01 -1.2825963E+00 -9.8854292E-01 -1.4534004E+00 -8.5900511E-01
-1.0660111E+00 1.6362622E-01 -1.2159131E+00 -8.9929154E-01 -1.4054463E+00 -7.5460886E-01
-9.6663053E-01 1.8067222E-01 -1.1345506E+00 -7.8016985E-01 -1.3400350E+00 -6.3021265E-01
-8.7040103E-01 1.9850319E-01 -1.0430414E+00 -6.5818921E-01 -1.2683478E+00 -4.9031139E-01
-8.0568847E-01 2.2420885E-01 -9.9596862E-01 -5.6538123E-01 -1.2847777E+00 -3.9653634E-01
-8.0290023E-01 2.5651686E-01 -1.0212176E+00 -5.2509458E-01 -1.3248050E+00 -3.1456251E-01
-8.8126785E-01 2.8326164E-01 -1.1210720E+00 -5.7118809E-01 -1.4475050E+00 -3.4523079E-01
-1.0286042E+00 3.0690108E-01 -1.2850331E+00 -6.9792970E-01 -1.6358000E+00 -4.5167867E-01
-1.2117625E+00 3.6425570E-01 -1.5116591E+00 -8.1285663E-01 -1.9460334E+00 -5.3304138E-01
-1.3910934E+00 4.8004203E-01 -1.8086303E+00 -8.6481572E-01 -2.4078528E+00 -5.1998922E-01
-1.5325061E+00 6.2451157E-01 -2.1341441E+00 -8.6398685E-01 -2.7774514E+00 -3.3603194E-01
-1.6168975E+00 7.5373209E-01 -2.4047115E+00 -8.3860028E-01 -3.0756352E+00 -1.4357388E-01
-1.6454580E+00 8.1443187E-01 -2.4973248E+00 -7.9827450E-01 -3.2767058E+00 -1.3010055E-01
