-1.3955944E+00 2.3628629E-01 -1.6307883E+00 -1.1597651E+00 -1.8545275E+00 -9.2715145E-01
-1.2950583E+00 1.7946510E-01 -1.4756880E+00 -1.1151801E+00 -1.6449299E+00 -9.4463355E-01
-1.0750252E+00 1.1562891E-01 -1.1897658E+00 -9.5846805E-01 -1.3034069E+00 -8.5110856E-01
-8.4407199E-01 1.2562857E-01 -9.7007207E-01 -7.2132060E-01 -1.0906740E+00 -5.9657212E-01
-7.1446005E-01 1.4252225E-01 -8.5166209E-01 -5.6616492E-01 -9.9884322E-01 -4.4245124E-01
-7.2929047E-01 1.3808323E-01 -8.6757796E-01 -5.9115257E-01 -1.0031687E+00 -4.6287443E-01
-8.5210985E-01 1.3707061E-01 -9.8946352E-01 -7.1535711E-01 -1.1234222E+00 -5.8827266E-01
-1.0108452E+00 1.4922872E-01 -1.1595715E+00 -8.6237442E-01 -1.3022832E+00 -7.1848191E-01
-1.1436432E+00 1.6672578E-01 -1.3083518E+00 -9.7590342E-01 -1.4760231E+00 -8.2178704E-01
-1.2246587E+00 1.8921893E-01 -1.4055360E+00 -1.0274288E+00 -1.6045919E+00 -8.6934598E-01
-1.2570519E+00 2.1954721E-01 -1.4501249E+00 -1.0209559E+00 -1.7177009E+00 -8.5554835E-01
-1.2557497E+00 2.5626436E-01 -1.4787013E+00 -9.7969419E-01 -1.7618595E+00 -7.7546661E-01
-1.2341144E+00 2.9145822E-01 -1.4851513E+00 -9.2170069E-01 -1.8095254E+00 -6.8578636E-01
-1.2009747E+00 3.2394286E-01 -1.4561141E+00 -8.4571510E-01 -1.8515706E+00 -5.9056304E-01
-1.1624214E+00 3.5999655E-01 -1.4187905E+00 -7.6535136E-01 -1.8969757E+00 -5.0270766E-01
-1.1233256E+00 4.2414964E-01 -1.4063071E+00 -6.5097497E-01 -2.0294672E+00 -3.6617548E-01
-1.0911091E+00 5.3809588E-01 -1.4363598E+00 -4.5781244E-01 -2.2498694E+00 -1.6490052E-01
-1.0687624E+00 6.7994303E-01 -1.5141666E+00 -2.2511727E-01 -2.4925052E+00 8.8355995E-02
-1.0547123E+00 8.0513691E-01 -1.6194318E+00 -3.0962805E-02 -2.6637428E+00 3.4088898E-01
-1.0483197E+00 8.6405553E-01 -1.6917712E+00 3.9031335E-02 -2.6792597E+00 5.0000000E-01
