-1.2676576E+00 2.3960323E-01 -1.5058704E+00 -1.0287517E+00 -1.7348543E+00 -7.9766384E-01
-1.2429988E+00 1.8039477E-01 -1.4218953E+00 -1.0648930E+00 -1.5980122E+00 -8.8508452E-01
-1.1770650E+00 1.1528957E-01 -1.2908961E+00 -1.0627254E+00 -1.4086176E+00 -9.5576389E-01
-1.0855646E+00 1.2357989E-01 -1.2079943E+00 -9.6125795E-01 -1.3288694E+00 -8.4585647E-01
-9.9412891E-01 1.4255857E-01 -1.1356139E+00 -8.5187095E-01 -1.2751395E+00 -7.1743917E-01
-9.2690144E-01 1.3841154E-01 -1.0636922E+00 -7.8859135E-01 -1.2030083E+00 -6.5669012E-01
-9.0337831E-01 1.3750287E-01 -1.0385563E+00 -7.6784746E-01 -1.1776249E+00 -6.3701536E-01
-9.3212656E-01 1.5303523E-01 -1.0816060E+00 -7.8123275E-01 -1.2405781E+00 -6.3210069E-01
-1.0083375E+00 1.7045200E-01 -1.1746455E+00 -8.3999322E-01 -1.3556694E+00 -6.8138214E-01
-1.1025143E+00 1.8877203E-01 -1.2749188E+00 -9.0369069E-01 -1.4892520E+00 -7.4971907E-01
-1.1765814E+00 2.1351526E-01 -1.3638171E+00 -9.4635912E-01 -1.5976359E+00 -7.7095569E-01
-1.2103559E+00 2.5043524E-01 -1.4133584E+00 -9.3475968E-01 -1.7192429E+00 -7.3859519E-01
-1.2026371E+00 2.8935330E-01 -1.4332689E+00 -8.9092715E-01 -1.7936805E+00 -6.5325031E-01
-1.1669476E+00 3.2481009E-01 -1.4150233E+00 -8.1419769E-01 -1.8210988E+00 -5.5449859E-01
-1.1247487E+00 3.6486433E-01 -1.3839192E+00 -7.1808915E-01 -1.8669127E+00 -4.5433142E-01
-1.0955099E+00 4.3044748E-01 -1.3788431E+00 -5.9888387E-01 -2.0019456E+00 -3.3323734E-01
-1.0878000E+00 5.4239240E-01 -1.4643241E+00 -4.4897206E-01 -2.2308471E+00 -1.3372025E-01
-1.0952206E+00 6.8536686E-01 -1.5930117E+00 -2.5556801E-01 -2.4951404E+00 1.0927273E-01
-1.1067073E+00 8.1483413E-01 -1.7263099E+00 -7.7673965E-02 -2.6959289E+00 3.3844911E-01
-1.1113679E+00 8.7649879E-01 -1.8079768E+00 -1.2890354E-02 -2.7214892E+00 5.0000000E-01
