-1.0064143E+00 2.3325562E-01 -1.2361907E+00 -7.7464751E-01 -1.4696141E+00 -5.5322482E-01
-9.9207965E-01 1.7470150E-01 -1.1638550E+00 -8.1836493E-01 -1.3411426E+00 -6.5583230E-01
-9.5711425E-01 1.1163718E-01 -1.0674490E+00 -8.4667623E-01 -1.1772753E+00 -7.3864678E-01
-9.2345771E-01 1.2361966E-01 -1.0455499E+00 -8.0180186E-01 -1.1639562E+00 -6.7763991E-01
-9.2281444E-01 1.4030823E-01 -1.0624420E+00 -7.8451406E-01 -1.1991126E+00 -6.4829048E-01
-9.7073971E-01 1.3867425E-01 -1.1092500E+00 -8.3264610E-01 -1.2457134E+00 -7.0456788E-01
-1.0526872E+00 1.4201085E-01 -1.1947190E+00 -9.0923180E-01 -1.3336938E+00 -7.8311173E-01
-1.1380414E+00 1.5072749E-01 -1.2883293E+00 -9.8717279E-01 -1.4420532E+00 -8.5128049E-01
-1.1915658E+00 1.6138278E-01 -1.3519960E+00 -1.0315690E+00 -1.5185297E+00 -8.8222219E-01
-1.1921679E+00 1.7743849E-01 -1.3568175E+00 -1.0085601E+00 -1.5592436E+00 -8.5772548E-01
-1.1479667E+00 2.0911642E-01 -1.3325481E+00 -9.2158655E-01 -1.5601627E+00 -7.5251640E-01
-1.0886527E+00 2.4918590E-01 -1.2964582E+00 -8.1802016E-01 -1.5757029E+00 -6.2270757E-01
-1.0447728E+00 2.8317400E-01 -1.2711821E+00 -7.3842639E-01 -1.5990936E+00 -5.1897154E-01
-1.0336816E+00 3.0517498E-01 -1.2640921E+00 -7.0224475E-01 -1.6492875E+00 -4.7142937E-01
-1.0599883E+00 3.3401009E-01 -1.3013969E+00 -6.9667605E-01 -1.7377159E+00 -4.4325886E-01
-1.1109408E+00 4.0338149E-01 -1.3902985E+00 -6.5157128E-01 -1.9399045E+00 -3.7999177E-01
-1.1668445E+00 5.2809723E-01 -1.5551921E+00 -5.4437679E-01 -2.2558141E+00 -2.2621961E-01
-1.2145904E+00 6.8369757E-01 -1.7561293E+00 -3.8862099E-01 -2.5978196E+00 9.5408113E-03
-1.2449927E+00 8.1783412E-01 -1.9454371E+00 -2.6491473E-01 -2.8446372E+00 2.5059093E-01
-1.2549077E+00 8.8017212E-01 -2.0230861E+00 -1.9750621E-01 -2.9269094E+00 4.1015789E-01
