-1.3586532E+00 2.4403859E-01 -1.6043936E+00 -1.1165402E+00 -1.8406353E+00 -8.8538007E-01
-1.3054434E+00 1.8576535E-01 -1.4919547E+00 -1.1224394E+00 -1.6719251E+00 -9.4694460E-01
-1.1831039E+00 1.1645670E-01 -1.2988645E+00 -1.0671538E+00 -1.4128829E+00 -9.5669015E-01
-1.0295358E+00 1.2030504E-01 -1.1488756E+00 -9.0937062E-01 -1.2686954E+00 -7.9758673E-01
-8.9650831E-01 1.3992035E-01 -1.0351242E+00 -7.5835782E-01 -1.1728588E+00 -6.2331161E-01
-8.2538539E-01 1.4081741E-01 -9.6538380E-01 -6.8569592E-01 -1.1022814E+00 -5.4908596E-01
-8.2775219E-01 1.3817158E-01 -9.6000298E-01 -6.8442736E-01 -1.1053141E+00 -5.6345654E-01
-8.9299650E-01 1.4762401E-01 -1.0338955E+00 -7.3829363E-01 -1.1849780E+00 -6.1314201E-01
-9.9438673E-01 1.6623578E-01 -1.1592482E+00 -8.3087572E-01 -1.3262112E+00 -6.7552656E-01
-1.1030691E+00 1.8861767E-01 -1.2741203E+00 -9.0274613E-01 -1.4923322E+00 -7.4871145E-01
-1.1947592E+00 2.1860130E-01 -1.3839991E+00 -9.5921456E-01 -1.6395529E+00 -7.7904026E-01
-1.2544423E+00 2.5667312E-01 -1.4714938E+00 -9.7751303E-01 -1.7701383E+00 -7.6546731E-01
-1.2748954E+00 2.9178278E-01 -1.5166773E+00 -9.6074027E-01 -1.8561206E+00 -7.2664475E-01
-1.2568747E+00 3.1635608E-01 -1.4993803E+00 -9.1435366E-01 -1.8870975E+00 -6.6128302E-01
-1.2075966E+00 3.4774817E-01 -1.4584606E+00 -8.2881054E-01 -1.9023411E+00 -5.7067984E-01
-1.1469812E+00 4.1246356E-01 -1.4377451E+00 -6.8445465E-01 -1.9806655E+00 -4.0360416E-01
-1.0954728E+00 5.1955972E-01 -1.4803096E+00 -5.0551829E-01 -2.1563540E+00 -1.5534783E-01
-1.0611832E+00 6.5380930E-01 -1.5641922E+00 -2.7941108E-01 -2.3573091E+00 1.1417753E-01
-1.0444177E+00 7.7479252E-01 -1.6615167E+00 -8.6516440E-02 -2.5178476E+00 3.3923397E-01
-1.0387867E+00 8.3275624E-01 -1.7238562E+00 -1.2241761E-02 -2.5361037E+00 5.0000000E-01
