-9.8728641E-01 2.4699723E-01 -1.2340256E+00 -7.3990062E-01 -1.4751612E+00 -5.0676723E-01
-1.0048403E+00 1.8749814E-01 -1.1915839E+00 -8.1695898E-01 -1.3737549E+00 -6.3828450E-01
-1.0379708E+00 1.2036665E-01 -1.1590606E+00 -9.1757980E-01 -1.2781947E+00 -8.0905476E-01
-1.0677796E+00 1.2838937E-01 -1.1963560E+00 -9.3934518E-01 -1.3189572E+00 -8.1591587E-01
-1.0859404E+00 1.4665307E-01 -1.2313359E+00 -9.3945945E-01 -1.3775309E+00 -8.0255086E-01
-1.0994336E+00 1.4582779E-01 -1.2399045E+00 -9.5370955E-01 -1.3927979E+00 -8.1531868E-01
-1.1187979E+00 1.4830722E-01 -1.2628777E+00 -9.7399815E-01 -1.4156435E+00 -8.2828322E-01
-1.1448378E+00 1.5896679E-01 -1.2952828E+00 -9.8163638E-01 -1.4666156E+00 -8.4088447E-01
-1.1665426E+00 1.7254629E-01 -1.3234438E+00 -9.8465675E-01 -1.5211218E+00 -8.4421160E-01
-1.1702545E+00 1.9562051E-01 -1.3410410E+00 -9.6000822E-01 -1.5805102E+00 -8.1056313E-01
-1.1487918E+00 2.2419079E-01 -1.3461819E+00 -9.0762324E-01 -1.6229351E+00 -7.3979463E-01
-1.1027027E+00 2.4949091E-01 -1.3250273E+00 -8.3637763E-01 -1.6258166E+00 -6.4199679E-01
-1.0395316E+00 2.6585692E-01 -1.2747972E+00 -7.5279988E-01 -1.5735772E+00 -5.3217273E-01
-9.6472751E-01 2.7711060E-01 -1.2029512E+00 -6.6672074E-01 -1.5295812E+00 -4.3991168E-01
-8.8543321E-01 3.0047756E-01 -1.1259909E+00 -5.5200969E-01 -1.4952197E+00 -3.2254962E-01
-8.0799765E-01 3.5269021E-01 -1.0876031E+00 -4.1495959E-01 -1.5168903E+00 -1.4282324E-01
-7.4456085E-01 4.4809613E-01 -1.0899248E+00 -2.2890649E-01 -1.6468915E+00 6.6195578E-02
-7.0514048E-01 5.7745409E-01 -1.0992313E+00 9.9772387E-03 -1.8510116E+00 2.8712921E-01
-6.8523576E-01 6.9666448E-01 -1.0738512E+00 2.5842834E-01 -2.0089092E+00 4.5146704E-01
-6.7950095E-01 7.5463926E-01 -1.0793896E+00 3.7405813E-01 -2.0736083E+00 5.0000000E-01
