-1.4995602E+00 2.3970907E-01 -1.7380961E+00 -1.2596637E+00 -1.9691538E+00 -1.0338464E+00
-1.4190463E+00 1.8174755E-01 -1.5991996E+00 -1.2374056E+00 -1.7748880E+00 -1.0631175E+00
-1.2375800E+00 1.1462923E-01 -1.3499731E+00 -1.1238380E+00 -1.4610155E+00 -1.0111651E+00
-1.0349276E+00 1.2071083E-01 -1.1545743E+00 -9.1423929E-01 -1.2703334E+00 -7.9585707E-01
-8.9563668E-01 1.3807161E-01 -1.0319417E+00 -7.5855527E-01 -1.1666894E+00 -6.2416185E-01
-8.5467352E-01 1.3825891E-01 -9.9143262E-01 -7.1994633E-01 -1.1293957E+00 -5.8458421E-01
-8.9416902E-01 1.3904823E-01 -1.0322880E+00 -7.5593899E-01 -1.1697875E+00 -6.2516051E-01
-9.7311850E-01 1.4997750E-01 -1.1211115E+00 -8.2392758E-01 -1.2724328E+00 -6.8464923E-01
-1.0565073E+00 1.6196369E-01 -1.2184004E+00 -8.9689461E-01 -1.3798886E+00 -7.4684208E-01
-1.1271897E+00 1.8333887E-01 -1.3078674E+00 -9.4663203E-01 -1.4966919E+00 -7.7558502E-01
-1.1856926E+00 2.1478748E-01 -1.3858732E+00 -9.5911384E-01 -1.6255162E+00 -7.8569471E-01
-1.2296825E+00 2.4472996E-01 -1.4462448E+00 -9.6587145E-01 -1.7170927E+00 -7.6058524E-01
-1.2498025E+00 2.7177227E-01 -1.4817585E+00 -9.5661431E-01 -1.7980474E+00 -7.3262545E-01
-1.2452099E+00 3.0387759E-01 -1.4888042E+00 -9.1954506E-01 -1.8676652E+00 -6.6503740E-01
-1.2210325E+00 3.5418204E-01 -1.4723073E+00 -8.2900796E-01 -1.9560496E+00 -5.8012618E-01
-1.1850063E+00 4.4296937E-01 -1.4855383E+00 -6.7866528E-01 -2.0983601E+00 -3.9780680E-01
-1.1460914E+00 5.7196733E-01 -1.5332257E+00 -4.6616112E-01 -2.3358353E+00 -1.3324798E-01
-1.1167760E+00 7.2009271E-01 -1.6153710E+00 -2.2282522E-01 -2.5991602E+00 1.2935815E-01
-1.1048436E+00 8.4604503E-01 -1.6880585E+00 5.5894714E-03 -2.7870347E+00 3.5643816E-01
-1.1043074E+00 9.0480568E-01 -1.7721603E+00 6.7071220E-02 -2.8138892E+00 5.0000000E-01
