-9.6798661E-01 2.3298802E-01 -1.2022373E+00 -7.3716497E-01 -1.4286590E+00 -5.1352170E-01
-9.8478851E-01 1.7456684E-01 -1.1596950E+00 -8.1099323E-01 -1.3297751E+00 -6.4627168E-01
-1.0215455E+00 1.1137177E-01 -1.1308867E+00 -9.1064040E-01 -1.2416421E+00 -8.0429030E-01
-1.0636220E+00 1.2077614E-01 -1.1858724E+00 -9.4370057E-01 -1.2960179E+00 -8.2541998E-01
-1.0957009E+00 1.3832986E-01 -1.2322565E+00 -9.5577941E-01 -1.3654948E+00 -8.2420861E-01
-1.1069859E+00 1.3681514E-01 -1.2417679E+00 -9.7157317E-01 -1.3761854E+00 -8.3684981E-01
-1.0864751E+00 1.3683669E-01 -1.2235816E+00 -9.4914040E-01 -1.3547945E+00 -8.2291092E-01
-1.0305586E+00 1.4791004E-01 -1.1774526E+00 -8.8171086E-01 -1.3287476E+00 -7.5062214E-01
-9.4638765E-01 1.5852992E-01 -1.1044381E+00 -7.8856033E-01 -1.2659672E+00 -6.4330601E-01
-8.5092418E-01 1.6858354E-01 -1.0183828E+00 -6.8460170E-01 -1.1896778E+00 -5.3008515E-01
-7.7669478E-01 1.8903975E-01 -9.5007390E-01 -5.7858785E-01 -1.1666081E+00 -4.2812045E-01
-7.7113927E-01 2.1743871E-01 -9.6344257E-01 -5.3965698E-01 -1.2320145E+00 -3.7179653E-01
-8.7022770E-01 2.4679687E-01 -1.0853826E+00 -6.0524540E-01 -1.3673080E+00 -3.9273543E-01
-1.0702285E+00 2.7568602E-01 -1.3037607E+00 -7.7528005E-01 -1.6240325E+00 -5.4425275E-01
-1.3256712E+00 3.1734895E-01 -1.5825961E+00 -9.7589704E-01 -1.9556473E+00 -7.3455643E-01
-1.5754364E+00 3.9885949E-01 -1.9213742E+00 -1.1393275E+00 -2.3677373E+00 -8.2476962E-01
-1.7749291E+00 5.2549781E-01 -2.3156300E+00 -1.2373343E+00 -2.7866872E+00 -7.6583145E-01
-1.9053949E+00 6.7279871E-01 -2.6906183E+00 -1.2813479E+00 -3.1495537E+00 -6.3248911E-01
-1.9742407E+00 7.9993637E-01 -3.0073883E+00 -1.3224062E+00 -3.3920536E+00 -5.0700532E-01
-1.9970315E+00 8.5983729E-01 -3.1122802E+00 -1.3006225E+00 -3.5000000E+00 -4.7295431E-01
