-1.1639861E+00 2.4013902E-01 -1.4040673E+00 -9.2296882E-01 -1.6327493E+00 -6.9146811E-01
-1.1461550E+00 1.8362822E-01 -1.3301915E+00 -9.6267158E-01 -1.5057308E+00 -7.8721582E-01
-1.1048059E+00 1.1787724E-01 -1.2210727E+00 -9.8863199E-01 -1.3412830E+00 -8.7851968E-01
-1.0514689E+00 1.2261673E-01 -1.1729442E+00 -9.3031887E-01 -1.2971067E+00 -8.1461994E-01
-1.0038473E+00 1.4164315E-01 -1.1439468E+00 -8.6088354E-01 -1.2862032E+00 -7.2977416E-01
-9.8593918E-01 1.4299240E-01 -1.1265908E+00 -8.4455046E-01 -1.2709436E+00 -7.0725295E-01
-1.0194581E+00 1.4414377E-01 -1.1621569E+00 -8.7511055E-01 -1.3057258E+00 -7.4515800E-01
-1.1016516E+00 1.5634070E-01 -1.2490083E+00 -9.3934756E-01 -1.4200592E+00 -8.0882442E-01
-1.2096199E+00 1.7783774E-01 -1.3691740E+00 -1.0200054E+00 -1.5758449E+00 -8.7976460E-01
-1.3000046E+00 2.0640329E-01 -1.4887590E+00 -1.0872912E+00 -1.7259761E+00 -9.1201135E-01
-1.3338188E+00 2.3841622E-01 -1.5485534E+00 -1.0845111E+00 -1.7987006E+00 -8.7934278E-01
-1.2860529E+00 2.6640935E-01 -1.5116335E+00 -1.0027650E+00 -1.8100116E+00 -7.8665932E-01
-1.1602843E+00 2.8560526E-01 -1.3896574E+00 -8.6313513E-01 -1.7256516E+00 -6.2886417E-01
-9.8225112E-01 3.0038655E-01 -1.2102602E+00 -6.6735071E-01 -1.5650900E+00 -4.3003353E-01
-7.9125433E-01 3.2446513E-01 -1.0240419E+00 -4.5344675E-01 -1.4147127E+00 -1.9586615E-01
-6.3000978E-01 3.7267019E-01 -8.8409107E-01 -2.3900594E-01 -1.3672280E+00 4.1901929E-02
-5.2220025E-01 4.5219052E-01 -8.1052899E-01 -2.6849453E-02 -1.4117962E+00 2.7253094E-01
-4.6803823E-01 5.5415596E-01 -7.6598667E-01 1.9670909E-01 -1.5443698E+00 4.2664246E-01
-4.4864136E-01 6.4569999E-01 -7.2140492E-01 3.8836004E-01 -1.6615800E+00 5.0000000E-01
-4.4467045E-01 6.8919077E-01 -6.7326463E-01 5.0000000E-01 -1.7461462E+00 5.0000000E-01
