-9.1784562E-01 2.3282871E-01 -1.1490242E+00 -6.8658018E-01 -1.3777795E+00 -4.6295729E-01
-9.5055614E-01 1.7744254E-01 -1.1303572E+00 -7.7306284E-01 -1.2936725E+00 -6.0326489E-01
-1.0216759E+00 1.1575753E-01 -1.1360272E+00 -9.0708446E-01 -1.2478073E+00 -7.8999258E-01
-1.0877919E+00 1.2215831E-01 -1.2094715E+00 -9.6596334E-01 -1.3263756E+00 -8.5036305E-01
-1.0994538E+00 1.4131782E-01 -1.2407486E+00 -9.5813188E-01 -1.3788624E+00 -8.2713158E-01
-1.0422661E+00 1.4253852E-01 -1.1844647E+00 -9.0121027E-01 -1.3296534E+00 -7.6897729E-01
-9.5304194E-01 1.4220332E-01 -1.0941272E+00 -8.1021678E-01 -1.2328703E+00 -6.7870203E-01
-8.8924132E-01 1.5061233E-01 -1.0401936E+00 -7.3899149E-01 -1.1855160E+00 -5.9500297E-01
-8.8636758E-01 1.6709010E-01 -1.0509717E+00 -7.2188885E-01 -1.2220106E+00 -5.6140153E-01
-9.4721378E-01 1.8587610E-01 -1.1266964E+00 -7.6540872E-01 -1.3293501E+00 -5.9236474E-01
-1.0462804E+00 2.0569212E-01 -1.2325687E+00 -8.3181262E-01 -1.4718446E+00 -6.6096891E-01
-1.1439350E+00 2.3786242E-01 -1.3517049E+00 -8.8881565E-01 -1.6187595E+00 -6.8844032E-01
-1.2052765E+00 2.7873208E-01 -1.4365222E+00 -9.0510019E-01 -1.7559127E+00 -6.7317424E-01
-1.2196333E+00 3.2010003E-01 -1.4621373E+00 -8.8079224E-01 -1.8511023E+00 -6.2889855E-01
-1.1970045E+00 3.6714372E-01 -1.4429141E+00 -8.0322167E-01 -1.9114456E+00 -5.4154382E-01
-1.1540972E+00 4.3930230E-01 -1.4292883E+00 -6.7201065E-01 -2.0373236E+00 -3.8376192E-01
-1.1052356E+00 5.4944853E-01 -1.4598265E+00 -4.6854585E-01 -2.2357410E+00 -1.3288265E-01
-1.0621753E+00 6.8365241E-01 -1.5375591E+00 -2.3263128E-01 -2.4583679E+00 1.3575460E-01
-1.0348898E+00 8.0206150E-01 -1.6199336E+00 -2.7312931E-02 -2.6120714E+00 3.6679803E-01
-1.0251250E+00 8.5733136E-01 -1.6669474E+00 5.7328196E-02 -2.6270146E+00 5.0000000E-01
