-7.5430651E-01 2.3536959E-01 -9.8496797E-01 -5.2104476E-01 -1.2152263E+00 -2.8889754E-01
-8.0127333E-01 1.7833763E-01 -9.7561857E-01 -6.2465050E-01 -1.1497982E+00 -4.4699483E-01
-9.1121974E-01 1.1475466E-01 -1.0244140E+00 -7.9717651E-01 -1.1412003E+00 -6.8801825E-01
-1.0444042E+00 1.1883702E-01 -1.1616208E+00 -9.2753779E-01 -1.2765525E+00 -8.0654000E-01
-1.1527969E+00 1.3467056E-01 -1.2859206E+00 -1.0207696E+00 -1.4204474E+00 -8.8907485E-01
-1.2074878E+00 1.4078363E-01 -1.3468308E+00 -1.0670717E+00 -1.4869275E+00 -9.3332936E-01
-1.2034908E+00 1.4824849E-01 -1.3515152E+00 -1.0576034E+00 -1.5004679E+00 -9.1590275E-01
-1.1654810E+00 1.5768905E-01 -1.3211129E+00 -1.0089944E+00 -1.4845957E+00 -8.6522016E-01
-1.1276570E+00 1.7851738E-01 -1.2945496E+00 -9.4440414E-01 -1.4949638E+00 -7.8911698E-01
-1.1148165E+00 2.0844354E-01 -1.3032682E+00 -8.9578940E-01 -1.5294225E+00 -7.1277959E-01
-1.1283948E+00 2.3287008E-01 -1.3338644E+00 -8.7666111E-01 -1.5944526E+00 -6.8658286E-01
-1.1457334E+00 2.4814746E-01 -1.3612283E+00 -8.7452687E-01 -1.6672147E+00 -6.9175853E-01
-1.1426836E+00 2.5844715E-01 -1.3690944E+00 -8.6732684E-01 -1.6848905E+00 -6.7023765E-01
-1.0976890E+00 2.7100294E-01 -1.3192257E+00 -8.0673370E-01 -1.6504137E+00 -5.8383381E-01
-1.0032404E+00 3.0888637E-01 -1.2406894E+00 -6.7042425E-01 -1.6440259E+00 -4.2216081E-01
-8.7260763E-01 3.8849460E-01 -1.1360559E+00 -4.4310869E-01 -1.6995477E+00 -1.6804416E-01
-7.3507782E-01 5.0266208E-01 -1.0332922E+00 -1.6069223E-01 -1.8146021E+00 1.2432709E-01
-6.2456705E-01 6.2464191E-01 -9.3884607E-01 1.2974411E-01 -1.9362436E+00 3.6201309E-01
-5.6020646E-01 7.2370619E-01 -8.4955118E-01 3.7009500E-01 -2.0048562E+00 4.9621009E-01
-5.3828483E-01 7.6737589E-01 -7.7409811E-01 5.0000000E-01 -2.0579094E+00 5.0000000E-01
