-9.8684125E-01 2.3523997E-01 -1.2212834E+00 -7.4972915E-01 -1.4428201E+00 -5.2480319E-01
-9.9709063E-01 1.7754210E-01 -1.1753339E+00 -8.1972072E-01 -1.3422913E+00 -6.5105623E-01
-1.0198758E+00 1.1363695E-01 -1.1325523E+00 -9.0668374E-01 -1.2472169E+00 -8.0104570E-01
-1.0514637E+00 1.2308840E-01 -1.1734941E+00 -9.3065711E-01 -1.2971283E+00 -8.1229547E-01
-1.0820318E+00 1.4171883E-01 -1.2149891E+00 -9.3506135E-01 -1.3684332E+00 -8.1068678E-01
-1.0990933E+00 1.4484133E-01 -1.2413087E+00 -9.5473027E-01 -1.3917089E+00 -8.2287399E-01
-1.0934167E+00 1.4590245E-01 -1.2368707E+00 -9.4938542E-01 -1.3835356E+00 -8.0788369E-01
-1.0679006E+00 1.5450705E-01 -1.2200652E+00 -9.1447094E-01 -1.3731412E+00 -7.6591560E-01
-1.0330287E+00 1.6956065E-01 -1.1987118E+00 -8.6728472E-01 -1.3826851E+00 -7.0940425E-01
-9.9852784E-01 1.8356283E-01 -1.1684323E+00 -8.1109833E-01 -1.3712665E+00 -6.5479108E-01
-9.7055649E-01 2.0464377E-01 -1.1586714E+00 -7.5903503E-01 -1.3857597E+00 -5.9586983E-01
-9.5522720E-01 2.3384225E-01 -1.1626336E+00 -7.1079589E-01 -1.4063772E+00 -5.0303792E-01
-9.6006565E-01 2.6235748E-01 -1.1894759E+00 -6.8591206E-01 -1.4713292E+00 -4.5546941E-01
-9.8737739E-01 2.8729656E-01 -1.2344580E+00 -6.8508170E-01 -1.5596092E+00 -4.4302134E-01
-1.0373566E+00 3.1560711E-01 -1.2892407E+00 -6.9279272E-01 -1.6729495E+00 -4.4668315E-01
-1.1101220E+00 3.7732277E-01 -1.3979361E+00 -6.8797372E-01 -1.8721334E+00 -4.1705856E-01
-1.1964110E+00 4.9499646E-01 -1.5851327E+00 -6.2161460E-01 -2.2050487E+00 -2.9599225E-01
-1.2802739E+00 6.4512153E-01 -1.8520127E+00 -5.4831755E-01 -2.5631299E+00 -8.8152557E-02
-1.3371665E+00 7.7809753E-01 -2.0687033E+00 -4.6803332E-01 -2.8504443E+00 1.4007572E-01
-1.3559909E+00 8.4067402E-01 -2.1613074E+00 -4.2051194E-01 -2.9827386E+00 2.7105116E-01
