-5.6593470E-01 2.3016663E-01 -7.9261121E-01 -3.3938501E-01 -1.0148268E+00 -1.0378723E-01
-6.2526514E-01 1.7458454E-01 -7.9687683E-01 -4.5207194E-01 -9.6555094E-01 -2.7625771E-01
-7.8300046E-01 1.1496825E-01 -8.9781423E-01 -6.6849598E-01 -1.0065696E+00 -5.5637497E-01
-9.9678332E-01 1.2148415E-01 -1.1183462E+00 -8.7635512E-01 -1.2320436E+00 -7.5851172E-01
-1.1836259E+00 1.3520176E-01 -1.3118314E+00 -1.0467239E+00 -1.4535548E+00 -9.1708776E-01
-1.2638866E+00 1.3393153E-01 -1.3941718E+00 -1.1322369E+00 -1.5334425E+00 -1.0037014E+00
-1.2117258E+00 1.4043375E-01 -1.3458055E+00 -1.0654080E+00 -1.4941538E+00 -9.4411148E-01
-1.0717719E+00 1.5210085E-01 -1.2214659E+00 -9.1988168E-01 -1.3766362E+00 -7.7648776E-01
-9.1537043E-01 1.5971780E-01 -1.0729440E+00 -7.5551834E-01 -1.2357696E+00 -6.0940652E-01
-8.0725044E-01 1.7105083E-01 -9.7651837E-01 -6.3657779E-01 -1.1518812E+00 -4.8648111E-01
-7.8052004E-01 1.9105314E-01 -9.5958336E-01 -5.8558967E-01 -1.1693554E+00 -4.1448001E-01
-8.2805476E-01 2.1810134E-01 -1.0241713E+00 -6.0098494E-01 -1.2841605E+00 -4.2425518E-01
-9.3089065E-01 2.5234501E-01 -1.1504610E+00 -6.5777846E-01 -1.4405295E+00 -4.4989435E-01
-1.0793970E+00 2.8894515E-01 -1.3243881E+00 -7.5987890E-01 -1.6448505E+00 -5.3702688E-01
-1.2571594E+00 3.3098031E-01 -1.5093561E+00 -8.8457759E-01 -1.9207006E+00 -6.5212386E-01
-1.4389773E+00 4.0613486E-01 -1.7511321E+00 -9.7588281E-01 -2.2591885E+00 -6.9793808E-01
-1.5974886E+00 5.2364402E-01 -2.0564628E+00 -1.0130620E+00 -2.6496785E+00 -6.1466956E-01
-1.7139756E+00 6.6624445E-01 -2.3843944E+00 -9.9682392E-01 -2.9984580E+00 -4.5598574E-01
-1.7812552E+00 7.9291928E-01 -2.6397148E+00 -9.5163685E-01 -3.3018312E+00 -3.5818262E-01
-1.8033854E+00 8.5319666E-01 -2.7343522E+00 -9.0860548E-01 -3.5000000E+00 -3.7331987E-01
