-1.0414628E+00 2.3964342E-01 -1.2783936E+00 -8.0343259E-01 -1.5186033E+00 -5.7606109E-01
-1.0275472E+00 1.8220029E-01 -1.2085839E+00 -8.4607261E-01 -1.3884925E+00 -6.7242337E-01
-9.8784639E-01 1.1439102E-01 -1.1015062E+00 -8.7281902E-01 -1.2135146E+00 -7.6628233E-01
-9.2819946E-01 1.2115019E-01 -1.0490325E+00 -8.0730580E-01 -1.1660715E+00 -6.9006595E-01
-8.6588889E-01 1.3896765E-01 -1.0033001E+00 -7.2603973E-01 -1.1403153E+00 -5.9536289E-01
-8.3194231E-01 1.3829837E-01 -9.6918923E-01 -6.9332539E-01 -1.1056916E+00 -5.6481604E-01
-8.5493031E-01 1.3936912E-01 -9.8865099E-01 -7.1072304E-01 -1.1348381E+00 -5.8997755E-01
-9.3330824E-01 1.4584391E-01 -1.0719437E+00 -7.8145901E-01 -1.2257797E+00 -6.5823287E-01
-1.0351400E+00 1.5801488E-01 -1.1907646E+00 -8.7945712E-01 -1.3522327E+00 -7.3053099E-01
-1.1176972E+00 1.7910006E-01 -1.2926886E+00 -9.4085406E-01 -1.4799404E+00 -7.7515130E-01
-1.1532300E+00 2.0968450E-01 -1.3394191E+00 -9.3170911E-01 -1.5909936E+00 -7.6742529E-01
-1.1485384E+00 2.4555896E-01 -1.3564519E+00 -8.8272741E-01 -1.6391278E+00 -6.8289189E-01
-1.1368952E+00 2.7872219E-01 -1.3651207E+00 -8.3386661E-01 -1.6994859E+00 -6.0802598E-01
-1.1521012E+00 3.0658375E-01 -1.3988351E+00 -8.1717471E-01 -1.7788269E+00 -5.7734526E-01
-1.2079053E+00 3.4005321E-01 -1.4712501E+00 -8.2311333E-01 -1.8977627E+00 -5.8883845E-01
-1.2908423E+00 4.1095025E-01 -1.6115026E+00 -8.1786165E-01 -2.1232683E+00 -5.5288928E-01
-1.3811339E+00 5.4088827E-01 -1.8414668E+00 -7.5257741E-01 -2.4668878E+00 -4.0524452E-01
-1.4562491E+00 7.0236022E-01 -2.1137101E+00 -6.4742309E-01 -2.8492419E+00 -1.8843527E-01
-1.4997464E+00 8.3959092E-01 -2.3203383E+00 -5.3528682E-01 -3.1195473E+00 4.9520699E-02
-1.5116505E+00 9.0153132E-01 -2.4174202E+00 -4.8790032E-01 -3.2349336E+00 1.6378639E-01
