-8.9530077E-01 2.3573427E-01 -1.1288369E+00 -6.6459805E-01 -1.3651165E+00 -4.3475783E-01
-8.8740365E-01 1.7866142E-01 -1.0654606E+00 -7.1196586E-01 -1.2422552E+00 -5.3590069E-01
-8.8280096E-01 1.1396759E-01 -9.9660863E-01 -7.6999130E-01 -1.1053336E+00 -6.5794005E-01
-9.0284366E-01 1.2017820E-01 -1.0214848E+00 -7.8299889E-01 -1.1420430E+00 -6.7208546E-01
-9.5384902E-01 1.3750733E-01 -1.0912690E+00 -8.1765695E-01 -1.2298539E+00 -6.9184107E-01
-1.0167548E+00 1.4070286E-01 -1.1572085E+00 -8.7652274E-01 -1.2976937E+00 -7.4617103E-01
-1.0548437E+00 1.4171443E-01 -1.1960229E+00 -9.1445473E-01 -1.3351575E+00 -7.8046413E-01
-1.0419230E+00 1.4546042E-01 -1.1869771E+00 -8.9671570E-01 -1.3286496E+00 -7.6266582E-01
-9.8241877E-01 1.5586143E-01 -1.1370575E+00 -8.2923068E-01 -1.2945404E+00 -6.8117226E-01
-9.0878783E-01 1.7286667E-01 -1.0797529E+00 -7.3659800E-01 -1.2546422E+00 -5.7965774E-01
-8.6738432E-01 1.9332639E-01 -1.0467353E+00 -6.6822396E-01 -1.2612041E+00 -5.0693390E-01
-8.9043003E-01 2.1976421E-01 -1.0794348E+00 -6.5608762E-01 -1.3247772E+00 -4.7024297E-01
-9.8371405E-01 2.5535452E-01 -1.1972826E+00 -7.1254142E-01 -1.4856663E+00 -4.9635216E-01
-1.1300883E+00 2.9593979E-01 -1.3704320E+00 -8.1752441E-01 -1.7112213E+00 -5.6809054E-01
-1.3016045E+00 3.4403226E-01 -1.5613670E+00 -9.3022791E-01 -1.9921525E+00 -6.5830174E-01
-1.4681141E+00 4.1827671E-01 -1.7830651E+00 -9.9947304E-01 -2.3285979E+00 -7.0157285E-01
-1.6071182E+00 5.3060045E-01 -2.0656338E+00 -1.0097272E+00 -2.6759727E+00 -6.1704150E-01
-1.7113595E+00 6.6659721E-01 -2.3864765E+00 -9.9387074E-01 -2.9925478E+00 -4.5601051E-01
-1.7733748E+00 7.8798712E-01 -2.6250475E+00 -9.4788722E-01 -3.2839656E+00 -3.4718675E-01
-1.7942431E+00 8.4700811E-01 -2.7102515E+00 -9.0830649E-01 -3.4874741E+00 -3.5288920E-01
