-8.6911378E-01 2.3331989E-01 -1.1025558E+00 -6.3683747E-01 -1.3249730E+00 -4.1241828E-01
-8.7447401E-01 1.7684268E-01 -1.0511656E+00 -6.9811245E-01 -1.2174517E+00 -5.2661519E-01
-8.9247419E-01 1.1311119E-01 -1.0043357E+00 -7.7929139E-01 -1.1097814E+00 -6.6764594E-01
-9.3165306E-01 1.1965239E-01 -1.0492733E+00 -8.1240749E-01 -1.1713189E+00 -6.9882604E-01
-9.9972967E-01 1.3797728E-01 -1.1370788E+00 -8.6190926E-01 -1.2733292E+00 -7.3335831E-01
-1.0879705E+00 1.3770074E-01 -1.2191371E+00 -9.4488751E-01 -1.3663503E+00 -8.2735650E-01
-1.1634767E+00 1.4034537E-01 -1.3050681E+00 -1.0228039E+00 -1.4410021E+00 -8.9548047E-01
-1.1929054E+00 1.5239245E-01 -1.3434815E+00 -1.0402827E+00 -1.4944399E+00 -9.0051100E-01
-1.1621732E+00 1.6769687E-01 -1.3278049E+00 -9.9519287E-01 -1.4984059E+00 -8.4086018E-01
-1.0785095E+00 1.8627471E-01 -1.2470065E+00 -8.8242006E-01 -1.4641839E+00 -7.3038771E-01
-9.6722482E-01 2.0875416E-01 -1.1518815E+00 -7.4769406E-01 -1.3815487E+00 -5.6301961E-01
-8.7173056E-01 2.3914600E-01 -1.0732460E+00 -6.1105592E-01 -1.3517091E+00 -4.1809591E-01
-8.4226425E-01 2.6926380E-01 -1.0586300E+00 -5.4779720E-01 -1.3933572E+00 -3.3739648E-01
-9.0044956E-01 2.8811851E-01 -1.1364072E+00 -5.9448834E-01 -1.4708696E+00 -3.5112826E-01
-1.0323282E+00 3.1072312E-01 -1.2738798E+00 -6.9760912E-01 -1.6594147E+00 -4.5292891E-01
-1.2020969E+00 3.7609774E-01 -1.4906107E+00 -7.7815782E-01 -1.9644345E+00 -5.1227453E-01
-1.3692935E+00 4.9980574E-01 -1.8084269E+00 -8.1812346E-01 -2.3712537E+00 -4.3702560E-01
-1.4999184E+00 6.5573176E-01 -2.1390610E+00 -7.8841734E-01 -2.7923202E+00 -2.7206980E-01
-1.5817574E+00 7.9283897E-01 -2.4183218E+00 -7.6834703E-01 -3.1522498E+00 -1.1349264E-01
-1.6123525E+00 8.5549210E-01 -2.5102567E+00 -7.3189118E-01 -3.3462825E+00 -4.8299850E-02
