-1.0727630E+00 2.3578992E-01 -1.3098351E+00 -8.3659384E-01 -1.5314704E+00 -6.1485165E-01
-1.0594794E+00 1.7701324E-01 -1.2378907E+00 -8.8231676E-01 -1.4068215E+00 -7.2051718E-01
-1.0278883E+00 1.0877390E-01 -1.1360685E+00 -9.1920244E-01 -1.2435612E+00 -8.1786100E-01
-9.8832608E-01 1.1703830E-01 -1.1069764E+00 -8.7029991E-01 -1.2193616E+00 -7.6534184E-01
-9.5812519E-01 1.3533788E-01 -1.0930483E+00 -8.2387562E-01 -1.2249155E+00 -6.9453999E-01
-9.5266574E-01 1.3408896E-01 -1.0853801E+00 -8.1910696E-01 -1.2171703E+00 -6.9019555E-01
-9.7141205E-01 1.3451356E-01 -1.1053931E+00 -8.3625483E-01 -1.2353737E+00 -7.1340373E-01
-9.9279837E-01 1.4431410E-01 -1.1376912E+00 -8.4976743E-01 -1.2787759E+00 -7.1314469E-01
-9.9460251E-01 1.5216461E-01 -1.1434760E+00 -8.4327397E-01 -1.3022906E+00 -7.0167276E-01
-9.6787653E-01 1.6272609E-01 -1.1264455E+00 -8.0775467E-01 -1.2966109E+00 -6.5845181E-01
-9.1990577E-01 1.8807506E-01 -1.0894836E+00 -7.2374453E-01 -1.3064375E+00 -5.6859070E-01
-8.8258306E-01 2.2252564E-01 -1.0797293E+00 -6.4619041E-01 -1.3238343E+00 -4.5502747E-01
-9.0102883E-01 2.5590680E-01 -1.1109663E+00 -6.2015865E-01 -1.4210951E+00 -4.1388503E-01
-1.0031183E+00 2.8937653E-01 -1.2392203E+00 -6.9577148E-01 -1.5795999E+00 -4.5416267E-01
-1.1866574E+00 3.2487556E-01 -1.4415811E+00 -8.3771350E-01 -1.8365583E+00 -5.7450938E-01
-1.4221785E+00 3.7331569E-01 -1.7178420E+00 -1.0117437E+00 -2.1721318E+00 -7.2526985E-01
-1.6671295E+00 4.6090171E-01 -2.0871331E+00 -1.1696294E+00 -2.5774444E+00 -7.9277139E-01
-1.8753626E+00 5.8792752E-01 -2.4934424E+00 -1.2742954E+00 -3.0017839E+00 -7.5511230E-01
-2.0116821E+00 7.1059490E-01 -2.8314924E+00 -1.3478119E+00 -3.3308658E+00 -7.0226771E-01
-2.0620006E+00 7.7087372E-01 -2.9721910E+00 -1.3624439E+00 -3.5000000E+00 -7.1846085E-01
