-8.8690971E-01 2.3403978E-01 -1.1205826E+00 -6.5797221E-01 -1.3539085E+00 -4.3433886E-01
-8.6915548E-01 1.7660061E-01 -1.0461119E+00 -6.9392216E-01 -1.2228207E+00 -5.2931887E-01
-8.5401580E-01 1.1301239E-01 -9.6578706E-01 -7.4093922E-01 -1.0795128E+00 -6.3643747E-01
-8.7433791E-01 1.1972025E-01 -9.9326637E-01 -7.5366843E-01 -1.1086897E+00 -6.4350370E-01
-9.3943293E-01 1.3773854E-01 -1.0761533E+00 -8.0208866E-01 -1.2086260E+00 -6.7118735E-01
-1.0184264E+00 1.3716338E-01 -1.1548360E+00 -8.8062148E-01 -1.2845000E+00 -7.4659094E-01
-1.0683466E+00 1.3959389E-01 -1.2073296E+00 -9.2926107E-01 -1.3400564E+00 -7.9312127E-01
-1.0657705E+00 1.4895302E-01 -1.2125122E+00 -9.1634923E-01 -1.3597078E+00 -7.7712014E-01
-1.0223497E+00 1.5887978E-01 -1.1764003E+00 -8.6433273E-01 -1.3439741E+00 -7.1474447E-01
-9.7507427E-01 1.7453334E-01 -1.1468617E+00 -8.0236214E-01 -1.3271976E+00 -6.4431754E-01
-9.6202747E-01 1.9792628E-01 -1.1452882E+00 -7.5808394E-01 -1.3689442E+00 -5.9006960E-01
-1.0005157E+00 2.3369517E-01 -1.2066745E+00 -7.5142933E-01 -1.4687884E+00 -5.4988662E-01
-1.0931360E+00 2.7398866E-01 -1.3265429E+00 -7.9707184E-01 -1.6341899E+00 -5.6978637E-01
-1.2285714E+00 3.0898911E-01 -1.4865689E+00 -8.9358073E-01 -1.8407818E+00 -6.4453158E-01
-1.3802153E+00 3.4722437E-01 -1.6623614E+00 -9.9600994E-01 -2.0784301E+00 -7.2783233E-01
-1.5132366E+00 4.1854471E-01 -1.8517189E+00 -1.0407039E+00 -2.3677223E+00 -7.3756077E-01
-1.6096005E+00 5.3896118E-01 -2.1056531E+00 -1.0101511E+00 -2.7086435E+00 -6.3216666E-01
-1.6705769E+00 6.8795457E-01 -2.4038825E+00 -9.4789332E-01 -2.9517374E+00 -3.5386954E-01
-1.7035465E+00 8.2026506E-01 -2.5886211E+00 -8.3625137E-01 -3.2488649E+00 -2.0591363E-01
-1.7153822E+00 8.8249245E-01 -2.6697876E+00 -7.7799490E-01 -3.4385703E+00 -1.6143901E-01
