-1.0120244E+00 2.3321634E-01 -1.2455972E+00 -7.7736783E-01 -1.4642856E+00 -5.5706840E-01
-1.0041238E+00 1.7731202E-01 -1.1823034E+00 -8.2612224E-01 -1.3477646E+00 -6.5479792E-01
-9.8734421E-01 1.1606269E-01 -1.1028505E+00 -8.7182672E-01 -1.2134834E+00 -7.5859168E-01
-9.8266038E-01 1.2300204E-01 -1.1049110E+00 -8.6097216E-01 -1.2288791E+00 -7.4292765E-01
-1.0106382E+00 1.4171230E-01 -1.1525112E+00 -8.6825312E-01 -1.2902613E+00 -7.3860183E-01
-1.0688772E+00 1.4264550E-01 -1.2096869E+00 -9.2560932E-01 -1.3476026E+00 -7.9077623E-01
-1.1316933E+00 1.4026739E-01 -1.2730016E+00 -9.9182467E-01 -1.4082846E+00 -8.6242075E-01
-1.1612672E+00 1.4964348E-01 -1.3099896E+00 -1.0117092E+00 -1.4629844E+00 -8.7547312E-01
-1.1318091E+00 1.6542986E-01 -1.2965649E+00 -9.6879477E-01 -1.4615007E+00 -8.1095699E-01
-1.0486831E+00 1.8143184E-01 -1.2302426E+00 -8.6905882E-01 -1.4071294E+00 -7.0074806E-01
-9.3727038E-01 2.0052006E-01 -1.1216235E+00 -7.2543857E-01 -1.3484609E+00 -5.6078793E-01
-8.3431077E-01 2.2899901E-01 -1.0408217E+00 -5.8619544E-01 -1.3045416E+00 -4.1627549E-01
-7.8081962E-01 2.6003679E-01 -1.0043299E+00 -4.9946789E-01 -1.3112402E+00 -2.8701695E-01
-8.0978522E-01 2.8505094E-01 -1.0443884E+00 -4.9977782E-01 -1.3836396E+00 -2.7071274E-01
-9.2901780E-01 3.0951622E-01 -1.1802034E+00 -5.9208634E-01 -1.5438121E+00 -3.4945901E-01
-1.1193864E+00 3.6214081E-01 -1.4035715E+00 -7.1570018E-01 -1.8563261E+00 -4.4920894E-01
-1.3379044E+00 4.7000325E-01 -1.7378226E+00 -8.0903601E-01 -2.2812178E+00 -4.5597522E-01
-1.5343287E+00 6.1875386E-01 -2.1491518E+00 -8.7489702E-01 -2.7371276E+00 -3.6565241E-01
-1.6676900E+00 7.5697793E-01 -2.4759406E+00 -8.8407458E-01 -3.1421238E+00 -2.6946010E-01
-1.7172244E+00 8.2227261E-01 -2.5974926E+00 -8.6300034E-01 -3.3550982E+00 -2.2889943E-01
