-1.1381826E+00 2.3456390E-01 -1.3693572E+00 -9.0370188E-01 -1.6042516E+00 -6.8138237E-01
-1.1489447E+00 1.7839536E-01 -1.3254386E+00 -9.7017387E-01 -1.5045412E+00 -8.0438218E-01
-1.1525356E+00 1.1494658E-01 -1.2655442E+00 -1.0395752E+00 -1.3827221E+00 -9.2842052E-01
-1.1196512E+00 1.2170954E-01 -1.2416961E+00 -9.9891643E-01 -1.3578517E+00 -8.8123438E-01
-1.0405207E+00 1.3996631E-01 -1.1801862E+00 -9.0240992E-01 -1.3161194E+00 -7.6658188E-01
-9.3892447E-01 1.4130220E-01 -1.0779978E+00 -7.9943316E-01 -1.2216814E+00 -6.6399228E-01
-8.6242206E-01 1.3795054E-01 -9.9972839E-01 -7.2529679E-01 -1.1355903E+00 -5.9511019E-01
-8.5268243E-01 1.4401372E-01 -9.9636323E-01 -7.1012001E-01 -1.1336113E+00 -5.7207719E-01
-9.1215582E-01 1.5764401E-01 -1.0668598E+00 -7.5515370E-01 -1.2273510E+00 -6.0465954E-01
-1.0062368E+00 1.7675590E-01 -1.1723399E+00 -8.1979261E-01 -1.3639848E+00 -6.7442117E-01
-1.0920784E+00 2.0392501E-01 -1.2792249E+00 -8.7493616E-01 -1.5085829E+00 -7.1508474E-01
-1.1509619E+00 2.3460454E-01 -1.3670232E+00 -9.0346220E-01 -1.6359784E+00 -7.1777138E-01
-1.1888676E+00 2.6741060E-01 -1.4303148E+00 -9.0262633E-01 -1.7210963E+00 -6.7612423E-01
-1.2178017E+00 3.0422160E-01 -1.4764539E+00 -8.8581059E-01 -1.8350561E+00 -6.4031769E-01
-1.2500005E+00 3.4537196E-01 -1.5161460E+00 -8.6554618E-01 -1.9606847E+00 -6.0753293E-01
-1.2903855E+00 4.1119034E-01 -1.5967514E+00 -8.2252965E-01 -2.1385786E+00 -5.3556076E-01
-1.3344306E+00 5.2697565E-01 -1.7643786E+00 -7.3106619E-01 -2.4087117E+00 -3.6917692E-01
-1.3736837E+00 6.7859316E-01 -1.9881208E+00 -5.9004684E-01 -2.7060374E+00 -1.3301388E-01
-1.4013037E+00 8.1511219E-01 -2.2016504E+00 -4.8559549E-01 -2.9680278E+00 1.1184061E-01
-1.4112008E+00 8.7874260E-01 -2.2886927E+00 -4.3011091E-01 -3.0962468E+00 2.5284189E-01
