-8.3709290E-01 2.4041905E-01 -1.0769783E+00 -5.9808390E-01 -1.3060589E+00 -3.6433026E-01
-8.6032463E-01 1.8126469E-01 -1.0418927E+00 -6.8119912E-01 -1.2157454E+00 -5.0485581E-01
-9.2368099E-01 1.1427679E-01 -1.0386565E+00 -8.0946396E-01 -1.1453556E+00 -7.0007157E-01
-1.0028740E+00 1.2420908E-01 -1.1274295E+00 -8.7922388E-01 -1.2485900E+00 -7.6295301E-01
-1.0634148E+00 1.4215606E-01 -1.2060243E+00 -9.2155105E-01 -1.3442860E+00 -7.8721067E-01
-1.0896493E+00 1.3994530E-01 -1.2276727E+00 -9.5066581E-01 -1.3683167E+00 -8.1890189E-01
-1.0921916E+00 1.4381899E-01 -1.2358148E+00 -9.4981771E-01 -1.3776776E+00 -8.1442717E-01
-1.0999155E+00 1.5928957E-01 -1.2586364E+00 -9.4003249E-01 -1.4180315E+00 -7.9488867E-01
-1.1388133E+00 1.7882081E-01 -1.3074171E+00 -9.5133735E-01 -1.4983461E+00 -8.0072772E-01
-1.2061304E+00 2.0254995E-01 -1.3940808E+00 -9.9384726E-01 -1.6178951E+00 -8.2914706E-01
-1.2673243E+00 2.2724720E-01 -1.4673456E+00 -1.0205425E+00 -1.7408567E+00 -8.5634365E-01
-1.2802831E+00 2.5266709E-01 -1.4881015E+00 -1.0049384E+00 -1.7918902E+00 -8.0570309E-01
-1.2228798E+00 2.7847843E-01 -1.4409636E+00 -9.2294532E-01 -1.7963267E+00 -6.9511579E-01
-1.0949856E+00 3.0183949E-01 -1.3160034E+00 -7.7438215E-01 -1.7224441E+00 -5.2246684E-01
-9.1885993E-01 3.2719725E-01 -1.1555034E+00 -5.7124235E-01 -1.5777740E+00 -3.0540701E-01
-7.3861330E-01 3.6867496E-01 -9.8823378E-01 -3.4299163E-01 -1.4877970E+00 -6.6167361E-02
-5.9424396E-01 4.3665854E-01 -8.7151540E-01 -1.1306810E-01 -1.4753805E+00 1.7488306E-01
-5.0159857E-01 5.2844733E-01 -7.9647476E-01 1.2130770E-01 -1.5581475E+00 3.7411039E-01
-4.5524495E-01 6.1905144E-01 -7.3536764E-01 3.3989975E-01 -1.6625908E+00 4.7784371E-01
-4.4316428E-01 6.6487506E-01 -6.6446695E-01 5.0000000E-01 -1.7183205E+00 5.0000000E-01
