-9.3283786E-01 2.3213938E-01 -1.1623999E+00 -7.0223458E-01 -1.3844202E+00 -4.7635496E-01
-9.2873120E-01 1.7513966E-01 -1.1018520E+00 -7.5538700E-01 -1.2711389E+00 -5.8246918E-01
-9.3489317E-01 1.1127255E-01 -1.0448786E+00 -8.2382742E-01 -1.1542739E+00 -7.1724806E-01
-9.6206813E-01 1.1733307E-01 -1.0769306E+00 -8.4486225E-01 -1.1953178E+00 -7.3433736E-01
-9.9793301E-01 1.3670372E-01 -1.1345171E+00 -8.6450239E-01 -1.2724945E+00 -7.3262032E-01
-1.0208139E+00 1.4046903E-01 -1.1600131E+00 -8.8148870E-01 -1.3047102E+00 -7.5224414E-01
-1.0205903E+00 1.3938019E-01 -1.1521293E+00 -8.7727516E-01 -1.3000463E+00 -7.5137085E-01
-1.0030735E+00 1.4597450E-01 -1.1480516E+00 -8.5971084E-01 -1.2979554E+00 -7.2176377E-01
-9.8260415E-01 1.5941752E-01 -1.1415737E+00 -8.2297242E-01 -1.3005932E+00 -6.7790395E-01
-9.7493613E-01 1.7649205E-01 -1.1422499E+00 -7.9060441E-01 -1.3347120E+00 -6.4354182E-01
-9.8999203E-01 2.0222500E-01 -1.1726675E+00 -7.7293920E-01 -1.4066120E+00 -6.1880018E-01
-1.0325716E+00 2.3961472E-01 -1.2395771E+00 -7.7528313E-01 -1.5028365E+00 -5.8405788E-01
-1.1044039E+00 2.7933968E-01 -1.3386728E+00 -8.0966653E-01 -1.6501196E+00 -5.7808649E-01
-1.1948405E+00 3.1262892E-01 -1.4563905E+00 -8.6705694E-01 -1.7986316E+00 -6.0427262E-01
-1.2957911E+00 3.4934233E-01 -1.5613019E+00 -9.1693065E-01 -2.0014640E+00 -6.4904228E-01
-1.3929740E+00 4.2004519E-01 -1.7106371E+00 -9.1826832E-01 -2.2485750E+00 -6.3201718E-01
-1.4753144E+00 5.4252400E-01 -1.9412690E+00 -8.5268777E-01 -2.5522141E+00 -4.7245700E-01
-1.5378790E+00 6.9418299E-01 -2.2360667E+00 -7.8724347E-01 -2.8935477E+00 -2.4063682E-01
-1.5758183E+00 8.2452733E-01 -2.4510174E+00 -7.0142717E-01 -3.1290828E+00 7.5613051E-03
-1.5891066E+00 8.8355838E-01 -2.5263156E+00 -6.4471541E-01 -3.2993648E+00 5.3980954E-02
