-6.6248732E-01 2.3685366E-01 -8.9493019E-01 -4.3313250E-01 -1.1309763E+00 -1.9283451E-01
-7.1594014E-01 1.7887537E-01 -8.9476028E-01 -5.4215112E-01 -1.0652420E+00 -3.6153061E-01
-8.3758370E-01 1.1513394E-01 -9.5183521E-01 -7.2442428E-01 -1.0666098E+00 -6.1432733E-01
-9.7444623E-01 1.2405165E-01 -1.0985488E+00 -8.5105259E-01 -1.2182407E+00 -7.3182755E-01
-1.0613355E+00 1.4228986E-01 -1.2010755E+00 -9.1971089E-01 -1.3460632E+00 -7.8499106E-01
-1.0700619E+00 1.4147888E-01 -1.2104745E+00 -9.3099617E-01 -1.3533727E+00 -7.9590400E-01
-1.0343530E+00 1.4221620E-01 -1.1758527E+00 -8.9348434E-01 -1.3175696E+00 -7.6334261E-01
-1.0069116E+00 1.5463293E-01 -1.1581389E+00 -8.5366832E-01 -1.3132349E+00 -7.0932845E-01
-1.0259144E+00 1.7235371E-01 -1.1969028E+00 -8.5522069E-01 -1.3682244E+00 -6.9327089E-01
-1.0947447E+00 1.9244999E-01 -1.2674355E+00 -8.9180915E-01 -1.4982463E+00 -7.3409472E-01
-1.1831316E+00 2.1565009E-01 -1.3730922E+00 -9.5257627E-01 -1.6147371E+00 -7.7142240E-01
-1.2506676E+00 2.4483179E-01 -1.4637285E+00 -9.8701163E-01 -1.7433746E+00 -7.8485900E-01
-1.2715532E+00 2.7272383E-01 -1.5087615E+00 -9.7897777E-01 -1.8182615E+00 -7.4411329E-01
-1.2361607E+00 2.9844125E-01 -1.4879645E+00 -9.0838767E-01 -1.8434319E+00 -6.7819723E-01
-1.1531575E+00 3.3640262E-01 -1.4050080E+00 -7.7107579E-01 -1.8446804E+00 -5.3385014E-01
-1.0500998E+00 4.0990395E-01 -1.3328091E+00 -5.8272264E-01 -1.9169400E+00 -3.1364589E-01
-9.5640224E-01 5.2080802E-01 -1.2989135E+00 -3.2972514E-01 -2.0334025E+00 -5.0606458E-02
-8.8775459E-01 6.5001552E-01 -1.3048173E+00 -6.7998032E-02 -2.1978754E+00 2.0306414E-01
-8.4753676E-01 7.6480510E-01 -1.3156216E+00 1.6311680E-01 -2.3354690E+00 4.1248105E-01
-8.3351963E-01 8.2017814E-01 -1.3482196E+00 2.6215583E-01 -2.3658283E+00 5.0000000E-01
