-8.9729595E-01 2.3496253E-01 -1.1284863E+00 -6.6326039E-01 -1.3610435E+00 -4.3952847E-01
-9.1261421E-01 1.7637523E-01 -1.0863521E+00 -7.3947959E-01 -1.2611650E+00 -5.6593867E-01
-9.4638727E-01 1.1341938E-01 -1.0600108E+00 -8.3440696E-01 -1.1691704E+00 -7.2368310E-01
-9.8357721E-01 1.2364282E-01 -1.1077616E+00 -8.5829895E-01 -1.2286844E+00 -7.4636443E-01
-1.0063237E+00 1.3891397E-01 -1.1452563E+00 -8.6824439E-01 -1.2852360E+00 -7.3673108E-01
-1.0064373E+00 1.3731109E-01 -1.1433913E+00 -8.7100384E-01 -1.2828951E+00 -7.4028537E-01
-9.8380085E-01 1.3868914E-01 -1.1210634E+00 -8.4688731E-01 -1.2616101E+00 -7.1679371E-01
-9.4777589E-01 1.4839232E-01 -1.0910742E+00 -8.0108404E-01 -1.2453860E+00 -6.5648146E-01
-9.1953881E-01 1.5969135E-01 -1.0685244E+00 -7.5453277E-01 -1.2454375E+00 -6.1195496E-01
-9.2565108E-01 1.7925221E-01 -1.0920380E+00 -7.3823174E-01 -1.2947384E+00 -5.8860370E-01
-9.8874739E-01 2.0645296E-01 -1.1777945E+00 -7.7069483E-01 -1.4145681E+00 -6.0458973E-01
-1.1070813E+00 2.3767002E-01 -1.3185255E+00 -8.5132788E-01 -1.5780490E+00 -6.5330190E-01
-1.2534725E+00 2.7367172E-01 -1.4972225E+00 -9.6349797E-01 -1.7905905E+00 -7.3255149E-01
-1.3860792E+00 3.1843759E-01 -1.6426791E+00 -1.0339858E+00 -2.0211891E+00 -7.8844811E-01
-1.4730059E+00 3.7658881E-01 -1.7485497E+00 -1.0404043E+00 -2.2455102E+00 -7.9237502E-01
-1.5096293E+00 4.6350390E-01 -1.8542506E+00 -9.6208524E-01 -2.4608300E+00 -6.8211577E-01
-1.5071793E+00 5.8858076E-01 -1.9958927E+00 -8.0269773E-01 -2.6836167E+00 -4.5500419E-01
-1.4843069E+00 7.3375032E-01 -2.1476516E+00 -6.0365878E-01 -2.9369001E+00 -2.0201596E-01
-1.4650751E+00 8.5913796E-01 -2.2889052E+00 -4.5794383E-01 -3.1447509E+00 7.7976793E-02
-1.4606925E+00 9.1887920E-01 -2.3605784E+00 -3.9547124E-01 -3.5000000E+00 5.0000000E-01
