-1.2268598E+00 2.3981056E-01 -1.4669536E+00 -9.8577169E-01 -1.6999011E+00 -7.6341927E-01
-1.1985122E+00 1.8127613E-01 -1.3801082E+00 -1.0159821E+00 -1.5525245E+00 -8.4817497E-01
-1.1357815E+00 1.1428300E-01 -1.2501804E+00 -1.0217079E+00 -1.3612898E+00 -9.1508041E-01
-1.0627974E+00 1.2637261E-01 -1.1875894E+00 -9.3636625E-01 -1.3108354E+00 -8.1737153E-01
-1.0049560E+00 1.4561096E-01 -1.1496546E+00 -8.5965516E-01 -1.2886295E+00 -7.2095826E-01
-9.7590331E-01 1.4299423E-01 -1.1169675E+00 -8.3414616E-01 -1.2603235E+00 -6.9726647E-01
-9.6817186E-01 1.3900190E-01 -1.1067832E+00 -8.3065568E-01 -1.2396444E+00 -6.9654546E-01
-9.6554532E-01 1.4608795E-01 -1.1104522E+00 -8.2050592E-01 -1.2528881E+00 -6.7623405E-01
-9.6484795E-01 1.5942453E-01 -1.1220517E+00 -8.0715288E-01 -1.2770279E+00 -6.5060286E-01
-9.7491448E-01 1.7800444E-01 -1.1434065E+00 -7.9070256E-01 -1.3366832E+00 -6.3783116E-01
-1.0071632E+00 2.0339652E-01 -1.1945949E+00 -7.9679237E-01 -1.4282528E+00 -6.2672353E-01
-1.0656081E+00 2.3722091E-01 -1.2694355E+00 -8.1082894E-01 -1.5356707E+00 -6.1530432E-01
-1.1441124E+00 2.7852940E-01 -1.3758087E+00 -8.4253049E-01 -1.6922422E+00 -6.1750925E-01
-1.2294265E+00 3.2000806E-01 -1.4781457E+00 -8.7824556E-01 -1.8732143E+00 -6.2680311E-01
-1.3097415E+00 3.6928255E-01 -1.5629562E+00 -8.9402686E-01 -2.0745406E+00 -6.3996209E-01
-1.3772632E+00 4.5190399E-01 -1.6753847E+00 -8.4504467E-01 -2.3352932E+00 -5.9086847E-01
-1.4229657E+00 5.8038530E-01 -1.8533114E+00 -7.2062724E-01 -2.6303088E+00 -4.0586152E-01
-1.4424831E+00 7.3306032E-01 -2.0643745E+00 -5.5562539E-01 -2.9522055E+00 -1.7378664E-01
-1.4463203E+00 8.6283892E-01 -2.2444246E+00 -4.1307646E-01 -3.1542359E+00 9.7113664E-02
-1.4476428E+00 9.1925355E-01 -2.3311325E+00 -3.6509645E-01 -3.5000000E+00 5.0000000E-01
