-1.0613423E+00 2.3805875E-01 -1.2980350E+00 -8.2286920E-01 -1.5278019E+00 -5.9471690E-01
-1.0588349E+00 1.8052438E-01 -1.2371859E+00 -8.7940374E-01 -1.4136751E+00 -7.0489685E-01
-1.0499179E+00 1.1326106E-01 -1.1576129E+00 -9.3352314E-01 -1.2788388E+00 -8.3358499E-01
-1.0362900E+00 1.2103557E-01 -1.1559490E+00 -9.1729143E-01 -1.2809579E+00 -8.0576494E-01
-1.0275414E+00 1.4291569E-01 -1.1613871E+00 -8.8051438E-01 -1.3175370E+00 -7.5204409E-01
-1.0304340E+00 1.4231637E-01 -1.1708706E+00 -8.9018503E-01 -1.3151291E+00 -7.5228906E-01
-1.0470677E+00 1.4058801E-01 -1.1871798E+00 -9.0798680E-01 -1.3234360E+00 -7.7404167E-01
-1.0778002E+00 1.5353946E-01 -1.2300984E+00 -9.2345168E-01 -1.3830842E+00 -7.8536203E-01
-1.1217026E+00 1.7420178E-01 -1.2926080E+00 -9.5008812E-01 -1.4738914E+00 -7.8961106E-01
-1.1619019E+00 1.9714507E-01 -1.3420234E+00 -9.5685556E-01 -1.5717180E+00 -7.8851190E-01
-1.1746724E+00 2.2218151E-01 -1.3735925E+00 -9.3399488E-01 -1.6365417E+00 -7.6825246E-01
-1.1420520E+00 2.4711803E-01 -1.3611310E+00 -8.7307696E-01 -1.6360361E+00 -6.7380458E-01
-1.0667192E+00 2.7142541E-01 -1.3043552E+00 -7.7413801E-01 -1.6101130E+00 -5.4661036E-01
-9.7366482E-01 2.8425978E-01 -1.2220155E+00 -6.6988044E-01 -1.5781342E+00 -4.4957177E-01
-8.9994151E-01 2.9933010E-01 -1.1457056E+00 -5.7491448E-01 -1.5117760E+00 -3.3633844E-01
-8.6949002E-01 3.5147379E-01 -1.1390014E+00 -4.8048825E-01 -1.5833866E+00 -2.1707978E-01
-8.7759547E-01 4.6093287E-01 -1.2348243E+00 -3.6268350E-01 -1.8155393E+00 -3.2139794E-02
-9.0355749E-01 6.0608191E-01 -1.3611180E+00 -1.7920178E-01 -2.1124010E+00 1.8720006E-01
-9.2786008E-01 7.3624336E-01 -1.4875038E+00 -1.0253332E-02 -2.3354360E+00 3.8331032E-01
-9.3910993E-01 7.9848179E-01 -1.5678303E+00 4.7316435E-02 -2.3949540E+00 5.0000000E-01
