-9.6382400E-01 2.4006721E-01 -1.2039023E+00 -7.2387706E-01 -1.4353545E+00 -4.9579442E-01
-9.7432925E-01 1.8044654E-01 -1.1529469E+00 -7.9543960E-01 -1.3283612E+00 -6.1935776E-01
-9.9343114E-01 1.1167401E-01 -1.1034272E+00 -8.8219748E-01 -1.2131950E+00 -7.7487490E-01
-1.0129517E+00 1.2096904E-01 -1.1331832E+00 -8.9347856E-01 -1.2553548E+00 -7.7794949E-01
-1.0225046E+00 1.3787344E-01 -1.1592958E+00 -8.8516636E-01 -1.2957169E+00 -7.5386967E-01
-1.0147000E+00 1.3568843E-01 -1.1491156E+00 -8.7832787E-01 -1.2812012E+00 -7.4871149E-01
-9.8971648E-01 1.3576142E-01 -1.1256815E+00 -8.5531354E-01 -1.2534607E+00 -7.2449651E-01
-9.5433021E-01 1.4512311E-01 -1.1003160E+00 -8.1199181E-01 -1.2399844E+00 -6.7192709E-01
-9.1812998E-01 1.5314190E-01 -1.0680263E+00 -7.6698394E-01 -1.2245487E+00 -6.2150994E-01
-8.9121733E-01 1.6513572E-01 -1.0536026E+00 -7.2767768E-01 -1.2215026E+00 -5.7038987E-01
-8.8442874E-01 1.8816434E-01 -1.0621894E+00 -6.8998329E-01 -1.2652714E+00 -5.2675832E-01
-9.0779710E-01 2.1840542E-01 -1.1051445E+00 -6.7213518E-01 -1.3594379E+00 -5.0742423E-01
-9.7434109E-01 2.4923603E-01 -1.1995609E+00 -7.0597706E-01 -1.4917363E+00 -5.1704459E-01
-1.0934523E+00 2.7680353E-01 -1.3346822E+00 -7.9465785E-01 -1.6461480E+00 -5.6521239E-01
-1.2607909E+00 3.0954917E-01 -1.5124867E+00 -9.2709551E-01 -1.8945051E+00 -6.7241203E-01
-1.4491080E+00 3.7787826E-01 -1.7608861E+00 -1.0325074E+00 -2.2213912E+00 -7.3760267E-01
-1.6207768E+00 4.9981262E-01 -2.0941089E+00 -1.0877856E+00 -2.6388033E+00 -6.8752505E-01
-1.7486772E+00 6.4689539E-01 -2.4319914E+00 -1.0783402E+00 -2.9539541E+00 -4.7513179E-01
-1.8221530E+00 7.7293541E-01 -2.6498391E+00 -1.0199910E+00 -3.2888486E+00 -4.0260062E-01
-1.8463851E+00 8.3088832E-01 -2.7818424E+00 -1.0296458E+00 -3.4982572E+00 -4.1813581E-01
