-1.2426692E+00 2.3361587E-01 -1.4753791E+00 -1.0114535E+00 -1.7016066E+00 -7.8573295E-01
-1.2069593E+00 1.7588520E-01 -1.3802175E+00 -1.0328132E+00 -1.5563296E+00 -8.6593956E-01
-1.1151487E+00 1.1439477E-01 -1.2281409E+00 -1.0005278E+00 -1.3446431E+00 -8.9535918E-01
-9.9803490E-01 1.2319975E-01 -1.1211043E+00 -8.7506658E-01 -1.2426167E+00 -7.6321146E-01
-9.1279716E-01 1.3923887E-01 -1.0517016E+00 -7.7332866E-01 -1.1876655E+00 -6.4486291E-01
-9.0164528E-01 1.3844353E-01 -1.0389169E+00 -7.6185460E-01 -1.1732404E+00 -6.3375044E-01
-9.6327220E-01 1.4040593E-01 -1.1032218E+00 -8.2212176E-01 -1.2378050E+00 -6.8845208E-01
-1.0631171E+00 1.5038794E-01 -1.2118093E+00 -9.1502759E-01 -1.3607339E+00 -7.6854012E-01
-1.1576433E+00 1.6489218E-01 -1.3121408E+00 -9.8637236E-01 -1.4939174E+00 -8.4453557E-01
-1.2128025E+00 1.8773935E-01 -1.3882367E+00 -1.0174329E+00 -1.5952306E+00 -8.6077343E-01
-1.2128613E+00 2.1719169E-01 -1.4091862E+00 -9.8387672E-01 -1.6657018E+00 -8.1427035E-01
-1.1635067E+00 2.4963279E-01 -1.3686424E+00 -8.8749424E-01 -1.6730091E+00 -6.9328848E-01
-1.0910167E+00 2.7784825E-01 -1.3260739E+00 -7.9115492E-01 -1.6580606E+00 -5.6285152E-01
-1.0256237E+00 2.9800459E-01 -1.2778974E+00 -7.0748933E-01 -1.6298831E+00 -4.5394925E-01
-9.9605760E-01 3.2118866E-01 -1.2496093E+00 -6.4613633E-01 -1.6462859E+00 -3.8902264E-01
-1.0107805E+00 3.8094372E-01 -1.2819323E+00 -5.7775340E-01 -1.8047708E+00 -3.1970341E-01
-1.0610590E+00 4.9513725E-01 -1.4386701E+00 -4.9293076E-01 -2.0894412E+00 -1.6526655E-01
-1.1245822E+00 6.4555383E-01 -1.6606487E+00 -3.6330216E-01 -2.4156910E+00 5.3603072E-02
-1.1747787E+00 7.8244107E-01 -1.8644837E+00 -2.5107883E-01 -2.6715525E+00 2.8211658E-01
-1.1948099E+00 8.4806840E-01 -1.9596404E+00 -1.9763958E-01 -2.7422293E+00 4.4712832E-01
