-1.0172290E+00 2.4461944E-01 -1.2602731E+00 -7.7510054E-01 -1.4995791E+00 -5.3589441E-01
-9.9704197E-01 1.8535827E-01 -1.1808717E+00 -8.1428590E-01 -1.3639819E+00 -6.3563337E-01
-9.4825885E-01 1.1563480E-01 -1.0634396E+00 -8.3319611E-01 -1.1762980E+00 -7.2256687E-01
-8.9399476E-01 1.1769338E-01 -1.0118373E+00 -7.7801187E-01 -1.1237679E+00 -6.6420833E-01
-8.7555557E-01 1.3806830E-01 -1.0144717E+00 -7.3732605E-01 -1.1463140E+00 -6.0911672E-01
-9.2263152E-01 1.4114671E-01 -1.0635305E+00 -7.7995319E-01 -1.1988006E+00 -6.5069931E-01
-1.0388023E+00 1.3964899E-01 -1.1762012E+00 -8.9978308E-01 -1.3211993E+00 -7.7283739E-01
-1.1991994E+00 1.5199380E-01 -1.3482292E+00 -1.0490015E+00 -1.5027654E+00 -9.0614234E-01
-1.3542135E+00 1.7707975E-01 -1.5223983E+00 -1.1708845E+00 -1.7128540E+00 -1.0212012E+00
-1.4466347E+00 2.0494331E-01 -1.6345168E+00 -1.2311463E+00 -1.8708969E+00 -1.0650746E+00
-1.4384145E+00 2.3078423E-01 -1.6533537E+00 -1.1951756E+00 -1.9067607E+00 -1.0062077E+00
-1.3277432E+00 2.5256340E-01 -1.5596952E+00 -1.0634592E+00 -1.8466913E+00 -8.5362129E-01
-1.1465740E+00 2.6669753E-01 -1.3878836E+00 -8.7035968E-01 -1.7031948E+00 -6.3774751E-01
-9.4292196E-01 2.7728001E-01 -1.1911250E+00 -6.5213663E-01 -1.4896590E+00 -4.0399814E-01
-7.6094588E-01 2.9592769E-01 -1.0009496E+00 -4.4352245E-01 -1.3515384E+00 -1.9823190E-01
-6.2948609E-01 3.3801705E-01 -8.9023217E-01 -2.6914508E-01 -1.3032035E+00 5.1181112E-03
-5.5442911E-01 4.1857501E-01 -8.5545896E-01 -8.8435215E-02 -1.3879895E+00 2.1766644E-01
-5.2356973E-01 5.3164407E-01 -8.5452841E-01 1.2379877E-01 -1.5701881E+00 3.8569455E-01
-5.1774775E-01 6.4016812E-01 -8.3292123E-01 3.3289798E-01 -1.7294206E+00 4.9162606E-01
-5.1897190E-01 6.9316596E-01 -7.7399746E-01 4.8410820E-01 -1.8253492E+00 5.0000000E-01
