-9.9861640E-01 2.3780659E-01 -1.2333452E+00 -7.6446233E-01 -1.4715670E+00 -5.3378133E-01
-9.8521623E-01 1.8102591E-01 -1.1642577E+00 -8.0653050E-01 -1.3459631E+00 -6.3312737E-01
-9.6143485E-01 1.1566037E-01 -1.0770104E+00 -8.4602634E-01 -1.1896973E+00 -7.3823486E-01
-9.4904189E-01 1.2292311E-01 -1.0722192E+00 -8.2408019E-01 -1.1855346E+00 -7.0860039E-01
-9.6736259E-01 1.3786416E-01 -1.1044409E+00 -8.3068249E-01 -1.2390128E+00 -6.9718321E-01
-1.0154629E+00 1.3555888E-01 -1.1515583E+00 -8.7967173E-01 -1.2857486E+00 -7.5585200E-01
-1.0742368E+00 1.4011854E-01 -1.2130965E+00 -9.3715227E-01 -1.3514397E+00 -7.9713671E-01
-1.1164039E+00 1.5308827E-01 -1.2683448E+00 -9.6482689E-01 -1.4242699E+00 -8.2460448E-01
-1.1265840E+00 1.6748341E-01 -1.2841524E+00 -9.5336573E-01 -1.4675521E+00 -8.0947445E-01
-1.1108243E+00 1.8265835E-01 -1.2826225E+00 -9.2220282E-01 -1.4850183E+00 -7.6640835E-01
-1.0847682E+00 2.0874119E-01 -1.2749699E+00 -8.6774837E-01 -1.5142974E+00 -6.9211081E-01
-1.0628163E+00 2.3965790E-01 -1.2755294E+00 -8.0723809E-01 -1.5638501E+00 -6.1720127E-01
-1.0531350E+00 2.6562622E-01 -1.2831190E+00 -7.6441121E-01 -1.5823430E+00 -5.4638227E-01
-1.0532322E+00 2.8471212E-01 -1.2913013E+00 -7.4560667E-01 -1.6243638E+00 -5.1473029E-01
-1.0576631E+00 3.1525507E-01 -1.3056902E+00 -7.0918461E-01 -1.6911453E+00 -4.6767139E-01
-1.0603231E+00 3.8981850E-01 -1.3403735E+00 -6.2054800E-01 -1.8809455E+00 -3.5923567E-01
-1.0596410E+00 5.1358059E-01 -1.4244004E+00 -4.5774855E-01 -2.1383213E+00 -1.5010598E-01
-1.0577788E+00 6.5800800E-01 -1.5368102E+00 -2.5529294E-01 -2.4087660E+00 9.5133639E-02
-1.0600476E+00 7.8285238E-01 -1.6519765E+00 -9.2622543E-02 -2.6062036E+00 3.2564672E-01
-1.0629174E+00 8.4148866E-01 -1.7184514E+00 -2.6458993E-02 -2.6303435E+00 5.0000000E-01
