-1.0405472E+00 2.3373094E-01 -1.2750120E+00 -8.0660098E-01 -1.4912574E+00 -5.8010390E-01
-1.0425847E+00 1.7632495E-01 -1.2198606E+00 -8.6630517E-01 -1.3851770E+00 -7.0097761E-01
-1.0411509E+00 1.1319654E-01 -1.1538734E+00 -9.2928792E-01 -1.2679003E+00 -8.2376005E-01
-1.0250416E+00 1.2091527E-01 -1.1439207E+00 -9.0628887E-01 -1.2643501E+00 -7.8814037E-01
-9.9561129E-01 1.3832702E-01 -1.1330537E+00 -8.5942218E-01 -1.2702026E+00 -7.2515058E-01
-9.6753333E-01 1.3664169E-01 -1.1041580E+00 -8.3333797E-01 -1.2339192E+00 -7.0080837E-01
-9.5684793E-01 1.3654392E-01 -1.0936926E+00 -8.2148939E-01 -1.2256786E+00 -6.9212024E-01
-9.6752153E-01 1.4829762E-01 -1.1151887E+00 -8.2149778E-01 -1.2602857E+00 -6.7856063E-01
-9.9168823E-01 1.6147180E-01 -1.1514824E+00 -8.3221405E-01 -1.3100448E+00 -6.7453991E-01
-1.0196469E+00 1.7764509E-01 -1.1973880E+00 -8.4354216E-01 -1.3773180E+00 -6.8125874E-01
-1.0508337E+00 2.0236373E-01 -1.2341072E+00 -8.3792730E-01 -1.4671477E+00 -6.7114375E-01
-1.0850088E+00 2.3243435E-01 -1.2897953E+00 -8.3823498E-01 -1.5717662E+00 -6.5523563E-01
-1.1173226E+00 2.6522198E-01 -1.3465568E+00 -8.2960555E-01 -1.6472446E+00 -6.1464494E-01
-1.1476886E+00 2.9894860E-01 -1.3933906E+00 -8.2573349E-01 -1.7565936E+00 -5.7697262E-01
-1.1785807E+00 3.3737199E-01 -1.4271061E+00 -7.9792140E-01 -1.8699901E+00 -5.5925360E-01
-1.2109231E+00 4.0451324E-01 -1.4943852E+00 -7.4557728E-01 -2.0548459E+00 -4.8010250E-01
-1.2406913E+00 5.1716435E-01 -1.6383673E+00 -6.3142301E-01 -2.2947563E+00 -3.0812789E-01
-1.2648676E+00 6.6051699E-01 -1.8386322E+00 -4.9376295E-01 -2.5691090E+00 -5.9478638E-02
-1.2809728E+00 7.9144670E-01 -2.0164812E+00 -3.8063408E-01 -2.7975633E+00 2.1352673E-01
-1.2861338E+00 8.5366532E-01 -2.0903154E+00 -3.1472695E-01 -2.8934737E+00 3.7312237E-01
