-8.0217012E-01 2.3309547E-01 -1.0342133E+00 -5.6915530E-01 -1.2620924E+00 -3.5334147E-01
-8.1698894E-01 1.7676839E-01 -9.9326859E-01 -6.3948008E-01 -1.1644043E+00 -4.7616787E-01
-8.6403356E-01 1.1219856E-01 -9.7075176E-01 -7.4941283E-01 -1.0901273E+00 -6.4726627E-01
-9.4295206E-01 1.1815126E-01 -1.0594853E+00 -8.2735935E-01 -1.1762579E+00 -7.0909173E-01
-1.0366261E+00 1.3699791E-01 -1.1729897E+00 -8.9997145E-01 -1.3051510E+00 -7.6958197E-01
-1.1151459E+00 1.4024106E-01 -1.2483730E+00 -9.7014172E-01 -1.3977996E+00 -8.4837633E-01
-1.1541087E+00 1.4080114E-01 -1.2855937E+00 -1.0081050E+00 -1.4387879E+00 -8.8442416E-01
-1.1441438E+00 1.4814200E-01 -1.2905786E+00 -9.9872783E-01 -1.4412823E+00 -8.6011435E-01
-1.0916861E+00 1.6198676E-01 -1.2410747E+00 -9.2190388E-01 -1.4219100E+00 -7.8714292E-01
-1.0161013E+00 1.7982179E-01 -1.1773802E+00 -8.2503013E-01 -1.3908864E+00 -6.8188375E-01
-9.3846722E-01 1.9942069E-01 -1.1130383E+00 -7.2338360E-01 -1.3572512E+00 -5.7426954E-01
-8.7522600E-01 2.2022825E-01 -1.0593564E+00 -6.3259414E-01 -1.3200891E+00 -4.6077009E-01
-8.4330391E-01 2.4837618E-01 -1.0470311E+00 -5.6906930E-01 -1.3442090E+00 -3.7743438E-01
-8.6811086E-01 2.7536323E-01 -1.1004151E+00 -5.6652911E-01 -1.4146535E+00 -3.4718657E-01
-9.7059278E-01 2.9915745E-01 -1.2195909E+00 -6.4997963E-01 -1.5649561E+00 -4.0399181E-01
-1.1436624E+00 3.4501332E-01 -1.4170258E+00 -7.6072214E-01 -1.8380908E+00 -4.9989164E-01
-1.3507308E+00 4.4619521E-01 -1.7464707E+00 -8.6790676E-01 -2.2806669E+00 -5.3990988E-01
-1.5398999E+00 5.9587312E-01 -2.1150342E+00 -9.0227450E-01 -2.7153013E+00 -3.8589028E-01
-1.6683743E+00 7.3628669E-01 -2.4345189E+00 -9.1477483E-01 -3.1289601E+00 -2.8156274E-01
-1.7169018E+00 8.0235754E-01 -2.5535817E+00 -8.9306706E-01 -3.3405353E+00 -2.3128900E-01
