6.15256308E+01 -3.63059615E+01 3.39868548E+01 -2.78743969E+01 2.14309893E+01 -1.39543937E+01 1.11862438E+01 -7.10312432E+00 6.47386951E+00 -2.94583699E+00 4.41798549E+00 -2.47024293E+00 7.20704117E+00 -4.06059719E+00 4.19064731E+00 -4.93592744E-01 2.92498096E+00 8.99852654E+00 6.12547149E+00 -1.99656257E+02
-3.63059615E+01 2.45619900E+01 -2.62776105E+01 2.32074536E+01 -1.78282950E+01 1.19848255E+01 -9.32881354E+00 6.34598764E+00 -5.21782920E+00 2.81126524E+00 -2.95216726E+00 1.41520283E+00 -3.44828996E+00 1.70562058E+00 -2.06897438E+00 -2.05366484E-01 -1.68245428E+00 -5.07780531E+00 4.37254202E+00 9.20243922E+01
3.39868548E+01 -2.62776105E+01 3.56577840E+01 -3.88627283E+01 3.27569073E+01 -2.30547182E+01 1.72023615E+01 -1.21781347E+01 9.43497455E+00 -6.17732572E+00 4.75545760E+00 -2.22237288E+00 3.07784252E+00 -1.10423192E+00 1.88994480E+00 8.26511372E-01 1.90849400E+00 2.46898566E+00 -1.57077492E+01 -5.39069470E+01
-2.78743969E+01 2.32074536E+01 -3.88627283E+01 5.44121225E+01 -5.51502196E+01 4.31436883E+01 -3.24563705E+01 2.36746035E+01 -1.79302918E+01 1.26602381E+01 -8.28372061E+00 3.45444182E+00 -2.10495363E+00 -8.82521023E-01 -5.14481969E-01 7.85955931E-01 -5.48958303E+00 7.41995874E-01 2.43104018E+01 1.72339553E+01
2.14309893E+01 -1.78282950E+01 3.27569073E+01 -5.51502196E+01 7.00073601E+01 -6.80917292E+01 5.75947158E+01 -4.38234938E+01 3.25777099E+01 -2.35840556E+01 1.55717207E+01 -7.82056419E+00 4.01611129E+00 -3.26787675E-02 9.02985000E-01 -1.82423827E+00 6.53489921E+00 -3.16013569E+00 -1.70919450E+01 -1.46754985E+01
-1.39543937E+01 1.19848255E+01 -2.30547182E+01 4.31436883E+01 -6.80917292E+01 9.04596949E+01 -9.86368325E+01 8.42444915E+01 -6.23611571E+01 4.40538892E+01 -2.95581682E+01 1.84463478E+01 -1.33867731E+01 9.66944990E+00 -6.90482808E+00 2.01795911E+00 -2.66833448E-03 -6.71344232E-01 2.45450206E+00 2.70917217E+01
1.11862438E+01 -9.32881354E+00 1.72023615E+01 -3.24563705E+01 5.75947158E+01 -9.86368325E+01 1.43317845E+02 -1.53251739E+02 1.27299201E+02 -9.25544252E+01 6.31049020E+01 -4.15960712E+01 3.18735501E+01 -2.52357124E+01 1.64321299E+01 -5.49395064E+00 -1.69741378E+00 -1.21579294E-01 1.94200438E+01 -6.36368065E+01
-7.10312433E+00 6.34598764E+00 -1.21781347E+01 2.36746035E+01 -4.38234938E+01 8.42444915E+01 -1.53251739E+02 2.23427683E+02 -2.50270661E+02 2.15227592E+02 -1.48372246E+02 9.33224341E+01 -6.00833906E+01 4.01638939E+01 -2.95146450E+01 2.25675576E+01 -2.53238295E+01 3.64914123E+01 -9.37961688E+01 1.71703814E+02
6.47386952E+00 -5.21782920E+00 9.43497455E+00 -1.79302918E+01 3.25777099E+01 -6.23611571E+01 1.27299201E+02 -2.50270661E+02 3.95989432E+02 -4.32473925E+02 3.27075227E+02 -2.03812640E+02 1.16053724E+02 -6.41145230E+01 5.34231868E+01 -6.27932649E+01 9.24059741E+01 -1.20768030E+02 2.50152979E+02 -4.15443040E+02
-2.94583700E+00 2.81126524E+00 -6.17732572E+00 1.26602381E+01 -2.35840556E+01 4.40538892E+01 -9.25544252E+01 2.15227592E+02 -4.32473924E+02 6.06580341E+02 -5.78744830E+02 4.22938748E+02 -2.59965391E+02 1.50419050E+02 -1.07568907E+02 1.09853590E+02 -1.59388569E+02 1.95136509E+02 -3.61733022E+02 5.72487809E+02
4.41798549E+00 -2.95216727E+00 4.75545760E+00 -8.28372061E+00 1.55717207E+01 -2.95581682E+01 6.31049020E+01 -1.48372246E+02 3.27075227E+02 -5.78744830E+02 7.70757228E+02 -7.64182258E+02 6.09787840E+02 -4.35407287E+02 2.73847791E+02 -1.69790889E+02 1.48037006E+02 -1.65796546E+02 3.90239303E+02 -6.64740637E+02
-2.47024294E+00 1.41520283E+00 -2.22237288E+00 3.45444183E+00 -7.82056419E+00 1.84463478E+01 -4.15960712E+01 9.33224341E+01 -2.03812640E+02 4.22938748E+02 -7.64182258E+02 1.02725866E+03 -1.06745429E+03 8.96426218E+02 -5.95949943E+02 3.54583860E+02 -2.38492587E+02 2.63060355E+02 -7.15151032E+02 1.21866019E+03
7.20704118E+00 -3.44828997E+00 3.07784252E+00 -2.10495364E+00 4.01611129E+00 -1.33867731E+01 3.18735501E+01 -6.00833906E+01 1.16053724E+02 -2.59965391E+02 6.09787840E+02 -1.06745429E+03 1.56371370E+03 -1.75201078E+03 1.38823727E+03 -9.30628310E+02 6.62344805E+02 -7.38146309E+02 1.91544734E+03 -3.21664482E+03
-4.06059720E+00 1.70562060E+00 -1.10423191E+00 -8.82521005E-01 -3.26787570E-02 9.66944990E+00 -2.52357124E+01 4.01638939E+01 -6.41145229E+01 1.50419050E+02 -4.35407287E+02 8.96426218E+02 -1.75201078E+03 2.63399091E+03 -2.71651325E+03 2.27980089E+03 -2.01614706E+03 2.37686024E+03 -5.54582929E+03 9.05385087E+03
4.19064732E+00 -2.06897443E+00 1.88994477E+00 -5.14482009E-01 9.02984972E-01 -6.90482808E+00 1.64321298E+01 -2.95146450E+01 5.34231867E+01 -1.07568907E+02 2.73847791E+02 -5.95949943E+02 1.38823727E+03 -2.71651325E+03 3.96829953E+03 -4.68288831E+03 5.24774852E+03 -6.45592496E+03 1.42423549E+04 -2.29461220E+04
-4.93592740E-01 -2.05366377E-01 8.26511459E-01 7.85956029E-01 -1.82423819E+00 2.01795912E+00 -5.49395035E+00 2.25675576E+01 -6.27932646E+01 1.09853590E+02 -1.69790889E+02 3.54583860E+02 -9.30628310E+02 2.27980089E+03 -4.68288831E+03 7.95528693E+03 -1.18531462E+04 1.62660002E+04 -3.63688847E+04 5.86061865E+04
2.92498086E+00 -1.68245471E+00 1.90849359E+00 -5.48958345E+00 6.53489881E+00 -2.66848438E-03 -1.69741493E+00 -2.53238296E+01 9.24059730E+01 -1.59388569E+02 1.48037005E+02 -2.38492587E+02 6.62344804E+02 -2.01614706E+03 5.24774852E+03 -1.18531462E+04 2.90113704E+04 -5.53089645E+04 1.36225977E+05 -2.20381478E+05
8.99852801E+00 -5.07780254E+00 2.46898845E+00 7.41998849E-01 -3.16013263E+00 -6.71341938E-01 -1.21572983E-01 3.64914146E+01 -1.20768023E+02 1.95136514E+02 -1.65796539E+02 2.63060362E+02 -7.38146299E+02 2.37686025E+03 -6.45592494E+03 1.62660002E+04 -5.53089645E+04 1.45408927E+05 -4.99875552E+05 8.64755955E+05
6.12545277E+00 4.37251545E+00 -1.57077772E+01 2.43103715E+01 -1.70919775E+01 2.45447167E+00 1.94199900E+01 -9.37962043E+01 2.50152917E+02 -3.61733076E+02 3.90239228E+02 -7.15151107E+02 1.91544724E+03 -5.54582939E+03 1.42423548E+04 -3.63688848E+04 1.36225977E+05 -4.99875552E+05 2.51324124E+06 -4.63091094E+06
-1.99665267E+02 9.20144752E+01 -5.39178997E+01 1.72218139E+01 -1.46890045E+01 2.70766282E+01 -6.36536941E+01 1.71684743E+02 -4.15464587E+02 5.72463256E+02 -6.64768723E+02 1.21862782E+03 -3.21668236E+03 9.05380694E+03 -2.29461737E+04 5.86061248E+04 -2.20381552E+05 8.64755865E+05 -4.63091105E+06 8.60806177E+06
