-8.5890689E-01 2.4180569E-01 -1.0946760E+00 -6.1967270E-01 -1.3537044E+00 -3.9443165E-01
-8.7241058E-01 2.1120176E-01 -1.0779412E+00 -6.6353636E-01 -1.3020749E+00 -4.6996761E-01
-8.9559910E-01 1.7560196E-01 -1.0695500E+00 -7.1993789E-01 -1.2495129E+00 -5.6322826E-01
-9.4546784E-01 1.3678388E-01 -1.0819239E+00 -8.0735111E-01 -1.2122935E+00 -6.8018006E-01
-1.0061943E+00 1.2510410E-01 -1.1332358E+00 -8.8042926E-01 -1.2485745E+00 -7.6420028E-01
-1.0653225E+00 1.3685823E-01 -1.2018875E+00 -9.2728088E-01 -1.3291995E+00 -7.9473787E-01
-1.1083938E+00 1.5480818E-01 -1.2650530E+00 -9.5396774E-01 -1.4045231E+00 -8.0116027E-01
-1.1285790E+00 1.6847486E-01 -1.2981459E+00 -9.6262748E-01 -1.4574400E+00 -7.9720325E-01
-1.1228975E+00 1.7816186E-01 -1.2919771E+00 -9.3778608E-01 -1.4757642E+00 -7.7302937E-01
-1.0956101E+00 1.8358396E-01 -1.2793410E+00 -9.1169403E-01 -1.4589403E+00 -7.4307749E-01
-1.0537420E+00 1.8725711E-01 -1.2387994E+00 -8.6806977E-01 -1.4256506E+00 -6.9093598E-01
-1.0047143E+00 1.9394601E-01 -1.1962913E+00 -8.1418435E-01 -1.3952362E+00 -6.3017400E-01
-9.5500256E-01 2.0713471E-01 -1.1586178E+00 -7.5137138E-01 -1.3708262E+00 -5.4987217E-01
-9.1153483E-01 2.2651179E-01 -1.1386003E+00 -6.8837989E-01 -1.3697024E+00 -4.7286516E-01
-8.7560240E-01 2.4552134E-01 -1.1029654E+00 -6.1721542E-01 -1.3766415E+00 -4.0892400E-01
-8.4811916E-01 2.5766184E-01 -1.0881592E+00 -5.8037398E-01 -1.3770329E+00 -3.5675922E-01
-8.2928386E-01 2.6355951E-01 -1.0738896E+00 -5.5119967E-01 -1.3734304E+00 -3.3135968E-01
-8.2117677E-01 2.6558232E-01 -1.0671681E+00 -5.3536978E-01 -1.3616039E+00 -3.2042056E-01
-8.2710119E-01 2.6548604E-01 -1.0765356E+00 -5.4971735E-01 -1.3609621E+00 -3.1780249E-01
-8.4315073E-01 2.6138386E-01 -1.1039654E+00 -5.8569130E-01 -1.3576671E+00 -3.2703950E-01
-8.6427030E-01 2.5956933E-01 -1.1191516E+00 -6.0930220E-01 -1.3639002E+00 -3.4424026E-01
-8.8881898E-01 2.6853817E-01 -1.1516173E+00 -6.2701020E-01 -1.4237808E+00 -3.6126143E-01
-9.1199799E-01 2.9208717E-01 -1.1698743E+00 -6.0149602E-01 -1.4936924E+00 -3.4757935E-01
-9.3017060E-01 3.3580282E-01 -1.2091663E+00 -5.5724772E-01 -1.6081642E+00 -2.9831635E-01
-9.4340443E-01 3.9726501E-01 -1.2639002E+00 -4.9628776E-01 -1.7371422E+00 -1.9444337E-01
-9.5201676E-01 4.7367550E-01 -1.3241486E+00 -4.0729567E-01 -1.8932970E+00 -6.4857752E-02
-9.5583439E-01 5.5507468E-01 -1.3968804E+00 -3.1181187E-01 -2.0454720E+00 8.0023337E-02
-9.5734544E-01 6.3238111E-01 -1.4834354E+00 -2.2970470E-01 -2.1761636E+00 2.3196772E-01
-9.5649878E-01 6.7785709E-01 -1.5371513E+00 -1.8228778E-01 -2.2451025E+00 3.3507530E-01
-9.5497647E-01 7.1161351E-01 -1.5755523E+00 -1.4739779E-01 -2.2639445E+00 4.4965315E-01
