-1.0252412E+00 2.3738855E-01 -1.2527075E+00 -7.8013268E-01 -1.4973660E+00 -5.6674682E-01
-9.9633382E-01 2.0764887E-01 -1.1973605E+00 -7.8242082E-01 -1.4046020E+00 -5.9474714E-01
-9.5202697E-01 1.7401974E-01 -1.1260967E+00 -7.7974286E-01 -1.2952117E+00 -6.1287092E-01
-8.8098199E-01 1.3423601E-01 -1.0145536E+00 -7.4776447E-01 -1.1438340E+00 -6.1957766E-01
-8.1712666E-01 1.1896055E-01 -9.3631723E-01 -6.9888782E-01 -1.0496842E+00 -5.8364603E-01
-7.7735420E-01 1.2902231E-01 -9.0632368E-01 -6.4917503E-01 -1.0281412E+00 -5.2391667E-01
-7.7889232E-01 1.4791545E-01 -9.2669845E-01 -6.3161609E-01 -1.0668035E+00 -4.8820098E-01
-8.2756192E-01 1.6660741E-01 -9.9238007E-01 -6.6009130E-01 -1.1533684E+00 -4.9616177E-01
-9.1460530E-01 1.8028157E-01 -1.0925931E+00 -7.3719846E-01 -1.2685404E+00 -5.5736314E-01
-1.0210003E+00 1.8805542E-01 -1.2078387E+00 -8.3515302E-01 -1.3943447E+00 -6.5476026E-01
-1.1257842E+00 1.9359292E-01 -1.3187583E+00 -9.3485118E-01 -1.5131823E+00 -7.5329146E-01
-1.2123404E+00 2.0027695E-01 -1.4131158E+00 -1.0091105E+00 -1.6062144E+00 -8.3429603E-01
-1.2706246E+00 2.0791631E-01 -1.4780447E+00 -1.0586052E+00 -1.6771982E+00 -8.7153086E-01
-1.2929451E+00 2.1741971E-01 -1.5087349E+00 -1.0743960E+00 -1.7170784E+00 -8.7229439E-01
-1.2801980E+00 2.3244149E-01 -1.5110691E+00 -1.0509784E+00 -1.7411641E+00 -8.2868489E-01
-1.2351076E+00 2.4912348E-01 -1.4826236E+00 -9.8801766E-01 -1.7262976E+00 -7.4635663E-01
-1.1663014E+00 2.6233381E-01 -1.4310397E+00 -9.0566395E-01 -1.6700070E+00 -6.4624562E-01
-1.0828575E+00 2.7155515E-01 -1.3513014E+00 -8.1147214E-01 -1.6094193E+00 -5.4571156E-01
-9.8917534E-01 2.7649178E-01 -1.2631871E+00 -7.1382176E-01 -1.5295596E+00 -4.5324926E-01
-8.9140781E-01 2.7615830E-01 -1.1616735E+00 -6.1407080E-01 -1.4332629E+00 -3.6721621E-01
-7.9994748E-01 2.7269009E-01 -1.0690137E+00 -5.2849710E-01 -1.3396957E+00 -2.7245283E-01
-7.2065588E-01 2.7172667E-01 -9.8788819E-01 -4.5391930E-01 -1.2670335E+00 -1.8978308E-01
-6.5764623E-01 2.7816364E-01 -9.3392759E-01 -3.7611331E-01 -1.2113613E+00 -1.2260679E-01
-6.1236235E-01 2.9720624E-01 -8.9311645E-01 -2.9801249E-01 -1.2203201E+00 -5.6127561E-02
-5.8223519E-01 3.3441834E-01 -8.5913652E-01 -1.9667998E-01 -1.2886974E+00 1.5809410E-02
-5.6608567E-01 3.9137836E-01 -8.8185802E-01 -1.0973387E-01 -1.3617303E+00 1.3870465E-01
-5.5895101E-01 4.5784947E-01 -9.0632144E-01 1.4948701E-03 -1.4735637E+00 2.4910764E-01
-5.5570884E-01 5.2030913E-01 -9.4232950E-01 1.0230092E-01 -1.5614330E+00 3.5988474E-01
-5.5540517E-01 5.5799609E-01 -9.8448724E-01 1.4475512E-01 -1.6056993E+00 4.3080994E-01
-5.5502464E-01 5.8608998E-01 -1.0233080E+00 1.6701361E-01 -1.6138320E+00 5.0000000E-01
