-1.0783264E+00 2.3618718E-01 -1.3139433E+00 -8.4204273E-01 -1.5471534E+00 -6.2229573E-01
-1.0621364E+00 2.0595500E-01 -1.2670102E+00 -8.5563846E-01 -1.4709097E+00 -6.6463454E-01
-1.0361566E+00 1.7110686E-01 -1.2049379E+00 -8.6696929E-01 -1.3742043E+00 -6.9915650E-01
-9.8576280E-01 1.3130663E-01 -1.1159069E+00 -8.5648765E-01 -1.2424143E+00 -7.2407303E-01
-9.2688893E-01 1.1722838E-01 -1.0485560E+00 -8.1467364E-01 -1.1540806E+00 -6.9470387E-01
-8.7001934E-01 1.2742090E-01 -9.9232196E-01 -7.4444435E-01 -1.1222664E+00 -6.1755481E-01
-8.3352891E-01 1.4477514E-01 -9.7597394E-01 -6.9150327E-01 -1.1203969E+00 -5.5120908E-01
-8.3017169E-01 1.6172606E-01 -9.8800663E-01 -6.7328325E-01 -1.1554746E+00 -5.1425374E-01
-8.5963482E-01 1.7499959E-01 -1.0311788E+00 -6.8681356E-01 -1.2106795E+00 -5.2262184E-01
-9.1914510E-01 1.8184099E-01 -1.1002615E+00 -7.3738335E-01 -1.2785273E+00 -5.6885825E-01
-1.0027781E+00 1.8615557E-01 -1.1885880E+00 -8.1626440E-01 -1.3703759E+00 -6.4250009E-01
-1.0996098E+00 1.9185324E-01 -1.2872454E+00 -9.0895102E-01 -1.4796719E+00 -7.2533744E-01
-1.1975155E+00 2.0240378E-01 -1.3988452E+00 -9.9466049E-01 -1.5971534E+00 -8.0183888E-01
-1.2852473E+00 2.1775786E-01 -1.5018440E+00 -1.0674615E+00 -1.7098498E+00 -8.5820239E-01
-1.3499467E+00 2.3499910E-01 -1.5841682E+00 -1.1152898E+00 -1.8052177E+00 -8.8539220E-01
-1.3810475E+00 2.5097366E-01 -1.6334061E+00 -1.1313367E+00 -1.8727724E+00 -8.9269629E-01
-1.3755944E+00 2.6382718E-01 -1.6412171E+00 -1.1154092E+00 -1.8923318E+00 -8.6420139E-01
-1.3362549E+00 2.7313315E-01 -1.6064366E+00 -1.0646025E+00 -1.8707948E+00 -8.0192315E-01
-1.2695315E+00 2.7857272E-01 -1.5464501E+00 -9.9461539E-01 -1.8070918E+00 -7.1530829E-01
-1.1827613E+00 2.7869319E-01 -1.4630569E+00 -9.0857187E-01 -1.7145726E+00 -6.2305252E-01
-1.0825800E+00 2.7700903E-01 -1.3620815E+00 -8.1049819E-01 -1.6140415E+00 -5.3654339E-01
-9.8122327E-01 2.7959583E-01 -1.2623101E+00 -7.0404456E-01 -1.5298851E+00 -4.3769343E-01
-8.8873903E-01 2.9402151E-01 -1.1631693E+00 -5.7701012E-01 -1.4795982E+00 -3.4001700E-01
-8.0717950E-01 3.2637430E-01 -1.0928761E+00 -4.4386686E-01 -1.4521204E+00 -1.9482883E-01
-7.3636795E-01 3.7841870E-01 -1.0520671E+00 -2.9970455E-01 -1.4928007E+00 -4.3543020E-02
-6.7938867E-01 4.4337960E-01 -1.0223398E+00 -1.4801381E-01 -1.5645518E+00 1.1896467E-01
-6.4017543E-01 5.1168118E-01 -1.0106207E+00 -8.8543956E-03 -1.6458589E+00 2.6566162E-01
-6.1528387E-01 5.7673591E-01 -1.0143420E+00 1.2079688E-01 -1.7186361E+00 3.8912342E-01
-6.0500868E-01 6.1414911E-01 -1.0370324E+00 1.8325816E-01 -1.7423915E+00 4.5713594E-01
-6.0061690E-01 6.4157897E-01 -1.0495059E+00 2.3126370E-01 -1.7551541E+00 5.0000000E-01
