-9.0348416E-01 2.4072256E-01 -1.1454310E+00 -6.6374185E-01 -1.3704712E+00 -4.3118201E-01
-8.9421245E-01 2.1056732E-01 -1.1051906E+00 -6.8489661E-01 -1.3069924E+00 -4.8010714E-01
-8.8350012E-01 1.7689242E-01 -1.0618559E+00 -7.0800653E-01 -1.2335617E+00 -5.3721555E-01
-8.6887694E-01 1.3764737E-01 -1.0070130E+00 -7.3271298E-01 -1.1416682E+00 -6.0152615E-01
-8.6181622E-01 1.2416621E-01 -9.8470430E-01 -7.3680050E-01 -1.1041506E+00 -6.2029424E-01
-8.6629112E-01 1.3456680E-01 -9.9950977E-01 -7.3066713E-01 -1.1329748E+00 -6.0870504E-01
-8.8628677E-01 1.5138770E-01 -1.0365524E+00 -7.3572064E-01 -1.1851225E+00 -5.9595305E-01
-9.1746418E-01 1.6549643E-01 -1.0830490E+00 -7.5164904E-01 -1.2423733E+00 -5.9854461E-01
-9.5301014E-01 1.7446063E-01 -1.1282193E+00 -7.7848813E-01 -1.2969452E+00 -6.1721682E-01
-9.8682102E-01 1.7949609E-01 -1.1672324E+00 -8.0810086E-01 -1.3387687E+00 -6.4043414E-01
-1.0138894E+00 1.8433128E-01 -1.1983288E+00 -8.3274570E-01 -1.3781477E+00 -6.5699699E-01
-1.0295629E+00 1.9190853E-01 -1.2207919E+00 -8.3915466E-01 -1.4089588E+00 -6.5633659E-01
-1.0385615E+00 2.0301633E-01 -1.2398085E+00 -8.3813738E-01 -1.4436873E+00 -6.4255576E-01
-1.0463002E+00 2.1607500E-01 -1.2604674E+00 -8.2977186E-01 -1.4773923E+00 -6.2936816E-01
-1.0606268E+00 2.2966242E-01 -1.2868782E+00 -8.2681689E-01 -1.5088276E+00 -6.1584922E-01
-1.0841106E+00 2.4390873E-01 -1.3265651E+00 -8.3625671E-01 -1.5601319E+00 -6.1030986E-01
-1.1168768E+00 2.5639947E-01 -1.3760537E+00 -8.6016855E-01 -1.6273805E+00 -6.2595159E-01
-1.1555716E+00 2.6505926E-01 -1.4058255E+00 -8.7907756E-01 -1.6890611E+00 -6.5264374E-01
-1.1928651E+00 2.6728925E-01 -1.4587095E+00 -9.2704980E-01 -1.7283277E+00 -6.8372909E-01
-1.2243673E+00 2.6741428E-01 -1.4913441E+00 -9.5361419E-01 -1.7505469E+00 -7.0150921E-01
-1.2475628E+00 2.7379432E-01 -1.5194282E+00 -9.6968236E-01 -1.7854229E+00 -7.1232227E-01
-1.2589018E+00 2.9370849E-01 -1.5532830E+00 -9.6515121E-01 -1.8533279E+00 -7.0191505E-01
-1.2574966E+00 3.3141344E-01 -1.5545226E+00 -8.9854178E-01 -1.9421956E+00 -6.5364752E-01
-1.2449149E+00 3.8743505E-01 -1.5757827E+00 -8.1297614E-01 -2.0135451E+00 -5.1570248E-01
-1.2243494E+00 4.5937792E-01 -1.5952137E+00 -6.9937324E-01 -2.1547520E+00 -3.8491511E-01
-1.2025300E+00 5.4190963E-01 -1.6325488E+00 -5.7679146E-01 -2.3026353E+00 -2.1314912E-01
-1.1810527E+00 6.2618274E-01 -1.6869388E+00 -4.5280418E-01 -2.4377335E+00 -3.1067050E-02
-1.1620237E+00 7.0024335E-01 -1.7481462E+00 -3.4243349E-01 -2.5259902E+00 1.4160291E-01
-1.1509810E+00 7.4105949E-01 -1.7973410E+00 -2.9739316E-01 -2.5756650E+00 2.4477508E-01
-1.1430402E+00 7.7032927E-01 -1.8337787E+00 -2.7011313E-01 -2.6084880E+00 3.3281298E-01
