-1.1064156E+00 2.3821861E-01 -1.3420369E+00 -8.7326719E-01 -1.5650341E+00 -6.3040696E-01
-1.1038457E+00 2.0629693E-01 -1.3072986E+00 -9.0246392E-01 -1.4974216E+00 -6.8857660E-01
-1.0997705E+00 1.7060621E-01 -1.2690334E+00 -9.3265957E-01 -1.4231098E+00 -7.5567727E-01
-1.0866508E+00 1.3174270E-01 -1.2174602E+00 -9.5619474E-01 -1.3431139E+00 -8.2881991E-01
-1.0642092E+00 1.2076145E-01 -1.1828954E+00 -9.4501926E-01 -1.3048648E+00 -8.2592421E-01
-1.0338362E+00 1.3348102E-01 -1.1678861E+00 -9.0113097E-01 -1.2913799E+00 -7.6838870E-01
-9.9897369E-01 1.5033694E-01 -1.1477673E+00 -8.5010604E-01 -1.2902787E+00 -6.9844811E-01
-9.6398985E-01 1.6327867E-01 -1.1224410E+00 -8.0496066E-01 -1.2830489E+00 -6.3591665E-01
-9.3263916E-01 1.7171767E-01 -1.0998305E+00 -7.6460437E-01 -1.2724578E+00 -5.9290121E-01
-9.1018039E-01 1.7667992E-01 -1.0864424E+00 -7.3494051E-01 -1.2595341E+00 -5.6462132E-01
-9.0037210E-01 1.8274759E-01 -1.0820349E+00 -7.1749003E-01 -1.2633480E+00 -5.4852919E-01
-9.0456832E-01 1.9173227E-01 -1.0942730E+00 -7.1529679E-01 -1.2894307E+00 -5.3439369E-01
-9.2139389E-01 2.0538617E-01 -1.1249127E+00 -7.1606329E-01 -1.3318156E+00 -5.2381308E-01
-9.4927717E-01 2.2028880E-01 -1.1684824E+00 -7.2768213E-01 -1.3874889E+00 -5.2690019E-01
-9.8725401E-01 2.3469657E-01 -1.2213689E+00 -7.5259798E-01 -1.4466440E+00 -5.3027139E-01
-1.0359762E+00 2.4664166E-01 -1.2815446E+00 -7.9238653E-01 -1.5146442E+00 -5.5003998E-01
-1.0934553E+00 2.5494479E-01 -1.3530523E+00 -8.4099425E-01 -1.5985484E+00 -5.9790920E-01
-1.1572191E+00 2.5780795E-01 -1.4025134E+00 -8.8538344E-01 -1.6778998E+00 -6.7324419E-01
-1.2230229E+00 2.6029806E-01 -1.4592940E+00 -9.4064695E-01 -1.7554425E+00 -7.4019279E-01
-1.2840306E+00 2.6806573E-01 -1.5338575E+00 -9.9705852E-01 -1.8273783E+00 -7.8377856E-01
-1.3341459E+00 2.8746841E-01 -1.6009139E+00 -1.0299991E+00 -1.9121083E+00 -8.0126377E-01
-1.3684916E+00 3.2074227E-01 -1.6474605E+00 -1.0296677E+00 -2.0041754E+00 -7.6050326E-01
-1.3847926E+00 3.7126935E-01 -1.6855789E+00 -9.8024229E-01 -2.1116022E+00 -6.9102249E-01
-1.3847091E+00 4.4275104E-01 -1.7243624E+00 -8.8507517E-01 -2.2579399E+00 -5.7225958E-01
-1.3726681E+00 5.2911516E-01 -1.7678768E+00 -7.5631216E-01 -2.4257997E+00 -4.1950542E-01
-1.3545456E+00 6.2081447E-01 -1.8182776E+00 -6.1570088E-01 -2.5823453E+00 -2.4206873E-01
-1.3368185E+00 7.0771265E-01 -1.8839606E+00 -4.9441129E-01 -2.7247913E+00 -5.6334710E-02
-1.3233916E+00 7.8210881E-01 -1.9529157E+00 -4.0474188E-01 -2.8428850E+00 1.3443361E-01
-1.3177572E+00 8.2231980E-01 -1.9985513E+00 -3.6494861E-01 -2.9107431E+00 2.5202736E-01
-1.3163032E+00 8.4965161E-01 -2.0353763E+00 -3.4256040E-01 -2.9714180E+00 3.2069614E-01
