-8.8765226E-01 2.3866101E-01 -1.1242856E+00 -6.4925395E-01 -1.3634338E+00 -4.3063126E-01
-8.8359074E-01 2.0888791E-01 -1.0907985E+00 -6.7346740E-01 -1.2924607E+00 -4.7559365E-01
-8.7844809E-01 1.7456125E-01 -1.0517769E+00 -7.0565037E-01 -1.2193672E+00 -5.3241602E-01
-8.7347147E-01 1.3599492E-01 -1.0135399E+00 -7.4647310E-01 -1.1362503E+00 -5.9796655E-01
-8.7535975E-01 1.2341780E-01 -9.9528218E-01 -7.5265817E-01 -1.1167574E+00 -6.2824848E-01
-8.8618775E-01 1.3574750E-01 -1.0209751E+00 -7.5114768E-01 -1.1521121E+00 -6.2552179E-01
-9.0658368E-01 1.5323579E-01 -1.0593748E+00 -7.5424163E-01 -1.2061174E+00 -6.0947442E-01
-9.3352326E-01 1.6775785E-01 -1.1007076E+00 -7.6630616E-01 -1.2619851E+00 -6.0640425E-01
-9.6070850E-01 1.7547602E-01 -1.1347954E+00 -7.8455317E-01 -1.3067628E+00 -6.2229887E-01
-9.8420287E-01 1.8063713E-01 -1.1642356E+00 -8.0414023E-01 -1.3415566E+00 -6.3563275E-01
-9.9919079E-01 1.8755090E-01 -1.1849566E+00 -8.1323808E-01 -1.3704810E+00 -6.3383740E-01
-1.0050845E+00 1.9728076E-01 -1.2017431E+00 -8.0925876E-01 -1.3916394E+00 -6.2273762E-01
-1.0035995E+00 2.0992140E-01 -1.2140041E+00 -7.9324436E-01 -1.4118709E+00 -5.9447748E-01
-1.0007395E+00 2.2537913E-01 -1.2335168E+00 -7.8604190E-01 -1.4410419E+00 -5.5967585E-01
-1.0047204E+00 2.4210791E-01 -1.2463732E+00 -7.6396866E-01 -1.4842769E+00 -5.3133411E-01
-1.0222503E+00 2.5745441E-01 -1.2805049E+00 -7.6180245E-01 -1.5371209E+00 -5.3661830E-01
-1.0550016E+00 2.6782005E-01 -1.3261492E+00 -7.8415733E-01 -1.5930057E+00 -5.5372474E-01
-1.1051779E+00 2.7058456E-01 -1.3640911E+00 -8.2250226E-01 -1.6471198E+00 -5.8871632E-01
-1.1693379E+00 2.6950398E-01 -1.4362664E+00 -8.9996739E-01 -1.7005652E+00 -6.4392237E-01
-1.2375957E+00 2.7768160E-01 -1.5138187E+00 -9.5909680E-01 -1.7841885E+00 -7.0176581E-01
-1.3000179E+00 3.0521614E-01 -1.5957465E+00 -9.9523941E-01 -1.9235345E+00 -7.2568067E-01
-1.3523013E+00 3.5950456E-01 -1.6800910E+00 -9.8356938E-01 -2.0638561E+00 -6.5081597E-01
-1.3945079E+00 4.3622840E-01 -1.7594818E+00 -9.0685108E-01 -2.2680548E+00 -5.7966277E-01
-1.4265077E+00 5.2812680E-01 -1.8378844E+00 -7.9566346E-01 -2.4930939E+00 -4.8687628E-01
-1.4461843E+00 6.2978418E-01 -1.9114881E+00 -6.6251898E-01 -2.7114328E+00 -3.4918253E-01
-1.4568645E+00 7.3249531E-01 -1.9953052E+00 -5.3386317E-01 -2.9099853E+00 -1.8595450E-01
-1.4613571E+00 8.2514379E-01 -2.0943800E+00 -4.3300504E-01 -3.0862552E+00 -7.7291117E-03
-1.4624090E+00 9.0081214E-01 -2.1978736E+00 -3.6456781E-01 -3.2032521E+00 1.7485557E-01
-1.4616713E+00 9.4044215E-01 -2.2580599E+00 -3.2998343E-01 -3.2726739E+00 2.7246126E-01
-1.4608308E+00 9.6653053E-01 -2.2929313E+00 -3.0242912E-01 -3.3084500E+00 3.5183534E-01
