-1.1018326E+00 2.3798926E-01 -1.3407485E+00 -8.6576049E-01 -1.5652852E+00 -6.3369882E-01
-1.0858295E+00 2.0755206E-01 -1.2927088E+00 -8.7981332E-01 -1.4914564E+00 -6.7752563E-01
-1.0626219E+00 1.7355926E-01 -1.2339767E+00 -8.9137710E-01 -1.4056828E+00 -7.1920650E-01
-1.0200978E+00 1.3423954E-01 -1.1545799E+00 -8.8716570E-01 -1.2837663E+00 -7.5714984E-01
-9.7536597E-01 1.2009673E-01 -1.0943821E+00 -8.5574909E-01 -1.2146521E+00 -7.4420777E-01
-9.3411220E-01 1.3131318E-01 -1.0617633E+00 -8.0567080E-01 -1.1951129E+00 -6.7620611E-01
-9.0642938E-01 1.4937057E-01 -1.0542792E+00 -7.5423164E-01 -1.1953424E+00 -6.1267095E-01
-8.9526183E-01 1.6426789E-01 -1.0583542E+00 -7.2902756E-01 -1.2123471E+00 -5.7345273E-01
-9.0432124E-01 1.7373859E-01 -1.0788561E+00 -7.2916054E-01 -1.2430328E+00 -5.6665563E-01
-9.3234252E-01 1.8053502E-01 -1.1129578E+00 -7.5093217E-01 -1.2866426E+00 -5.8302664E-01
-9.7352524E-01 1.8686726E-01 -1.1600102E+00 -7.8487788E-01 -1.3381974E+00 -6.1423035E-01
-1.0202889E+00 1.9481719E-01 -1.2132833E+00 -8.2673823E-01 -1.4009383E+00 -6.3732042E-01
-1.0633476E+00 2.0681394E-01 -1.2678527E+00 -8.5518292E-01 -1.4650469E+00 -6.6135435E-01
-1.0935396E+00 2.2190713E-01 -1.3154134E+00 -8.6669910E-01 -1.5186822E+00 -6.6435929E-01
-1.1043499E+00 2.3724367E-01 -1.3410759E+00 -8.6688941E-01 -1.5561325E+00 -6.2590750E-01
-1.0971273E+00 2.5079046E-01 -1.3592745E+00 -8.6099751E-01 -1.5744438E+00 -5.8027478E-01
-1.0740100E+00 2.6135503E-01 -1.3470793E+00 -8.2645497E-01 -1.5727661E+00 -5.3935653E-01
-1.0388680E+00 2.7035011E-01 -1.3062354E+00 -7.6708342E-01 -1.5632098E+00 -4.9776134E-01
-9.9944716E-01 2.7549641E-01 -1.2711712E+00 -7.2286907E-01 -1.5391531E+00 -4.5774115E-01
-9.6013164E-01 2.7752428E-01 -1.2355664E+00 -6.8738383E-01 -1.5033141E+00 -4.1501450E-01
-9.2895837E-01 2.8275324E-01 -1.2068965E+00 -6.4882849E-01 -1.4899867E+00 -3.7506556E-01
-9.0907769E-01 2.9796981E-01 -1.1851856E+00 -6.0318817E-01 -1.5148920E+00 -3.4175294E-01
-8.9859349E-01 3.2631514E-01 -1.1775959E+00 -5.5588229E-01 -1.5506910E+00 -2.7298625E-01
-8.9851526E-01 3.7389368E-01 -1.1793689E+00 -4.7870090E-01 -1.6505322E+00 -2.0534125E-01
-9.0735217E-01 4.4257613E-01 -1.2264048E+00 -4.0178116E-01 -1.8051065E+00 -1.2098165E-01
-9.2280697E-01 5.2663049E-01 -1.2810761E+00 -3.0207985E-01 -1.9976058E+00 4.4044329E-04
-9.4099857E-01 6.0961379E-01 -1.3577890E+00 -2.1847510E-01 -2.1698103E+00 1.4056007E-01
-9.5731180E-01 6.8165337E-01 -1.4410386E+00 -1.5861584E-01 -2.3070410E+00 2.7329199E-01
-9.6584038E-01 7.1976045E-01 -1.4831682E+00 -1.2114655E-01 -2.3773951E+00 3.4595401E-01
-9.7190186E-01 7.4700283E-01 -1.5149058E+00 -9.1627157E-02 -2.4177997E+00 4.1743451E-01
