-1.2222478E+00 2.4026318E-01 -1.4635082E+00 -9.8201069E-01 -1.6953475E+00 -7.5589049E-01
-1.2031255E+00 2.0787987E-01 -1.4112993E+00 -9.9482929E-01 -1.6105328E+00 -8.0155179E-01
-1.1765058E+00 1.7294418E-01 -1.3509037E+00 -1.0031785E+00 -1.5153934E+00 -8.3889738E-01
-1.1285129E+00 1.3373180E-01 -1.2600157E+00 -9.9972706E-01 -1.3952787E+00 -8.6687987E-01
-1.0751297E+00 1.2104383E-01 -1.1890732E+00 -9.5112015E-01 -1.3181166E+00 -8.4367211E-01
-1.0231643E+00 1.3207802E-01 -1.1557212E+00 -8.9361697E-01 -1.2866911E+00 -7.6636376E-01
-9.8153180E-01 1.5119647E-01 -1.1319367E+00 -8.3152352E-01 -1.2814452E+00 -6.9020097E-01
-9.5199208E-01 1.6775958E-01 -1.1190452E+00 -7.8369003E-01 -1.2823563E+00 -6.2529702E-01
-9.3404303E-01 1.7846775E-01 -1.1116919E+00 -7.5725626E-01 -1.2844803E+00 -5.8392652E-01
-9.2382177E-01 1.8525645E-01 -1.1067461E+00 -7.4158088E-01 -1.2908261E+00 -5.6313479E-01
-9.1540829E-01 1.8931825E-01 -1.1048403E+00 -7.2522243E-01 -1.2874270E+00 -5.4697662E-01
-9.0103775E-01 1.9481793E-01 -1.0997636E+00 -7.0468966E-01 -1.2805901E+00 -5.2789673E-01
-8.7621730E-01 2.0650162E-01 -1.0744497E+00 -6.5838597E-01 -1.2854045E+00 -4.8523345E-01
-8.4186605E-01 2.2403236E-01 -1.0582814E+00 -6.0740801E-01 -1.2907047E+00 -4.2243201E-01
-8.0419007E-01 2.4502255E-01 -1.0358506E+00 -5.4781663E-01 -1.2979892E+00 -3.3688969E-01
-7.6940081E-01 2.6474843E-01 -1.0094776E+00 -4.8395083E-01 -1.3005414E+00 -2.6483587E-01
-7.4530031E-01 2.7732554E-01 -9.7984914E-01 -4.3198193E-01 -1.3149969E+00 -2.3054254E-01
-7.3828798E-01 2.8180971E-01 -9.8493864E-01 -4.2093599E-01 -1.3214714E+00 -2.2598333E-01
-7.5336462E-01 2.7912021E-01 -1.0049861E+00 -4.4270222E-01 -1.3253090E+00 -2.4715608E-01
-7.9473762E-01 2.7275483E-01 -1.0587887E+00 -5.0928610E-01 -1.3434634E+00 -2.7604591E-01
-8.6100937E-01 2.7160641E-01 -1.1310772E+00 -5.8851215E-01 -1.3985952E+00 -3.2834117E-01
-9.4963609E-01 2.9113205E-01 -1.2358935E+00 -6.6493077E-01 -1.5385493E+00 -3.8078143E-01
-1.0554006E+00 3.3736354E-01 -1.3609556E+00 -7.0130466E-01 -1.7641314E+00 -4.3804499E-01
-1.1710750E+00 4.0839195E-01 -1.5381481E+00 -7.3468910E-01 -1.9761623E+00 -3.8275259E-01
-1.2850481E+00 4.9444805E-01 -1.7316919E+00 -7.5077294E-01 -2.2500646E+00 -3.3581243E-01
-1.3861032E+00 5.8609468E-01 -1.9324339E+00 -7.5050653E-01 -2.5161746E+00 -2.6593245E-01
-1.4659503E+00 6.7482259E-01 -2.1006307E+00 -7.2547412E-01 -2.7437014E+00 -1.7205695E-01
-1.5238307E+00 7.5180758E-01 -2.2343091E+00 -6.9900455E-01 -2.9558955E+00 -8.7391465E-02
-1.5499195E+00 7.9339070E-01 -2.3073797E+00 -6.8073840E-01 -3.0675183E+00 -2.8104716E-02
-1.5643953E+00 8.2348698E-01 -2.3564832E+00 -6.6842506E-01 -3.1560277E+00 1.7960508E-02
