-1.1756447E+00 2.3411264E-01 -1.4117728E+00 -9.4328755E-01 -1.6402236E+00 -7.2373205E-01
-1.1552332E+00 2.0447594E-01 -1.3611054E+00 -9.5195927E-01 -1.5591155E+00 -7.5585514E-01
-1.1241674E+00 1.7113842E-01 -1.2950587E+00 -9.5596864E-01 -1.4610109E+00 -7.8616306E-01
-1.0626659E+00 1.3296584E-01 -1.1954040E+00 -9.3092025E-01 -1.3239135E+00 -8.0512365E-01
-9.9088167E-01 1.2221237E-01 -1.1138684E+00 -8.6920428E-01 -1.2336240E+00 -7.5659052E-01
-9.2103161E-01 1.3478501E-01 -1.0551088E+00 -7.8630263E-01 -1.1841075E+00 -6.5663971E-01
-8.6847659E-01 1.5339454E-01 -1.0224622E+00 -7.1529420E-01 -1.1595105E+00 -5.6053805E-01
-8.4262292E-01 1.6856819E-01 -1.0114639E+00 -6.7574173E-01 -1.1676742E+00 -5.0676347E-01
-8.4830964E-01 1.7850449E-01 -1.0258488E+00 -6.7196115E-01 -1.2002112E+00 -5.0267230E-01
-8.8104672E-01 1.8450691E-01 -1.0631688E+00 -6.9927395E-01 -1.2477601E+00 -5.2233327E-01
-9.2962994E-01 1.9072906E-01 -1.1176510E+00 -7.4179775E-01 -1.3073239E+00 -5.5255827E-01
-9.8128612E-01 1.9882038E-01 -1.1817713E+00 -7.8641380E-01 -1.3663984E+00 -5.8883693E-01
-1.0223411E+00 2.0962745E-01 -1.2348727E+00 -8.1764463E-01 -1.4295342E+00 -6.0763675E-01
-1.0439625E+00 2.1908501E-01 -1.2617807E+00 -8.2402908E-01 -1.4691176E+00 -6.1527535E-01
-1.0435797E+00 2.2688471E-01 -1.2697423E+00 -8.1528359E-01 -1.4903005E+00 -6.0176255E-01
-1.0234262E+00 2.3787665E-01 -1.2649258E+00 -7.8438907E-01 -1.4943332E+00 -5.6563194E-01
-9.9029613E-01 2.5135590E-01 -1.2300148E+00 -7.2123324E-01 -1.4940819E+00 -5.1664207E-01
-9.5105284E-01 2.6782514E-01 -1.1999492E+00 -6.6499550E-01 -1.4979837E+00 -4.4512241E-01
-9.1109464E-01 2.7830533E-01 -1.1659578E+00 -6.1407350E-01 -1.4713912E+00 -3.8244846E-01
-8.7842639E-01 2.8006052E-01 -1.1395544E+00 -5.8520681E-01 -1.4401579E+00 -3.4072206E-01
-8.5961625E-01 2.7596431E-01 -1.1321300E+00 -5.8785602E-01 -1.4129602E+00 -3.2252446E-01
-8.5480274E-01 2.7233403E-01 -1.1196669E+00 -5.8409378E-01 -1.4048238E+00 -3.2333937E-01
-8.6577672E-01 2.8153713E-01 -1.1301675E+00 -5.7410343E-01 -1.4415895E+00 -3.2137404E-01
-8.9003183E-01 3.1882235E-01 -1.1714623E+00 -5.4323346E-01 -1.5585859E+00 -3.0680583E-01
-9.2189226E-01 3.8622893E-01 -1.2374187E+00 -4.8011668E-01 -1.7539302E+00 -2.4232544E-01
-9.5631299E-01 4.7363241E-01 -1.3273828E+00 -3.9528465E-01 -1.9194012E+00 -1.1001675E-01
-9.8525856E-01 5.6784707E-01 -1.4339383E+00 -3.0329619E-01 -2.1127955E+00 2.8697679E-02
-1.0081264E+00 6.5322199E-01 -1.5398587E+00 -2.3591860E-01 -2.2840411E+00 1.8886232E-01
-1.0212752E+00 6.9868431E-01 -1.5984952E+00 -2.0220773E-01 -2.3724928E+00 2.8039718E-01
-1.0299674E+00 7.3046653E-01 -1.6369638E+00 -1.7576072E-01 -2.4337574E+00 3.4509679E-01
