-1.0621074E+00 2.4187974E-01 -1.2964856E+00 -8.2115049E-01 -1.5502019E+00 -5.8845153E-01
-1.0657656E+00 2.0989146E-01 -1.2723767E+00 -8.5745024E-01 -1.4881281E+00 -6.5530105E-01
-1.0746228E+00 1.7377478E-01 -1.2467550E+00 -9.0362503E-01 -1.4188045E+00 -7.3333272E-01
-1.0956001E+00 1.3165555E-01 -1.2272035E+00 -9.6461857E-01 -1.3560152E+00 -8.3799793E-01
-1.1231889E+00 1.2021714E-01 -1.2427772E+00 -1.0019429E+00 -1.3613386E+00 -8.9325067E-01
-1.1502839E+00 1.3507597E-01 -1.2847045E+00 -1.0158189E+00 -1.4195289E+00 -8.8823165E-01
-1.1652658E+00 1.5535539E-01 -1.3228034E+00 -1.0101095E+00 -1.4672626E+00 -8.6522621E-01
-1.1632635E+00 1.7042739E-01 -1.3334968E+00 -9.9123203E-01 -1.4976574E+00 -8.3641428E-01
-1.1456879E+00 1.7950387E-01 -1.3239607E+00 -9.6537573E-01 -1.4958599E+00 -7.9820787E-01
-1.1177034E+00 1.8482783E-01 -1.3010826E+00 -9.3356995E-01 -1.4841693E+00 -7.5839536E-01
-1.0828980E+00 1.9053696E-01 -1.2702902E+00 -8.9406973E-01 -1.4694588E+00 -7.1405780E-01
-1.0473203E+00 1.9959166E-01 -1.2435143E+00 -8.5195548E-01 -1.4496835E+00 -6.6249182E-01
-1.0118520E+00 2.1546761E-01 -1.2226467E+00 -8.0073573E-01 -1.4392450E+00 -5.9410128E-01
-9.7667758E-01 2.3506545E-01 -1.2031746E+00 -7.4588487E-01 -1.4516890E+00 -5.2112255E-01
-9.4554725E-01 2.5942414E-01 -1.2004168E+00 -6.8543575E-01 -1.4719092E+00 -4.5955091E-01
-9.2122668E-01 2.8237008E-01 -1.1812840E+00 -6.1536684E-01 -1.4938446E+00 -3.9595760E-01
-9.0906056E-01 2.9468603E-01 -1.1837474E+00 -5.8494953E-01 -1.4948215E+00 -3.6307956E-01
-9.0902698E-01 2.9401229E-01 -1.2066915E+00 -6.1137251E-01 -1.4932621E+00 -3.5483277E-01
-9.1878825E-01 2.8631703E-01 -1.2034415E+00 -6.3337362E-01 -1.5027634E+00 -3.7272750E-01
-9.3586103E-01 2.7679976E-01 -1.2117932E+00 -6.5985399E-01 -1.4927311E+00 -4.0928334E-01
-9.5317309E-01 2.7223834E-01 -1.2259948E+00 -6.8082133E-01 -1.4892623E+00 -4.2970406E-01
-9.6469990E-01 2.8669516E-01 -1.2519594E+00 -6.7686260E-01 -1.5191505E+00 -4.1227457E-01
-9.6857144E-01 3.2764323E-01 -1.2687130E+00 -6.2858262E-01 -1.6445251E+00 -3.5365500E-01
-9.6475924E-01 3.9268152E-01 -1.3043424E+00 -5.5101146E-01 -1.7607000E+00 -2.1237035E-01
-9.5509916E-01 4.7923353E-01 -1.3460292E+00 -4.2291814E-01 -1.8990905E+00 -5.6115633E-02
-9.4260058E-01 5.7566556E-01 -1.3781026E+00 -2.6267189E-01 -2.0675017E+00 1.0091989E-01
-9.2999725E-01 6.6421944E-01 -1.4110277E+00 -1.1646509E-01 -2.2317978E+00 2.3890278E-01
-9.1909230E-01 7.3696359E-01 -1.4484232E+00 4.3533689E-03 -2.3387285E+00 3.5924312E-01
-9.1323552E-01 7.7547542E-01 -1.4690228E+00 6.8727447E-02 -2.3722468E+00 4.3910409E-01
-9.1061393E-01 8.0077521E-01 -1.4949760E+00 9.5974306E-02 -2.3702161E+00 5.0000000E-01
