-1.0835441E+00 2.4184959E-01 -1.3234644E+00 -8.4261679E-01 -1.5506947E+00 -5.9970483E-01
-1.0850873E+00 2.0923278E-01 -1.2940777E+00 -8.7651751E-01 -1.4916308E+00 -6.6711696E-01
-1.0865013E+00 1.7407027E-01 -1.2608757E+00 -9.1317990E-01 -1.4226122E+00 -7.4027112E-01
-1.0846027E+00 1.3438580E-01 -1.2185017E+00 -9.5110821E-01 -1.3460200E+00 -8.1989709E-01
-1.0737201E+00 1.2281301E-01 -1.1960018E+00 -9.5192095E-01 -1.3120856E+00 -8.3068844E-01
-1.0526702E+00 1.3783385E-01 -1.1913620E+00 -9.1287943E-01 -1.3156487E+00 -7.8348656E-01
-1.0226637E+00 1.5791285E-01 -1.1812020E+00 -8.6188795E-01 -1.3237713E+00 -7.1527548E-01
-9.8571261E-01 1.7059873E-01 -1.1559228E+00 -8.1296406E-01 -1.3130157E+00 -6.4919351E-01
-9.4575392E-01 1.7494873E-01 -1.1211503E+00 -7.6863634E-01 -1.2850931E+00 -6.0481929E-01
-9.1029124E-01 1.7755574E-01 -1.0876424E+00 -7.3042162E-01 -1.2610700E+00 -5.6969358E-01
-8.8492563E-01 1.8206995E-01 -1.0653335E+00 -7.0497548E-01 -1.2508717E+00 -5.3284921E-01
-8.7295940E-01 1.9241877E-01 -1.0535774E+00 -6.7195078E-01 -1.2596348E+00 -5.0409387E-01
-8.7563367E-01 2.0749237E-01 -1.0716966E+00 -6.5938976E-01 -1.2995824E+00 -4.8532445E-01
-8.9011912E-01 2.2396105E-01 -1.0964080E+00 -6.5417951E-01 -1.3498141E+00 -4.6778273E-01
-9.2004441E-01 2.4004321E-01 -1.1454136E+00 -6.6955978E-01 -1.4040212E+00 -4.6260771E-01
-9.6834952E-01 2.5566050E-01 -1.2234813E+00 -7.1236924E-01 -1.4816550E+00 -4.8246409E-01
-1.0356901E+00 2.6886386E-01 -1.2875658E+00 -7.5742003E-01 -1.5892437E+00 -5.2754622E-01
-1.1222837E+00 2.7667177E-01 -1.3758620E+00 -8.3770920E-01 -1.7099894E+00 -6.0101836E-01
-1.2216963E+00 2.8228993E-01 -1.4978913E+00 -9.4376675E-01 -1.8103474E+00 -6.8328494E-01
-1.3245782E+00 2.9615793E-01 -1.6199258E+00 -1.0265828E+00 -1.9212785E+00 -7.6298168E-01
-1.4229047E+00 3.2946098E-01 -1.7249716E+00 -1.0728226E+00 -2.0720155E+00 -7.8852864E-01
-1.5115360E+00 3.8612240E-01 -1.8177330E+00 -1.0823158E+00 -2.3078899E+00 -8.0196788E-01
-1.5853897E+00 4.6664520E-01 -1.9160367E+00 -1.0281025E+00 -2.5582607E+00 -7.8328300E-01
-1.6430199E+00 5.6627349E-01 -2.0289939E+00 -9.2687708E-01 -2.7913209E+00 -6.9401902E-01
-1.6856091E+00 6.7520745E-01 -2.1723505E+00 -8.1464266E-01 -3.0223069E+00 -5.4446686E-01
-1.7144804E+00 7.8452664E-01 -2.3223454E+00 -7.0864428E-01 -3.2716056E+00 -3.9092434E-01
-1.7327030E+00 8.8118232E-01 -2.4494657E+00 -6.0893602E-01 -3.4864479E+00 -2.4634040E-01
-1.7425027E+00 9.6017979E-01 -2.5583436E+00 -5.2677974E-01 -3.6180190E+00 -9.0493458E-02
-1.7448916E+00 1.0016085E+00 -2.6164562E+00 -4.8373498E-01 -3.7369144E+00 -7.0512303E-02
-1.7466537E+00 1.0306273E+00 -2.6724881E+00 -4.6843836E-01 -3.7862988E+00 7.8669972E-04
