-1.1591153E+00 2.3868109E-01 -1.3926664E+00 -9.2052134E-01 -1.6233221E+00 -6.8886545E-01
-1.1640140E+00 2.0752663E-01 -1.3673034E+00 -9.5861708E-01 -1.5740876E+00 -7.5946953E-01
-1.1695944E+00 1.7199584E-01 -1.3380043E+00 -1.0004741E+00 -1.5155884E+00 -8.3737778E-01
-1.1767230E+00 1.2928755E-01 -1.3036998E+00 -1.0485293E+00 -1.4395985E+00 -9.2869090E-01
-1.1796454E+00 1.1717735E-01 -1.2952964E+00 -1.0630123E+00 -1.4094854E+00 -9.4763662E-01
-1.1720144E+00 1.3328859E-01 -1.3027406E+00 -1.0405204E+00 -1.4330541E+00 -9.0444817E-01
-1.1477673E+00 1.5378506E-01 -1.3016100E+00 -9.9310071E-01 -1.4486500E+00 -8.4907049E-01
-1.1086115E+00 1.6692946E-01 -1.2764975E+00 -9.4017419E-01 -1.4346250E+00 -7.8833407E-01
-1.0592721E+00 1.7320694E-01 -1.2295051E+00 -8.8413551E-01 -1.3987015E+00 -7.2166760E-01
-1.0060776E+00 1.7863128E-01 -1.1816824E+00 -8.2815955E-01 -1.3591514E+00 -6.5663497E-01
-9.5740252E-01 1.8426397E-01 -1.1410075E+00 -7.7497657E-01 -1.3221361E+00 -5.9761403E-01
-9.2201353E-01 1.9079709E-01 -1.1114335E+00 -7.3136517E-01 -1.2991910E+00 -5.5133059E-01
-9.0406377E-01 2.0254136E-01 -1.1016039E+00 -7.0126819E-01 -1.3128209E+00 -5.1104951E-01
-8.9979326E-01 2.2075964E-01 -1.1187312E+00 -6.7732938E-01 -1.3327967E+00 -4.6663950E-01
-9.0432644E-01 2.4179004E-01 -1.1443601E+00 -6.6404005E-01 -1.3804039E+00 -4.3101607E-01
-9.1220574E-01 2.6082884E-01 -1.1686166E+00 -6.5442087E-01 -1.4285462E+00 -3.9639655E-01
-9.1867938E-01 2.7297384E-01 -1.1896150E+00 -6.4455379E-01 -1.4659649E+00 -3.8652341E-01
-9.2293240E-01 2.7814400E-01 -1.2000069E+00 -6.4434941E-01 -1.4734805E+00 -3.8369127E-01
-9.2866229E-01 2.7647117E-01 -1.1906673E+00 -6.4126351E-01 -1.4771197E+00 -3.8955874E-01
-9.3800149E-01 2.7293603E-01 -1.2116972E+00 -6.6860737E-01 -1.4783950E+00 -4.0192472E-01
-9.5332729E-01 2.7569291E-01 -1.2247859E+00 -6.8068847E-01 -1.5016426E+00 -4.1754573E-01
-9.7853175E-01 2.9370797E-01 -1.2473966E+00 -6.7489589E-01 -1.5905578E+00 -4.2204277E-01
-1.0126437E+00 3.3239975E-01 -1.2969743E+00 -6.4775774E-01 -1.6796657E+00 -3.7938315E-01
-1.0542336E+00 3.9461570E-01 -1.3631580E+00 -5.9617079E-01 -1.8641405E+00 -3.4055858E-01
-1.0990721E+00 4.7680165E-01 -1.4509915E+00 -5.3242889E-01 -2.0765303E+00 -2.5422118E-01
-1.1426262E+00 5.6937769E-01 -1.5501639E+00 -4.5017617E-01 -2.2989890E+00 -1.3386802E-01
-1.1810714E+00 6.6081881E-01 -1.6587462E+00 -3.8315039E-01 -2.5231201E+00 -8.0756954E-03
-1.2109727E+00 7.4044663E-01 -1.7623315E+00 -3.2481524E-01 -2.7069642E+00 1.1491983E-01
-1.2261608E+00 7.8281585E-01 -1.8167029E+00 -2.8944080E-01 -2.8010423E+00 1.8655814E-01
-1.2344610E+00 8.1340807E-01 -1.8486060E+00 -2.5934866E-01 -2.8800828E+00 2.3955473E-01
