-1.1814376E+00 2.4091047E-01 -1.4192576E+00 -9.4327346E-01 -1.6521512E+00 -7.0401237E-01
-1.1620498E+00 2.1073388E-01 -1.3708037E+00 -9.5435119E-01 -1.5753020E+00 -7.4919923E-01
-1.1289823E+00 1.7623220E-01 -1.3047778E+00 -9.5495777E-01 -1.4772610E+00 -7.8493225E-01
-1.0606511E+00 1.3520808E-01 -1.1953043E+00 -9.2592134E-01 -1.3243153E+00 -7.9485737E-01
-9.7551423E-01 1.2091578E-01 -1.0961591E+00 -8.5475032E-01 -1.2081914E+00 -7.3465382E-01
-8.8760208E-01 1.3313435E-01 -1.0191749E+00 -7.5608538E-01 -1.1432006E+00 -6.2006695E-01
-8.1299646E-01 1.5047590E-01 -9.6235543E-01 -6.6636076E-01 -1.1097924E+00 -5.1316070E-01
-7.6482173E-01 1.6585751E-01 -9.2819206E-01 -5.9900151E-01 -1.0948260E+00 -4.4187683E-01
-7.5343712E-01 1.7658571E-01 -9.3156288E-01 -5.7549541E-01 -1.1027840E+00 -4.1630416E-01
-7.7770599E-01 1.8251942E-01 -9.6058213E-01 -5.9658105E-01 -1.1326552E+00 -4.2041591E-01
-8.3340497E-01 1.8782685E-01 -1.0180933E+00 -6.4732140E-01 -1.1940458E+00 -4.5482347E-01
-9.1234174E-01 1.9354978E-01 -1.1021739E+00 -7.1898361E-01 -1.2850653E+00 -5.2937724E-01
-9.9891703E-01 2.0330598E-01 -1.2014672E+00 -7.9400188E-01 -1.4078485E+00 -6.1489197E-01
-1.0773959E+00 2.2152253E-01 -1.2782799E+00 -8.3920168E-01 -1.5287043E+00 -6.6061126E-01
-1.1367290E+00 2.4633351E-01 -1.3685729E+00 -8.8540312E-01 -1.6377180E+00 -6.6637618E-01
-1.1708575E+00 2.6810407E-01 -1.4370703E+00 -9.1047007E-01 -1.7107748E+00 -6.5398230E-01
-1.1791715E+00 2.8175699E-01 -1.4570087E+00 -9.0482956E-01 -1.7603264E+00 -6.3271222E-01
-1.1655380E+00 2.8874734E-01 -1.4351836E+00 -8.7353325E-01 -1.7502259E+00 -6.0955199E-01
-1.1319482E+00 2.8859845E-01 -1.4146374E+00 -8.4761062E-01 -1.6980306E+00 -5.8153189E-01
-1.0823252E+00 2.8337463E-01 -1.3608688E+00 -8.0242555E-01 -1.6284281E+00 -5.3508296E-01
-1.0220966E+00 2.7893784E-01 -1.2994925E+00 -7.4454593E-01 -1.5564764E+00 -4.7363078E-01
-9.5766581E-01 2.8144939E-01 -1.2380275E+00 -6.7658259E-01 -1.5105971E+00 -4.0917030E-01
-8.9549735E-01 3.0214985E-01 -1.1773913E+00 -5.8451462E-01 -1.5139011E+00 -3.2708210E-01
-8.3824474E-01 3.4524042E-01 -1.1088996E+00 -4.6232555E-01 -1.5606374E+00 -1.8784252E-01
-7.8529341E-01 4.0830953E-01 -1.0694070E+00 -3.2716848E-01 -1.6527436E+00 -4.8830084E-02
-7.3776597E-01 4.8379127E-01 -1.0451040E+00 -1.6855052E-01 -1.7443041E+00 9.5313094E-02
-7.0049834E-01 5.6311048E-01 -1.0464155E+00 -8.4086495E-03 -1.8320050E+00 2.4091118E-01
-6.7293892E-01 6.3660012E-01 -1.0532464E+00 1.4230687E-01 -1.9065379E+00 3.7948965E-01
-6.5907906E-01 6.7734960E-01 -1.0673702E+00 2.2473137E-01 -1.9324354E+00 4.6028229E-01
-6.5144657E-01 7.0551983E-01 -1.1037362E+00 2.5934041E-01 -1.9411493E+00 5.0000000E-01
