-1.0299326E+00 2.3416627E-01 -1.2635566E+00 -7.9393164E-01 -1.4768724E+00 -5.6633803E-01
-9.9949965E-01 2.0184933E-01 -1.2004244E+00 -7.9576369E-01 -1.3851341E+00 -5.9907511E-01
-9.5603259E-01 1.6887482E-01 -1.1242726E+00 -7.8850904E-01 -1.2832100E+00 -6.2004743E-01
-8.8468997E-01 1.3263643E-01 -1.0148282E+00 -7.5444369E-01 -1.1480939E+00 -6.1975670E-01
-8.1885477E-01 1.2155662E-01 -9.3900481E-01 -6.9713584E-01 -1.0586528E+00 -5.8114254E-01
-7.7801779E-01 1.3371949E-01 -9.1126257E-01 -6.4380077E-01 -1.0424917E+00 -5.1977664E-01
-7.8110725E-01 1.5142295E-01 -9.3156997E-01 -6.3000333E-01 -1.0780076E+00 -4.8338518E-01
-8.3081080E-01 1.6440574E-01 -9.9472657E-01 -6.6745846E-01 -1.1491805E+00 -5.0573089E-01
-9.1624902E-01 1.7366677E-01 -1.0900131E+00 -7.4241087E-01 -1.2532075E+00 -5.7703190E-01
-1.0203157E+00 1.8080325E-01 -1.2016219E+00 -8.3783665E-01 -1.3690829E+00 -6.6832056E-01
-1.1232217E+00 1.8988598E-01 -1.3140560E+00 -9.3304901E-01 -1.4947341E+00 -7.5115486E-01
-1.2089225E+00 1.9969686E-01 -1.4091032E+00 -1.0091526E+00 -1.5970262E+00 -8.1925845E-01
-1.2674701E+00 2.0974449E-01 -1.4748285E+00 -1.0596546E+00 -1.6784679E+00 -8.5578200E-01
-1.2918295E+00 2.2234397E-01 -1.5081901E+00 -1.0720198E+00 -1.7373268E+00 -8.6607980E-01
-1.2793906E+00 2.3828073E-01 -1.5143650E+00 -1.0434665E+00 -1.7564140E+00 -8.2143068E-01
-1.2334943E+00 2.5468961E-01 -1.4883685E+00 -9.7628385E-01 -1.7361037E+00 -7.4521512E-01
-1.1635862E+00 2.6949202E-01 -1.4356489E+00 -8.8752550E-01 -1.6893652E+00 -6.4342765E-01
-1.0770683E+00 2.8094063E-01 -1.3639323E+00 -7.8877887E-01 -1.6230511E+00 -5.3626561E-01
-9.8171567E-01 2.8889737E-01 -1.2771056E+00 -6.8443233E-01 -1.5410271E+00 -4.3004168E-01
-8.8594682E-01 2.8866500E-01 -1.1772117E+00 -5.9275679E-01 -1.4528360E+00 -3.3207457E-01
-7.9376179E-01 2.8003002E-01 -1.0748779E+00 -5.1581491E-01 -1.3458289E+00 -2.4962588E-01
-7.1296691E-01 2.7326461E-01 -9.8747456E-01 -4.4217393E-01 -1.2537284E+00 -1.8747919E-01
-6.4743070E-01 2.8159705E-01 -9.1443621E-01 -3.5704487E-01 -1.2190604E+00 -1.1932755E-01
-5.9766686E-01 3.1015323E-01 -8.7899268E-01 -2.6810228E-01 -1.2406416E+00 -2.3337194E-02
-5.6520977E-01 3.5670796E-01 -8.7027127E-01 -1.6916046E-01 -1.2892497E+00 1.0274451E-01
-5.4588391E-01 4.1668592E-01 -8.6126097E-01 -5.3372199E-02 -1.4033731E+00 2.0392063E-01
-5.3527330E-01 4.8061994E-01 -8.7805878E-01 4.5668306E-02 -1.5140697E+00 3.0834552E-01
-5.3103566E-01 5.4140869E-01 -8.9689114E-01 1.4855216E-01 -1.6041817E+00 3.9505672E-01
-5.2944208E-01 5.7743418E-01 -9.2286666E-01 1.9641419E-01 -1.6468255E+00 4.5041330E-01
-5.2882249E-01 6.0394356E-01 -9.5100874E-01 2.2104929E-01 -1.6571581E+00 5.0000000E-01
