-8.5250224E-01 2.2980747E-01 -1.0815216E+00 -6.2776909E-01 -1.3033679E+00 -3.9559891E-01
-8.5862377E-01 2.0028254E-01 -1.0572785E+00 -6.6073378E-01 -1.2530578E+00 -4.6448151E-01
-8.7063623E-01 1.6684713E-01 -1.0346012E+00 -7.0575203E-01 -1.1999603E+00 -5.4284419E-01
-8.9757438E-01 1.3008594E-01 -1.0264944E+00 -7.6980435E-01 -1.1572352E+00 -6.4199253E-01
-9.3570921E-01 1.1926266E-01 -1.0534440E+00 -8.1795426E-01 -1.1719937E+00 -7.0671193E-01
-9.8530327E-01 1.2895386E-01 -1.1117241E+00 -8.6009524E-01 -1.2420032E+00 -7.3308553E-01
-1.0393840E+00 1.4503303E-01 -1.1819814E+00 -8.9797492E-01 -1.3266663E+00 -7.5473065E-01
-1.0908793E+00 1.5860785E-01 -1.2463785E+00 -9.3594936E-01 -1.4029125E+00 -7.7815668E-01
-1.1318361E+00 1.6810400E-01 -1.2972000E+00 -9.6622271E-01 -1.4664003E+00 -8.0405991E-01
-1.1573726E+00 1.7655500E-01 -1.3330379E+00 -9.7956001E-01 -1.5053620E+00 -8.1558403E-01
-1.1676002E+00 1.8590387E-01 -1.3509606E+00 -9.7875784E-01 -1.5372462E+00 -8.0859334E-01
-1.1628051E+00 1.9960998E-01 -1.3583961E+00 -9.6531016E-01 -1.5600247E+00 -7.7178782E-01
-1.1501485E+00 2.1524504E-01 -1.3599326E+00 -9.3774305E-01 -1.5847475E+00 -7.3267886E-01
-1.1371714E+00 2.3161716E-01 -1.3648478E+00 -9.0966081E-01 -1.6102211E+00 -6.9089064E-01
-1.1271466E+00 2.4842535E-01 -1.3579032E+00 -8.6687367E-01 -1.6318913E+00 -6.5581991E-01
-1.1210149E+00 2.6703905E-01 -1.3858557E+00 -8.5535363E-01 -1.6658686E+00 -6.1318204E-01
-1.1181619E+00 2.8517803E-01 -1.4005240E+00 -8.3849611E-01 -1.6892168E+00 -5.7564593E-01
-1.1176442E+00 2.9825010E-01 -1.4093970E+00 -8.2502531E-01 -1.7209761E+00 -5.5111988E-01
-1.1174177E+00 3.0298142E-01 -1.4092222E+00 -8.2147459E-01 -1.7331647E+00 -5.5030349E-01
-1.1170870E+00 3.0019984E-01 -1.3876589E+00 -7.9989404E-01 -1.7117150E+00 -5.5493369E-01
-1.1145251E+00 3.0258731E-01 -1.3994796E+00 -8.0330989E-01 -1.7133942E+00 -5.3420016E-01
-1.1097967E+00 3.2365149E-01 -1.4246461E+00 -7.9309794E-01 -1.7698555E+00 -4.8243423E-01
-1.1059719E+00 3.7200561E-01 -1.4328538E+00 -7.1573896E-01 -1.8361985E+00 -3.7533654E-01
-1.1055114E+00 4.4468333E-01 -1.4493821E+00 -6.0314473E-01 -2.0061055E+00 -2.8455723E-01
-1.1106415E+00 5.3277169E-01 -1.4898116E+00 -4.8897166E-01 -2.2172546E+00 -1.5019391E-01
-1.1196711E+00 6.2831111E-01 -1.5607237E+00 -3.7582189E-01 -2.4251890E+00 -4.7013700E-03
-1.1285361E+00 7.2057345E-01 -1.6442166E+00 -2.6196736E-01 -2.5999274E+00 1.3883901E-01
-1.1372818E+00 8.0012652E-01 -1.7253719E+00 -1.6500529E-01 -2.7338207E+00 2.7456084E-01
-1.1412697E+00 8.4307442E-01 -1.7768296E+00 -1.1632550E-01 -2.7799997E+00 3.6945907E-01
-1.1422676E+00 8.7343075E-01 -1.8187553E+00 -8.8101931E-02 -2.7617704E+00 4.8773137E-01
