-1.4292932E+00 3.3075451E-01 -1.7548573E+00 -1.1011154E+00 -2.0859124E+00 -7.8556098E-01
-1.3214367E+00 2.2484713E-01 -1.5442992E+00 -1.0960689E+00 -1.7633157E+00 -8.8329152E-01
-1.1127979E+00 1.4605571E-01 -1.2571572E+00 -9.6833353E-01 -1.4026108E+00 -8.2757644E-01
-9.3637254E-01 1.8443039E-01 -1.1215122E+00 -7.5182650E-01 -1.2986151E+00 -5.7807478E-01
-8.8980302E-01 1.9057644E-01 -1.0804712E+00 -6.9843317E-01 -1.2712814E+00 -5.2849694E-01
-9.6785624E-01 1.8435143E-01 -1.1542126E+00 -7.8349295E-01 -1.3301718E+00 -6.1193085E-01
-1.0871649E+00 1.9785176E-01 -1.2833618E+00 -8.8782264E-01 -1.4770786E+00 -7.0660795E-01
-1.1666107E+00 2.1548940E-01 -1.3796970E+00 -9.5169295E-01 -1.5961782E+00 -7.4861793E-01
-1.1710385E+00 2.2813963E-01 -1.3971809E+00 -9.4271144E-01 -1.6237511E+00 -7.3227790E-01
-1.1060716E+00 2.4434672E-01 -1.3366369E+00 -8.5469270E-01 -1.5970176E+00 -6.3713586E-01
-1.0115163E+00 2.7378635E-01 -1.2667478E+00 -7.2655132E-01 -1.5695497E+00 -4.9275757E-01
-9.5810972E-01 3.0265315E-01 -1.2342496E+00 -6.4142423E-01 -1.5853599E+00 -3.9077680E-01
-9.8663862E-01 3.3369776E-01 -1.2883273E+00 -6.3032279E-01 -1.6757886E+00 -3.7038837E-01
-1.0811614E+00 3.6969584E-01 -1.4081637E+00 -6.9387276E-01 -1.8147879E+00 -3.6575929E-01
-1.1833322E+00 4.1788840E-01 -1.5268201E+00 -7.3685047E-01 -2.0237959E+00 -3.8281121E-01
-1.2424794E+00 4.9359165E-01 -1.6195016E+00 -6.9524196E-01 -2.2705041E+00 -3.2479108E-01
-1.2469009E+00 6.1281406E-01 -1.7313247E+00 -5.5110505E-01 -2.5283466E+00 -1.2373577E-01
-1.2218025E+00 7.7186811E-01 -1.8303225E+00 -2.5826041E-01 -2.7630460E+00 1.2987624E-01
-1.1968753E+00 9.2924454E-01 -1.8164073E+00 1.3078448E-01 -2.9654827E+00 3.4093895E-01
-1.1871400E+00 1.0146330E+00 -1.8166965E+00 3.2917849E-01 -3.5000000E+00 5.0000000E-01
