-1.1291565E+00 3.2197938E-01 -1.4473946E+00 -8.0593090E-01 -1.7689842E+00 -5.0949934E-01
-1.0721320E+00 2.1827118E-01 -1.2874392E+00 -8.5311098E-01 -1.5069310E+00 -6.4796784E-01
-9.7094254E-01 1.4418286E-01 -1.1146083E+00 -8.2883133E-01 -1.2518823E+00 -6.8602272E-01
-9.0448457E-01 1.8568653E-01 -1.0908831E+00 -7.1934481E-01 -1.2670654E+00 -5.3886112E-01
-9.2695806E-01 1.9261116E-01 -1.1194405E+00 -7.3562301E-01 -1.3046792E+00 -5.4894918E-01
-1.0271774E+00 1.8643009E-01 -1.2135343E+00 -8.4314305E-01 -1.3979134E+00 -6.6651627E-01
-1.1467313E+00 2.0306072E-01 -1.3475089E+00 -9.4260561E-01 -1.5489375E+00 -7.5469314E-01
-1.2159843E+00 2.1826492E-01 -1.4343250E+00 -9.9942451E-01 -1.6572486E+00 -7.9978431E-01
-1.1940122E+00 2.2051850E-01 -1.4112257E+00 -9.7218149E-01 -1.6348066E+00 -7.7230556E-01
-1.0773693E+00 2.3768244E-01 -1.3118138E+00 -8.3925638E-01 -1.5448843E+00 -6.2009273E-01
-9.2139831E-01 2.5773516E-01 -1.1632454E+00 -6.5739825E-01 -1.4503142E+00 -4.3201002E-01
-8.0970801E-01 2.8431022E-01 -1.0679793E+00 -5.1259541E-01 -1.4009655E+00 -2.7818886E-01
-8.0104839E-01 3.2693980E-01 -1.1005295E+00 -4.5349253E-01 -1.4434502E+00 -1.7908422E-01
-9.1678976E-01 3.6670508E-01 -1.2400147E+00 -5.2424607E-01 -1.6456333E+00 -2.1473869E-01
-1.1217074E+00 4.0141789E-01 -1.4772338E+00 -6.9960361E-01 -1.9098457E+00 -3.5147128E-01
-1.3494962E+00 4.5340078E-01 -1.7299499E+00 -8.6090613E-01 -2.2666978E+00 -4.8973415E-01
-1.5433616E+00 5.5537253E-01 -2.0400054E+00 -9.3300458E-01 -2.6929400E+00 -5.2360621E-01
-1.6797854E+00 7.1778008E-01 -2.4767645E+00 -9.6080600E-01 -2.9978808E+00 -2.9989289E-01
-1.7538608E+00 8.9030290E-01 -2.9210789E+00 -9.9592488E-01 -3.3059422E+00 -1.0201900E-01
-1.7762260E+00 9.8370111E-01 -3.0974410E+00 -9.5612242E-01 -3.5000000E+00 5.0000000E-01
