-8.3230935E-01 3.2127547E-01 -1.1532633E+00 -5.1410689E-01 -1.4689742E+00 -2.0992930E-01
-9.0750548E-01 2.1589614E-01 -1.1260339E+00 -6.9208814E-01 -1.3292147E+00 -4.8620738E-01
-1.0124354E+00 1.4159027E-01 -1.1527236E+00 -8.7277332E-01 -1.2976087E+00 -7.3922036E-01
-1.0626254E+00 1.8055079E-01 -1.2408995E+00 -8.8410178E-01 -1.4206148E+00 -7.1106810E-01
-1.0488287E+00 1.8800544E-01 -1.2366347E+00 -8.6240480E-01 -1.4214464E+00 -6.8431915E-01
-1.0195442E+00 1.8929471E-01 -1.2092164E+00 -8.3027301E-01 -1.3920498E+00 -6.5310957E-01
-1.0253500E+00 2.0326403E-01 -1.2254854E+00 -8.2202298E-01 -1.4255648E+00 -6.2699832E-01
-1.0767326E+00 2.1499244E-01 -1.2923390E+00 -8.6315389E-01 -1.5062445E+00 -6.6361734E-01
-1.1308918E+00 2.2359550E-01 -1.3501234E+00 -9.0647693E-01 -1.5772983E+00 -7.0730136E-01
-1.1573933E+00 2.5093703E-01 -1.3875058E+00 -8.9325910E-01 -1.6740169E+00 -6.8407839E-01
-1.1508928E+00 2.7873231E-01 -1.4038048E+00 -8.6361791E-01 -1.7298781E+00 -6.2372901E-01
-1.1176129E+00 3.0745387E-01 -1.3848826E+00 -7.9214211E-01 -1.7632451E+00 -5.4802106E-01
-1.0687003E+00 3.5328448E-01 -1.3539731E+00 -6.8451215E-01 -1.7686592E+00 -4.0445528E-01
-1.0177517E+00 3.9977196E-01 -1.3397839E+00 -6.0321072E-01 -1.8015794E+00 -2.5193979E-01
-9.8797621E-01 4.3921354E-01 -1.3093320E+00 -5.3060003E-01 -1.8699295E+00 -1.4928631E-01
-1.0010944E+00 4.9316588E-01 -1.3441513E+00 -4.7506216E-01 -2.0096466E+00 -7.7942009E-02
-1.0599186E+00 5.9541483E-01 -1.5107724E+00 -3.9625511E-01 -2.2874719E+00 4.3936811E-02
-1.1455821E+00 7.5824291E-01 -1.7349210E+00 -1.8282357E-01 -2.6257562E+00 1.8638116E-01
-1.2224307E+00 9.3834230E-01 -1.8953533E+00 1.0903624E-01 -2.9735827E+00 3.3222373E-01
-1.2532929E+00 1.0399845E+00 -1.9946219E+00 2.6485264E-01 -3.5000000E+00 5.0000000E-01
