-1.1992962E+00 3.2574404E-01 -1.5265897E+00 -8.7506232E-01 -1.8357703E+00 -5.6250904E-01
-1.0503073E+00 2.2058502E-01 -1.2727257E+00 -8.3177078E-01 -1.4830076E+00 -6.2125590E-01
-8.4022502E-01 1.4415216E-01 -9.8325256E-01 -6.9882117E-01 -1.1255571E+00 -5.5932779E-01
-7.8565302E-01 1.7721850E-01 -9.6264155E-01 -6.1050199E-01 -1.1354079E+00 -4.4035847E-01
-9.3590657E-01 1.9319054E-01 -1.1268998E+00 -7.4480285E-01 -1.3224125E+00 -5.5964782E-01
-1.1635897E+00 1.8925654E-01 -1.3514202E+00 -9.7518648E-01 -1.5375594E+00 -7.9856560E-01
-1.2937846E+00 1.9840675E-01 -1.4895214E+00 -1.0999319E+00 -1.6949264E+00 -9.0929941E-01
-1.2511550E+00 2.1471470E-01 -1.4645469E+00 -1.0374790E+00 -1.6738473E+00 -8.2973574E-01
-1.0966162E+00 2.2468493E-01 -1.3204285E+00 -8.7148928E-01 -1.5407862E+00 -6.6419124E-01
-9.4119838E-01 2.4446168E-01 -1.1741764E+00 -6.8869415E-01 -1.4348458E+00 -4.7347522E-01
-8.6709544E-01 2.6832173E-01 -1.1164009E+00 -5.8969929E-01 -1.4175647E+00 -3.5978988E-01
-8.9722684E-01 2.9324047E-01 -1.1644786E+00 -5.9408574E-01 -1.4702568E+00 -3.2481628E-01
-9.9749845E-01 3.3657305E-01 -1.2928726E+00 -6.4257659E-01 -1.6646342E+00 -3.4973932E-01
-1.1198244E+00 3.9040372E-01 -1.4604328E+00 -7.0632305E-01 -1.8811447E+00 -3.6424502E-01
-1.2337678E+00 4.2974193E-01 -1.5822206E+00 -7.6031323E-01 -2.0981350E+00 -4.2396979E-01
-1.3354688E+00 4.7715708E-01 -1.7191574E+00 -8.0354405E-01 -2.3062549E+00 -4.4383160E-01
-1.4183436E+00 5.7932415E-01 -1.9110702E+00 -7.6045977E-01 -2.5976685E+00 -3.4996231E-01
-1.4780208E+00 7.5128553E-01 -2.2246972E+00 -6.2342042E-01 -2.9245798E+00 -1.3124435E-01
-1.5120086E+00 9.3035519E-01 -2.5562568E+00 -4.8243446E-01 -3.1686657E+00 1.4812144E-01
-1.5239196E+00 1.0205994E+00 -2.6743068E+00 -3.8179835E-01 -3.5000000E+00 5.0000000E-01
