-1.1647978E+00 3.1606593E-01 -1.4761153E+00 -8.5298469E-01 -1.7823296E+00 -5.3479231E-01
-1.1607761E+00 2.1577326E-01 -1.3721643E+00 -9.4650818E-01 -1.5833840E+00 -7.3161357E-01
-1.1332529E+00 1.4792769E-01 -1.2818324E+00 -9.8736483E-01 -1.4300038E+00 -8.4827043E-01
-1.0660809E+00 1.8006668E-01 -1.2433943E+00 -8.8592609E-01 -1.4182340E+00 -7.1221298E-01
-9.7080748E-01 1.8794382E-01 -1.1595004E+00 -7.8499392E-01 -1.3443969E+00 -6.0873301E-01
-8.9181258E-01 1.8625849E-01 -1.0693729E+00 -6.9887605E-01 -1.2626802E+00 -5.3206435E-01
-8.7207807E-01 2.0215438E-01 -1.0711650E+00 -6.7249788E-01 -1.2742079E+00 -4.7565069E-01
-9.1791427E-01 2.0903803E-01 -1.1246783E+00 -7.1412504E-01 -1.3393489E+00 -5.1133208E-01
-1.0010728E+00 2.2126776E-01 -1.2198332E+00 -7.8170554E-01 -1.4430321E+00 -5.7381611E-01
-1.0741771E+00 2.4676359E-01 -1.3074322E+00 -8.1671294E-01 -1.5721225E+00 -6.1006428E-01
-1.0971636E+00 2.7843653E-01 -1.3535583E+00 -8.1112141E-01 -1.6701310E+00 -5.7448962E-01
-1.0877793E+00 3.1710121E-01 -1.3585555E+00 -7.5569747E-01 -1.6914296E+00 -4.9016750E-01
-1.0921606E+00 3.7157485E-01 -1.3871296E+00 -7.0184950E-01 -1.8076008E+00 -4.0986199E-01
-1.1376591E+00 4.2832708E-01 -1.4831785E+00 -6.8305392E-01 -1.9552872E+00 -3.3901088E-01
-1.2163429E+00 4.6774116E-01 -1.5608874E+00 -7.0101555E-01 -2.1515654E+00 -3.4594406E-01
-1.3173142E+00 5.1469068E-01 -1.6887290E+00 -7.3426646E-01 -2.3955602E+00 -3.8192328E-01
-1.4235842E+00 6.0544100E-01 -1.9569563E+00 -7.6027129E-01 -2.6385476E+00 -2.7522395E-01
-1.5047373E+00 7.5886311E-01 -2.3201397E+00 -7.0177066E-01 -2.9519829E+00 -1.1388564E-01
-1.5451506E+00 9.2965094E-01 -2.5941017E+00 -5.0688960E-01 -3.1818580E+00 1.2213008E-01
-1.5526069E+00 1.0249006E+00 -2.7133810E+00 -4.0177235E-01 -3.5000000E+00 5.0000000E-01
