-1.1682718E+00 3.3167332E-01 -1.4953621E+00 -8.4067672E-01 -1.8280199E+00 -5.1555059E-01
-1.1702550E+00 2.2424802E-01 -1.3933514E+00 -9.5093570E-01 -1.6182769E+00 -7.2986179E-01
-1.1516497E+00 1.5043852E-01 -1.2996780E+00 -1.0031303E+00 -1.4476400E+00 -8.5594713E-01
-1.0993645E+00 1.9079804E-01 -1.2875527E+00 -9.0905013E-01 -1.4753080E+00 -7.2830651E-01
-1.0231977E+00 2.0045517E-01 -1.2218623E+00 -8.2289164E-01 -1.4197453E+00 -6.3127317E-01
-9.4023101E-01 1.9043066E-01 -1.1274593E+00 -7.5000271E-01 -1.3168402E+00 -5.6603113E-01
-8.8395998E-01 2.0423603E-01 -1.0852745E+00 -6.8312112E-01 -1.2829526E+00 -4.7350118E-01
-8.7826987E-01 2.2204854E-01 -1.0989315E+00 -6.6051083E-01 -1.3208799E+00 -4.4832253E-01
-9.4295562E-01 2.2590836E-01 -1.1686427E+00 -7.1778708E-01 -1.3975228E+00 -5.1054127E-01
-1.0797794E+00 2.4479440E-01 -1.3063650E+00 -8.1944547E-01 -1.5784443E+00 -6.2075082E-01
-1.2440926E+00 2.8195800E-01 -1.5060206E+00 -9.4707806E-01 -1.8241107E+00 -7.1592012E-01
-1.3758491E+00 3.2006957E-01 -1.6679995E+00 -1.0326003E+00 -2.0284940E+00 -7.7726757E-01
-1.4170881E+00 3.4868638E-01 -1.7345784E+00 -1.0416518E+00 -2.1324064E+00 -7.6813827E-01
-1.3449637E+00 3.7991419E-01 -1.6707922E+00 -9.3817066E-01 -2.1212905E+00 -6.2077872E-01
-1.1824915E+00 4.2404201E-01 -1.5258754E+00 -7.1443958E-01 -2.0512794E+00 -3.9147507E-01
-9.8990624E-01 4.7867613E-01 -1.3634391E+00 -4.4375118E-01 -1.9665754E+00 -1.0946284E-01
-8.3330936E-01 5.5599966E-01 -1.2520576E+00 -1.9528274E-01 -1.9521531E+00 1.9391511E-01
-7.5638658E-01 6.7139554E-01 -1.1728867E+00 7.2168234E-02 -2.1251958E+00 3.8861721E-01
-7.4187544E-01 8.0746051E-01 -1.1105278E+00 3.2149536E-01 -2.3559158E+00 4.9119770E-01
-7.4876345E-01 8.8592354E-01 -1.0502317E+00 5.0000000E-01 -2.5086808E+00 5.0000000E-01
