-1.0177312E+00 3.2291985E-01 -1.3378468E+00 -6.9441962E-01 -1.6504701E+00 -3.7921386E-01
-1.0172246E+00 2.1364840E-01 -1.2264022E+00 -8.0517324E-01 -1.4409661E+00 -5.9990726E-01
-1.0390968E+00 1.4660343E-01 -1.1859336E+00 -8.8990872E-01 -1.3290930E+00 -7.5855181E-01
-1.0881228E+00 1.8655957E-01 -1.2748668E+00 -9.0318937E-01 -1.4564133E+00 -7.2368063E-01
-1.1228812E+00 1.9118673E-01 -1.3133463E+00 -9.3345895E-01 -1.5073386E+00 -7.5689198E-01
-1.1044501E+00 1.8683745E-01 -1.2900653E+00 -9.2003117E-01 -1.4709912E+00 -7.3364351E-01
-1.0327512E+00 2.0187757E-01 -1.2311454E+00 -8.3167054E-01 -1.4325491E+00 -6.4199181E-01
-9.6316196E-01 2.1325531E-01 -1.1748224E+00 -7.5037111E-01 -1.3860895E+00 -5.5100170E-01
-9.4843620E-01 2.1363768E-01 -1.1578216E+00 -7.3572069E-01 -1.3798438E+00 -5.3845574E-01
-9.8667808E-01 2.2916693E-01 -1.2135950E+00 -7.5971784E-01 -1.4428538E+00 -5.4513643E-01
-1.0348835E+00 2.5370264E-01 -1.2699896E+00 -7.7213938E-01 -1.5537612E+00 -5.5505941E-01
-1.0409986E+00 2.8570300E-01 -1.3000870E+00 -7.4284713E-01 -1.6007024E+00 -4.8688147E-01
-9.9239884E-01 3.3545378E-01 -1.2888735E+00 -6.3617220E-01 -1.6532773E+00 -3.5095026E-01
-9.3868558E-01 3.9315747E-01 -1.2604455E+00 -5.0294872E-01 -1.7317818E+00 -2.0830852E-01
-9.6431549E-01 4.3160096E-01 -1.2993017E+00 -4.9342179E-01 -1.8276202E+00 -1.5606952E-01
-1.1176246E+00 4.5631415E-01 -1.4533866E+00 -6.2157207E-01 -2.0407981E+00 -2.7741409E-01
-1.3548104E+00 5.2560411E-01 -1.7925984E+00 -7.9137191E-01 -2.4364615E+00 -3.5610225E-01
-1.5963942E+00 6.7835957E-01 -2.3389383E+00 -9.3129187E-01 -2.8611833E+00 -2.7567166E-01
-1.7688892E+00 8.6269271E-01 -2.9087542E+00 -1.0755460E+00 -3.2569662E+00 -1.2276658E-01
-1.8341446E+00 9.6784095E-01 -3.1637919E+00 -1.0949707E+00 -3.5000000E+00 -9.7300959E-02
