-9.2721173E-01 3.1844256E-01 -1.2447971E+00 -6.0836033E-01 -1.5447380E+00 -3.0218750E-01
-9.5750237E-01 2.1385135E-01 -1.1713519E+00 -7.4307977E-01 -1.3702278E+00 -5.3938387E-01
-1.0373640E+00 1.4409274E-01 -1.1728979E+00 -8.8688759E-01 -1.3282406E+00 -7.6319847E-01
-1.1244963E+00 1.8573598E-01 -1.3104722E+00 -9.4039112E-01 -1.4908113E+00 -7.6035045E-01
-1.1678398E+00 1.8964549E-01 -1.3584070E+00 -9.7879902E-01 -1.5374407E+00 -7.9987735E-01
-1.1336999E+00 1.8851661E-01 -1.3199419E+00 -9.4565110E-01 -1.5047941E+00 -7.6294999E-01
-1.0250615E+00 2.0188882E-01 -1.2266463E+00 -8.2623209E-01 -1.4207821E+00 -6.2955803E-01
-8.8504915E-01 2.1149074E-01 -1.0991958E+00 -6.7376822E-01 -1.3002297E+00 -4.7645604E-01
-7.7544026E-01 2.1821538E-01 -9.8017958E-01 -5.4609465E-01 -1.2160667E+00 -3.6239966E-01
-7.2809710E-01 2.2964393E-01 -9.5387593E-01 -4.9938272E-01 -1.1882427E+00 -2.8907772E-01
-7.6228513E-01 2.5310409E-01 -1.0155526E+00 -5.1115285E-01 -1.2652088E+00 -2.7407969E-01
-8.9225141E-01 2.8086962E-01 -1.1676399E+00 -6.1575752E-01 -1.4582470E+00 -3.5927728E-01
-1.1024645E+00 3.2962533E-01 -1.3954703E+00 -7.5360660E-01 -1.7581753E+00 -4.6728669E-01
-1.3369985E+00 3.9555403E-01 -1.6744135E+00 -9.1691273E-01 -2.1244749E+00 -5.7857616E-01
-1.5395286E+00 4.5497782E-01 -1.9005060E+00 -1.0445600E+00 -2.4805841E+00 -6.7633935E-01
-1.6715293E+00 5.1570727E-01 -2.0520742E+00 -1.0700143E+00 -2.7524061E+00 -7.3686037E-01
-1.7235989E+00 6.1219942E-01 -2.2516654E+00 -1.0171423E+00 -3.0126348E+00 -6.3826347E-01
-1.7201002E+00 7.6004806E-01 -2.5360222E+00 -9.1214039E-01 -3.1253024E+00 -2.9253863E-01
-1.6934678E+00 9.2175335E-01 -2.8975046E+00 -8.6082619E-01 -3.3003677E+00 -1.7071378E-02
-1.6783914E+00 1.0125820E+00 -3.0139167E+00 -7.6704427E-01 -3.5000000E+00 5.0000000E-01
