-1.7563654E+00 3.2806934E-01 -2.0805303E+00 -1.4323935E+00 -2.4050606E+00 -1.1192613E+00
-1.6368755E+00 2.2368483E-01 -1.8586802E+00 -1.4154258E+00 -2.0720921E+00 -1.1963274E+00
-1.3666474E+00 1.4711611E-01 -1.5123816E+00 -1.2206812E+00 -1.6561929E+00 -1.0794959E+00
-1.0614649E+00 1.9196506E-01 -1.2503574E+00 -8.7202144E-01 -1.4339817E+00 -6.7755652E-01
-8.5811833E-01 1.9524740E-01 -1.0523216E+00 -6.6577774E-01 -1.2425589E+00 -4.7709658E-01
-8.0448744E-01 1.8012895E-01 -9.8431046E-01 -6.2553561E-01 -1.1602350E+00 -4.5542427E-01
-8.4619687E-01 1.9661389E-01 -1.0418665E+00 -6.5197599E-01 -1.2381225E+00 -4.6745718E-01
-9.1039132E-01 2.1225987E-01 -1.1229673E+00 -7.0163364E-01 -1.3310893E+00 -4.9817275E-01
-9.6144282E-01 2.1881388E-01 -1.1770432E+00 -7.4210115E-01 -1.3951732E+00 -5.3650416E-01
-1.0093058E+00 2.3715235E-01 -1.2437198E+00 -7.7349376E-01 -1.4845599E+00 -5.5780823E-01
-1.0761455E+00 2.7347179E-01 -1.3437999E+00 -8.0518893E-01 -1.6370056E+00 -5.5745227E-01
-1.1667071E+00 3.1435677E-01 -1.4502027E+00 -8.3951710E-01 -1.8258810E+00 -5.8172230E-01
-1.2657787E+00 3.5583190E-01 -1.5726353E+00 -8.7758040E-01 -1.9801412E+00 -5.9539044E-01
-1.3527189E+00 4.0448079E-01 -1.6807627E+00 -9.0304417E-01 -2.1801754E+00 -5.9166255E-01
-1.4024480E+00 4.5964177E-01 -1.7592147E+00 -8.8523571E-01 -2.3477431E+00 -5.5319578E-01
-1.4073160E+00 5.2774542E-01 -1.8001503E+00 -8.0617031E-01 -2.5045741E+00 -4.4129668E-01
-1.3803110E+00 6.3170624E-01 -1.8950150E+00 -6.5555920E-01 -2.6667360E+00 -2.1980822E-01
-1.3376948E+00 7.8283960E-01 -2.0036113E+00 -3.6667397E-01 -2.8542113E+00 3.7202617E-02
-1.3033069E+00 9.4791686E-01 -2.0236510E+00 2.8184072E-02 -3.0659444E+00 2.7361289E-01
-1.2895405E+00 1.0373662E+00 -2.0748593E+00 2.0204124E-01 -3.5000000E+00 5.0000000E-01
