-1.6386359E+00 3.3015327E-01 -1.9648576E+00 -1.3088965E+00 -2.2804078E+00 -9.9080277E-01
-1.4879883E+00 2.2392220E-01 -1.7080093E+00 -1.2655972E+00 -1.9226473E+00 -1.0443603E+00
-1.1862979E+00 1.4639048E-01 -1.3318463E+00 -1.0402862E+00 -1.4733502E+00 -9.0255197E-01
-9.1194868E-01 1.8717346E-01 -1.0985323E+00 -7.2698422E-01 -1.2746291E+00 -5.3899410E-01
-7.9995966E-01 1.9252840E-01 -9.8849707E-01 -6.0993245E-01 -1.1834549E+00 -4.2048279E-01
-8.2634673E-01 1.8610960E-01 -1.0114060E+00 -6.4186483E-01 -1.1947275E+00 -4.6794035E-01
-8.7443542E-01 2.0074617E-01 -1.0749048E+00 -6.7423959E-01 -1.2643537E+00 -4.8144118E-01
-8.7992045E-01 2.1257988E-01 -1.0896273E+00 -6.6973495E-01 -1.3069701E+00 -4.6848188E-01
-8.7638314E-01 2.1916481E-01 -1.0944259E+00 -6.6268765E-01 -1.3126368E+00 -4.4549953E-01
-9.2669659E-01 2.3350472E-01 -1.1587572E+00 -6.9383599E-01 -1.3950060E+00 -4.8184482E-01
-1.0523350E+00 2.6982456E-01 -1.3070256E+00 -7.7146243E-01 -1.5994933E+00 -5.4426174E-01
-1.2254138E+00 3.0736484E-01 -1.5045060E+00 -8.9831318E-01 -1.8581686E+00 -6.5852120E-01
-1.3866653E+00 3.3966787E-01 -1.6873189E+00 -1.0202178E+00 -2.0616989E+00 -7.3427537E-01
-1.4723708E+00 3.8424013E-01 -1.8045776E+00 -1.0631559E+00 -2.2273780E+00 -7.3236734E-01
-1.4410816E+00 4.5092679E-01 -1.7946253E+00 -9.4757207E-01 -2.3481055E+00 -5.9293510E-01
-1.3072549E+00 5.3118374E-01 -1.6888608E+00 -7.0501737E-01 -2.4142616E+00 -3.3926913E-01
-1.1356692E+00 6.3293159E-01 -1.5743687E+00 -3.9812278E-01 -2.4551141E+00 6.2190479E-03
-9.9492569E-01 7.6012742E-01 -1.4881266E+00 -4.7238009E-02 -2.5628629E+00 3.0564513E-01
-9.1658820E-01 8.8947188E-01 -1.3620945E+00 2.9018688E-01 -2.6890145E+00 4.7843830E-01
-8.9230206E-01 9.6036071E-01 -1.2544751E+00 5.0000000E-01 -2.7833881E+00 5.0000000E-01
