-1.7214674E+00 3.3160647E-01 -2.0505703E+00 -1.3897991E+00 -2.3729271E+00 -1.0792001E+00
-1.6064684E+00 2.2233040E-01 -1.8287798E+00 -1.3842416E+00 -2.0410589E+00 -1.1751447E+00
-1.3375439E+00 1.4593242E-01 -1.4836120E+00 -1.1897086E+00 -1.6248751E+00 -1.0563877E+00
-1.0148079E+00 1.8868717E-01 -1.2036301E+00 -8.2759017E-01 -1.3883601E+00 -6.4774415E-01
-7.6685859E-01 1.8836943E-01 -9.5288600E-01 -5.8210499E-01 -1.1423497E+00 -3.9915389E-01
-6.8479546E-01 1.8118439E-01 -8.6525040E-01 -5.0326506E-01 -1.0435582E+00 -3.3409078E-01
-7.8061237E-01 2.0110717E-01 -9.7482476E-01 -5.7267194E-01 -1.1793755E+00 -3.9406754E-01
-9.8877898E-01 2.1254629E-01 -1.1958480E+00 -7.7682990E-01 -1.4131215E+00 -5.8003874E-01
-1.1808007E+00 2.1540005E-01 -1.3923407E+00 -9.7036646E-01 -1.6107106E+00 -7.5855222E-01
-1.2392241E+00 2.3262167E-01 -1.4714954E+00 -1.0105054E+00 -1.6997361E+00 -7.8534864E-01
-1.1413713E+00 2.6360013E-01 -1.3904919E+00 -8.6612595E-01 -1.6742943E+00 -6.4535468E-01
-9.8742346E-01 3.0113294E-01 -1.2554407E+00 -6.7061631E-01 -1.5807748E+00 -4.0564087E-01
-9.0606822E-01 3.4909308E-01 -1.1960417E+00 -5.3617927E-01 -1.5813333E+00 -2.4551661E-01
-9.6220427E-01 3.9562428E-01 -1.2751492E+00 -5.3637419E-01 -1.7386763E+00 -2.2157672E-01
-1.1369776E+00 4.3653026E-01 -1.4648884E+00 -6.5940500E-01 -2.0067690E+00 -3.1884333E-01
-1.3528293E+00 4.9314204E-01 -1.7273446E+00 -8.1182393E-01 -2.3639316E+00 -4.2597141E-01
-1.5331998E+00 6.0034105E-01 -2.0530611E+00 -8.6500924E-01 -2.7500912E+00 -4.0116948E-01
-1.6471114E+00 7.6553712E-01 -2.4645825E+00 -8.2194559E-01 -3.0532870E+00 -2.1461205E-01
-1.6967659E+00 9.3232727E-01 -2.9578115E+00 -9.0037848E-01 -3.3029498E+00 -1.4560319E-03
-1.7021546E+00 1.0188960E+00 -3.0720332E+00 -8.1388554E-01 -3.5000000E+00 5.0000000E-01
