-1.3471847E+00 3.1953444E-01 -1.6677253E+00 -1.0334768E+00 -1.9710340E+00 -7.1884158E-01
-1.2749438E+00 2.1507665E-01 -1.4924212E+00 -1.0615816E+00 -1.6941978E+00 -8.5473273E-01
-1.1378152E+00 1.4485055E-01 -1.2813298E+00 -9.9553786E-01 -1.4231035E+00 -8.5347002E-01
-1.0017661E+00 1.8436517E-01 -1.1853503E+00 -8.1734576E-01 -1.3643550E+00 -6.4506344E-01
-9.1501635E-01 1.8533929E-01 -1.1010334E+00 -7.2870397E-01 -1.2741107E+00 -5.5240935E-01
-9.0077631E-01 1.8486261E-01 -1.0835263E+00 -7.1958853E-01 -1.2721429E+00 -5.4140137E-01
-9.3690867E-01 1.9794411E-01 -1.1334476E+00 -7.4020192E-01 -1.3284054E+00 -5.4872728E-01
-9.7686576E-01 2.0743235E-01 -1.1848303E+00 -7.6895184E-01 -1.3811532E+00 -5.7639443E-01
-9.8098901E-01 2.1234505E-01 -1.1904495E+00 -7.7085684E-01 -1.4021514E+00 -5.7301969E-01
-9.3093305E-01 2.2152813E-01 -1.1503911E+00 -7.1434656E-01 -1.3722587E+00 -5.0290219E-01
-8.6279071E-01 2.4724026E-01 -1.1098262E+00 -6.2190193E-01 -1.3657222E+00 -3.8962421E-01
-8.5092151E-01 2.8393244E-01 -1.1033441E+00 -5.5144517E-01 -1.4479777E+00 -3.2614981E-01
-9.4384944E-01 3.2991466E-01 -1.2363119E+00 -5.9665987E-01 -1.6062162E+00 -3.0505787E-01
-1.1407006E+00 3.8031285E-01 -1.4579033E+00 -7.2730843E-01 -1.9086777E+00 -4.1574746E-01
-1.3983031E+00 4.2919086E-01 -1.7361029E+00 -9.1581892E-01 -2.2805632E+00 -6.0832700E-01
-1.6542142E+00 4.8581981E-01 -2.0374016E+00 -1.1033325E+00 -2.6709366E+00 -7.5928079E-01
-1.8435541E+00 5.7101719E-01 -2.3487694E+00 -1.1962960E+00 -3.0261857E+00 -8.1209717E-01
-1.9403836E+00 7.0929965E-01 -2.7570841E+00 -1.2603503E+00 -3.2551063E+00 -5.9915226E-01
-1.9686206E+00 8.6879985E-01 -3.1952374E+00 -1.3917211E+00 -3.4293074E+00 -3.5473740E-01
-1.9708353E+00 9.5720567E-01 -3.4440552E+00 -1.4786099E+00 -3.5000000E+00 -2.2805566E-01
