-8.0318993E-01 3.2496609E-01 -1.1263316E+00 -4.8376105E-01 -1.4442192E+00 -1.6624849E-01
-8.2067710E-01 2.1941707E-01 -1.0388276E+00 -6.0398919E-01 -1.2536048E+00 -3.9125697E-01
-8.8147493E-01 1.4654168E-01 -1.0269192E+00 -7.3320199E-01 -1.1674109E+00 -5.9488836E-01
-9.9563237E-01 1.8888070E-01 -1.1850650E+00 -8.0743946E-01 -1.3666559E+00 -6.3200522E-01
-1.1394785E+00 1.9566514E-01 -1.3350404E+00 -9.4427368E-01 -1.5273992E+00 -7.6192581E-01
-1.2319167E+00 1.9333922E-01 -1.4169233E+00 -1.0309852E+00 -1.6166925E+00 -8.6619213E-01
-1.2084743E+00 2.0781784E-01 -1.4136670E+00 -9.9997776E-01 -1.6141752E+00 -8.0201758E-01
-1.0762485E+00 2.1854427E-01 -1.2914848E+00 -8.6053988E-01 -1.5041738E+00 -6.4619461E-01
-9.1198066E-01 2.2465988E-01 -1.1344709E+00 -6.8774813E-01 -1.3590772E+00 -4.7702385E-01
-8.1496946E-01 2.4041861E-01 -1.0530148E+00 -5.7107226E-01 -1.2896016E+00 -3.5463549E-01
-8.2791496E-01 2.5946329E-01 -1.0608514E+00 -5.5427645E-01 -1.3694933E+00 -3.4401267E-01
-9.2890279E-01 2.8562398E-01 -1.1807983E+00 -6.2620356E-01 -1.5338131E+00 -4.0366561E-01
-1.0565003E+00 3.3221402E-01 -1.3542326E+00 -7.0196375E-01 -1.7084766E+00 -4.1365391E-01
-1.1629198E+00 3.8706556E-01 -1.4966489E+00 -7.4380743E-01 -1.9325007E+00 -4.2355412E-01
-1.2378168E+00 4.2687038E-01 -1.5866382E+00 -7.7578067E-01 -2.0979349E+00 -4.3104355E-01
-1.3004494E+00 4.6900889E-01 -1.6802105E+00 -7.8994062E-01 -2.2512635E+00 -4.2131633E-01
-1.3593107E+00 5.6088756E-01 -1.8442209E+00 -7.4402195E-01 -2.4926325E+00 -2.9950384E-01
-1.4128990E+00 7.2596661E-01 -2.1159025E+00 -5.8934266E-01 -2.8316915E+00 -1.0151747E-01
-1.4592687E+00 9.0832742E-01 -2.3968434E+00 -3.9108873E-01 -3.1191438E+00 1.5281216E-01
-1.4807890E+00 1.0061225E+00 -2.6095738E+00 -3.6101025E-01 -3.5000000E+00 5.0000000E-01
