-1.2489346E+00 3.2436263E-01 -1.5758501E+00 -9.2918900E-01 -1.8940336E+00 -6.2184117E-01
-1.2087719E+00 2.2057754E-01 -1.4307340E+00 -9.8964596E-01 -1.6429312E+00 -7.7955455E-01
-1.1199151E+00 1.4422306E-01 -1.2619431E+00 -9.7596672E-01 -1.4064848E+00 -8.3920591E-01
-1.0150519E+00 1.7883163E-01 -1.1922891E+00 -8.3822037E-01 -1.3713569E+00 -6.6722562E-01
-9.2309651E-01 1.8566631E-01 -1.1071827E+00 -7.3686012E-01 -1.2884176E+00 -5.6065713E-01
-8.7038445E-01 1.8572885E-01 -1.0577546E+00 -6.8611074E-01 -1.2367951E+00 -5.1357271E-01
-8.8556919E-01 2.0078556E-01 -1.0855992E+00 -6.8594693E-01 -1.2803525E+00 -4.9318369E-01
-9.6774754E-01 2.0933006E-01 -1.1654907E+00 -7.5040885E-01 -1.3863118E+00 -5.6699073E-01
-1.0905372E+00 2.1721191E-01 -1.3057596E+00 -8.7258560E-01 -1.5148319E+00 -6.6455952E-01
-1.2012354E+00 2.4328155E-01 -1.4423491E+00 -9.5774901E-01 -1.6847025E+00 -7.3306825E-01
-1.2358204E+00 2.7419790E-01 -1.5071642E+00 -9.6377299E-01 -1.7941537E+00 -7.1632890E-01
-1.1748746E+00 3.0199340E-01 -1.4450139E+00 -8.5006801E-01 -1.8034330E+00 -6.2494512E-01
-1.0657552E+00 3.4003100E-01 -1.3563870E+00 -6.9617894E-01 -1.7855718E+00 -4.4411157E-01
-9.8095057E-01 3.7584998E-01 -1.3093288E+00 -5.8630279E-01 -1.7327060E+00 -2.5084493E-01
-9.6487583E-01 4.0012097E-01 -1.2992549E+00 -5.3843263E-01 -1.7696877E+00 -1.9481821E-01
-1.0229372E+00 4.4482860E-01 -1.3832128E+00 -5.2889465E-01 -1.9255403E+00 -1.9939892E-01
-1.1244248E+00 5.5547467E-01 -1.6153846E+00 -5.1167589E-01 -2.2274115E+00 -6.7178183E-02
-1.2247628E+00 7.4033180E-01 -1.9017199E+00 -3.4398272E-01 -2.6328536E+00 1.2661190E-01
-1.3004806E+00 9.2799887E-01 -2.1057722E+00 -7.0052290E-02 -3.0047150E+00 2.9614684E-01
-1.3332249E+00 1.0251209E+00 -2.2536266E+00 1.9389675E-02 -3.5000000E+00 5.0000000E-01
