-1.0073609E+00 3.2226225E-01 -1.3312824E+00 -6.8652924E-01 -1.6400149E+00 -3.8726920E-01
-9.9169616E-01 2.1766947E-01 -1.2099521E+00 -7.7507284E-01 -1.4192876E+00 -5.7335473E-01
-9.7809030E-01 1.4561608E-01 -1.1215363E+00 -8.3401557E-01 -1.2627027E+00 -6.8953031E-01
-1.0028402E+00 1.8803731E-01 -1.1920325E+00 -8.1754057E-01 -1.3675679E+00 -6.2888523E-01
-1.0663073E+00 1.9098961E-01 -1.2546263E+00 -8.7713673E-01 -1.4423553E+00 -6.9388901E-01
-1.1412338E+00 1.8789923E-01 -1.3203412E+00 -9.4927232E-01 -1.5157687E+00 -7.7868974E-01
-1.1808486E+00 2.0335405E-01 -1.3718838E+00 -9.6846463E-01 -1.5883622E+00 -7.9289595E-01
-1.1317283E+00 2.1407056E-01 -1.3434120E+00 -9.1981210E-01 -1.5504491E+00 -7.1213725E-01
-9.8387509E-01 2.1859648E-01 -1.2026526E+00 -7.6549794E-01 -1.4172493E+00 -5.6387758E-01
-7.9232763E-01 2.3165691E-01 -1.0263813E+00 -5.6137052E-01 -1.2534726E+00 -3.5249458E-01
-6.4742342E-01 2.5111740E-01 -8.9176342E-01 -4.0007018E-01 -1.1551342E+00 -1.6333519E-01
-6.2911640E-01 2.8018741E-01 -8.8063294E-01 -3.3720427E-01 -1.1875191E+00 -8.8782469E-02
-7.5918169E-01 3.2441691E-01 -1.0326423E+00 -4.1498106E-01 -1.4066352E+00 -1.3963174E-01
-1.0049480E+00 3.6288442E-01 -1.3161621E+00 -6.1406609E-01 -1.7131862E+00 -3.2035986E-01
-1.2936022E+00 3.9678006E-01 -1.6207154E+00 -8.5563245E-01 -2.0916903E+00 -5.5222941E-01
-1.5506927E+00 4.5169941E-01 -1.9296097E+00 -1.0494774E+00 -2.4645891E+00 -6.9780481E-01
-1.7271141E+00 5.5284597E-01 -2.2509079E+00 -1.1329313E+00 -2.8463535E+00 -7.0279044E-01
-1.8182151E+00 7.1910276E-01 -2.6459524E+00 -1.1196643E+00 -3.1053057E+00 -4.2493001E-01
-1.8428265E+00 8.9759412E-01 -3.0853317E+00 -1.1661204E+00 -3.3807680E+00 -1.8513915E-01
-1.8398108E+00 9.9397536E-01 -3.2776203E+00 -1.1488361E+00 -3.5000000E+00 5.0000000E-01
