-1.2017390E+00 3.2337179E-01 -1.5272468E+00 -8.7933092E-01 -1.8214580E+00 -5.5702384E-01
-1.1328713E+00 2.1722678E-01 -1.3497327E+00 -9.1856951E-01 -1.5513837E+00 -7.0084242E-01
-1.0206543E+00 1.4216104E-01 -1.1632583E+00 -8.7831723E-01 -1.2943990E+00 -7.4223668E-01
-9.3101696E-01 1.8084731E-01 -1.1108810E+00 -7.4800223E-01 -1.2799931E+00 -5.7599358E-01
-8.9843339E-01 1.8804657E-01 -1.0855530E+00 -7.1090627E-01 -1.2683621E+00 -5.3241372E-01
-9.2734881E-01 1.8944863E-01 -1.1169894E+00 -7.3621259E-01 -1.2966229E+00 -5.6180653E-01
-1.0000435E+00 2.0231082E-01 -1.2025638E+00 -7.9808039E-01 -1.3985502E+00 -6.0907971E-01
-1.0865984E+00 2.1137563E-01 -1.2943858E+00 -8.7888805E-01 -1.5035293E+00 -6.7433390E-01
-1.1456100E+00 2.1851145E-01 -1.3535130E+00 -9.2034777E-01 -1.5873677E+00 -7.3284353E-01
-1.1366373E+00 2.2986302E-01 -1.3536603E+00 -8.9887881E-01 -1.5995885E+00 -6.9812760E-01
-1.0567578E+00 2.5865274E-01 -1.3118794E+00 -8.0049558E-01 -1.5809834E+00 -5.6591831E-01
-9.5079651E-01 2.9043328E-01 -1.2169551E+00 -6.5278112E-01 -1.5576069E+00 -4.0200524E-01
-8.8205362E-01 3.2725106E-01 -1.1561153E+00 -5.2286122E-01 -1.5422625E+00 -2.5561985E-01
-9.0370324E-01 3.7603682E-01 -1.2191424E+00 -4.9650387E-01 -1.6584662E+00 -1.9775900E-01
-1.0366534E+00 4.1185516E-01 -1.3776675E+00 -5.9297573E-01 -1.8513826E+00 -2.5728120E-01
-1.2500883E+00 4.5818288E-01 -1.6243098E+00 -7.4977489E-01 -2.1773364E+00 -3.9163326E-01
-1.4831693E+00 5.4140093E-01 -1.9520545E+00 -8.9358847E-01 -2.6344429E+00 -4.9865172E-01
-1.6747128E+00 6.8302639E-01 -2.4198503E+00 -9.9621474E-01 -2.9566085E+00 -3.5703618E-01
-1.7947850E+00 8.5453605E-01 -2.9206416E+00 -1.0906120E+00 -3.2889926E+00 -1.9778918E-01
-1.8434604E+00 9.5338746E-01 -3.1390242E+00 -1.0926307E+00 -3.5000000E+00 -1.5750425E-01
