-1.2803503E+00 3.1891462E-01 -1.5945738E+00 -9.6986770E-01 -1.9035576E+00 -6.3976116E-01
-1.2400288E+00 2.1309047E-01 -1.4496332E+00 -1.0301831E+00 -1.6545655E+00 -8.1483325E-01
-1.1781790E+00 1.4657796E-01 -1.3243470E+00 -1.0330028E+00 -1.4688982E+00 -8.9156741E-01
-1.1386613E+00 1.8705649E-01 -1.3239781E+00 -9.5449585E-01 -1.5130806E+00 -7.7408001E-01
-1.1188809E+00 1.9535588E-01 -1.3119457E+00 -9.2722614E-01 -1.5116613E+00 -7.4089993E-01
-1.0868503E+00 1.9219625E-01 -1.2798817E+00 -8.9578449E-01 -1.4675651E+00 -7.2285759E-01
-1.0235904E+00 2.0173374E-01 -1.2209244E+00 -8.2591912E-01 -1.4328428E+00 -6.3312945E-01
-9.3239599E-01 2.1486115E-01 -1.1449703E+00 -7.2067397E-01 -1.3545341E+00 -5.1152681E-01
-8.4946565E-01 2.2276692E-01 -1.0702559E+00 -6.2799261E-01 -1.2911185E+00 -4.1405757E-01
-8.3155799E-01 2.3494679E-01 -1.0638865E+00 -5.9843524E-01 -1.2992079E+00 -3.7383754E-01
-9.0625908E-01 2.6271807E-01 -1.1487034E+00 -6.3070394E-01 -1.4438032E+00 -4.1457507E-01
-1.0602341E+00 2.9857682E-01 -1.3313669E+00 -7.4479903E-01 -1.6769770E+00 -5.0664468E-01
-1.2369728E+00 3.3827477E-01 -1.5419880E+00 -8.7359470E-01 -1.9047017E+00 -5.8634731E-01
-1.3676142E+00 3.8951808E-01 -1.7049362E+00 -9.5156994E-01 -2.1441835E+00 -6.1881524E-01
-1.4153025E+00 4.5121219E-01 -1.7582654E+00 -9.2218099E-01 -2.3363907E+00 -5.7186988E-01
-1.3859313E+00 5.2788948E-01 -1.7627859E+00 -7.8960055E-01 -2.4946264E+00 -4.2158596E-01
-1.3177557E+00 6.3488325E-01 -1.8176801E+00 -5.8294474E-01 -2.6232118E+00 -1.5551214E-01
-1.2629112E+00 7.8181322E-01 -1.9159189E+00 -3.0084497E-01 -2.7920802E+00 1.2176805E-01
-1.2368017E+00 9.3887907E-01 -1.9020701E+00 8.6255539E-02 -3.0076224E+00 3.1733101E-01
-1.2313738E+00 1.0272196E+00 -1.9242256E+00 2.7735822E-01 -3.5000000E+00 5.0000000E-01
