-9.3844000E-01 3.1838374E-01 -1.2518696E+00 -6.2632884E-01 -1.5767793E+00 -3.1410404E-01
-9.7507380E-01 2.1008209E-01 -1.1823303E+00 -7.6841075E-01 -1.3902851E+00 -5.6157896E-01
-1.0440039E+00 1.4528274E-01 -1.1877365E+00 -8.9936956E-01 -1.3315999E+00 -7.6221275E-01
-1.0876685E+00 1.8398893E-01 -1.2715260E+00 -9.0175145E-01 -1.4482383E+00 -7.3058049E-01
-1.0720327E+00 1.9165589E-01 -1.2614627E+00 -8.8235918E-01 -1.4475384E+00 -6.9502133E-01
-1.0250398E+00 1.9018192E-01 -1.2111300E+00 -8.3529790E-01 -1.4043139E+00 -6.5762345E-01
-9.9741546E-01 2.0037973E-01 -1.1957495E+00 -7.9784558E-01 -1.3948334E+00 -6.0887592E-01
-1.0085498E+00 2.1683955E-01 -1.2232679E+00 -7.8978542E-01 -1.4404956E+00 -5.8861744E-01
-1.0342468E+00 2.2381417E-01 -1.2559011E+00 -8.0854679E-01 -1.4840924E+00 -6.0619118E-01
-1.0427537E+00 2.4117485E-01 -1.2829689E+00 -8.0345332E-01 -1.5197061E+00 -5.7680404E-01
-1.0291712E+00 2.7152927E-01 -1.2977123E+00 -7.6111056E-01 -1.5765466E+00 -5.1492464E-01
-1.0242973E+00 3.0408340E-01 -1.2929654E+00 -7.0120468E-01 -1.6542831E+00 -4.6102930E-01
-1.0639337E+00 3.4474516E-01 -1.3634131E+00 -6.9472820E-01 -1.7923651E+00 -4.3392368E-01
-1.1459217E+00 3.8880599E-01 -1.4897278E+00 -7.2894953E-01 -1.9209963E+00 -3.9765954E-01
-1.2344016E+00 4.3788793E-01 -1.5934776E+00 -7.4650862E-01 -2.1061683E+00 -4.1527733E-01
-1.2981382E+00 5.0927375E-01 -1.6968417E+00 -7.2982155E-01 -2.3295482E+00 -3.5717913E-01
-1.3226856E+00 6.1952293E-01 -1.8215529E+00 -6.0860749E-01 -2.5815912E+00 -1.8552533E-01
-1.3294532E+00 7.7581344E-01 -1.9993102E+00 -3.7501141E-01 -2.8400881E+00 3.7248109E-02
-1.3366389E+00 9.4066291E-01 -2.1278959E+00 -6.9121955E-02 -3.0692930E+00 2.6515815E-01
-1.3389621E+00 1.0308238E+00 -2.2535504E+00 3.2864603E-02 -3.5000000E+00 5.0000000E-01
