-5.5624883E-01 3.2118857E-01 -8.7504059E-01 -2.3597198E-01 -1.1900255E+00 6.9872246E-02
-6.5074256E-01 2.1540271E-01 -8.6381352E-01 -4.3658150E-01 -1.0827949E+00 -2.3461107E-01
-8.7926591E-01 1.4598950E-01 -1.0243132E+00 -7.3362820E-01 -1.1666069E+00 -5.9715278E-01
-1.1286775E+00 1.8554801E-01 -1.3164310E+00 -9.4198210E-01 -1.4922214E+00 -7.7219665E-01
-1.2519219E+00 1.9131694E-01 -1.4432472E+00 -1.0598766E+00 -1.6291062E+00 -8.8618723E-01
-1.2022090E+00 1.9315810E-01 -1.3932579E+00 -1.0126682E+00 -1.5926088E+00 -8.2735388E-01
-1.0607483E+00 2.0646181E-01 -1.2611808E+00 -8.5518472E-01 -1.4739588E+00 -6.5981209E-01
-9.3949727E-01 2.0877378E-01 -1.1454257E+00 -7.3342639E-01 -1.3563316E+00 -5.3596265E-01
-9.1224437E-01 2.2153876E-01 -1.1316992E+00 -6.9242979E-01 -1.3568546E+00 -4.8620806E-01
-9.7679153E-01 2.4301369E-01 -1.2187149E+00 -7.3564843E-01 -1.4621073E+00 -5.1248767E-01
-1.0738848E+00 2.6358774E-01 -1.3207765E+00 -8.0210988E-01 -1.6103193E+00 -5.7668544E-01
-1.1386924E+00 2.9803367E-01 -1.4129410E+00 -8.2812570E-01 -1.7522106E+00 -5.8141272E-01
-1.1536405E+00 3.4582607E-01 -1.4599903E+00 -7.8057172E-01 -1.8466095E+00 -4.9748994E-01
-1.1386320E+00 3.9747616E-01 -1.4854370E+00 -7.0751177E-01 -1.9227741E+00 -3.8519494E-01
-1.1331113E+00 4.3566325E-01 -1.4931091E+00 -6.5697491E-01 -2.0028129E+00 -3.0983952E-01
-1.1672714E+00 4.7404454E-01 -1.5307613E+00 -6.3798732E-01 -2.1489260E+00 -2.8839711E-01
-1.2309543E+00 5.6798067E-01 -1.6807737E+00 -5.8572586E-01 -2.4056292E+00 -1.8611690E-01
-1.2991349E+00 7.2987812E-01 -1.9508600E+00 -4.3101080E-01 -2.7144813E+00 3.2945322E-02
-1.3540583E+00 9.0927447E-01 -2.2019310E+00 -2.0156002E-01 -3.0202638E+00 2.4727429E-01
-1.3767154E+00 1.0047697E+00 -2.3728467E+00 -1.3757382E-01 -3.5000000E+00 5.0000000E-01
