-9.5777285E-01 3.2385336E-01 -1.2656445E+00 -6.2092450E-01 -1.6065615E+00 -3.4461849E-01
-9.8373100E-01 2.2222788E-01 -1.2055846E+00 -7.6330720E-01 -1.4273845E+00 -5.5419716E-01
-1.0195996E+00 1.4459702E-01 -1.1630341E+00 -8.7464586E-01 -1.3008538E+00 -7.3619255E-01
-1.0300407E+00 1.8298042E-01 -1.2107783E+00 -8.4661113E-01 -1.3882629E+00 -6.7267979E-01
-1.0152219E+00 1.9023704E-01 -1.2062086E+00 -8.2544594E-01 -1.3876382E+00 -6.4476880E-01
-1.0004275E+00 1.8080456E-01 -1.1813940E+00 -8.2261149E-01 -1.3575848E+00 -6.4860951E-01
-1.0025751E+00 1.9985904E-01 -1.1999039E+00 -8.0447958E-01 -1.4026116E+00 -6.1357238E-01
-1.0177868E+00 2.1324245E-01 -1.2312238E+00 -8.0548276E-01 -1.4377618E+00 -6.0202531E-01
-1.0274257E+00 2.2068810E-01 -1.2456469E+00 -8.0813961E-01 -1.4722865E+00 -6.0593981E-01
-1.0242781E+00 2.4619509E-01 -1.2523933E+00 -7.6908118E-01 -1.5303119E+00 -5.6010267E-01
-1.0403513E+00 2.7379835E-01 -1.2883678E+00 -7.4893228E-01 -1.5968131E+00 -5.3193042E-01
-1.1090851E+00 3.0427496E-01 -1.3841510E+00 -7.8916527E-01 -1.7104485E+00 -5.1795198E-01
-1.2294321E+00 3.4571389E-01 -1.5332266E+00 -8.5808830E-01 -1.9228455E+00 -5.6930044E-01
-1.3462359E+00 3.9592880E-01 -1.6781386E+00 -9.0863920E-01 -2.1441386E+00 -6.0328148E-01
-1.3960345E+00 4.6625454E-01 -1.7549099E+00 -8.6974669E-01 -2.3565045E+00 -5.3775634E-01
-1.3596505E+00 5.5547522E-01 -1.7612685E+00 -7.1851031E-01 -2.5294672E+00 -3.5691012E-01
-1.2797242E+00 6.5838759E-01 -1.7531072E+00 -5.0019121E-01 -2.6809485E+00 -1.1021590E-01
-1.2058550E+00 7.9605241E-01 -1.7731283E+00 -1.8537819E-01 -2.8346130E+00 1.3346826E-01
-1.1614606E+00 9.4632046E-01 -1.7531919E+00 1.9217453E-01 -2.9655952E+00 3.5639633E-01
-1.1485579E+00 1.0286315E+00 -1.6848664E+00 4.5199224E-01 -3.5000000E+00 5.0000000E-01
