-1.3658030E+00 3.2873924E-01 -1.6882513E+00 -1.0414228E+00 -2.0191465E+00 -7.2533389E-01
-1.2694278E+00 2.2220236E-01 -1.4901381E+00 -1.0482278E+00 -1.7061822E+00 -8.3321789E-01
-1.0826143E+00 1.4528822E-01 -1.2298411E+00 -9.3796578E-01 -1.3621171E+00 -7.9834797E-01
-9.2678386E-01 1.8725622E-01 -1.1135735E+00 -7.3971754E-01 -1.2834639E+00 -5.5011277E-01
-8.9486255E-01 1.9078912E-01 -1.0829903E+00 -7.0334172E-01 -1.2735746E+00 -5.2392949E-01
-9.8936937E-01 1.8703046E-01 -1.1691556E+00 -7.9582802E-01 -1.3586163E+00 -6.3081195E-01
-1.1338616E+00 2.0661832E-01 -1.3369789E+00 -9.2714722E-01 -1.5442123E+00 -7.3416555E-01
-1.2320430E+00 2.1870727E-01 -1.4495518E+00 -1.0144535E+00 -1.6706095E+00 -8.0852011E-01
-1.2320477E+00 2.2640765E-01 -1.4457017E+00 -9.9556788E-01 -1.6874695E+00 -8.0139751E-01
-1.1560198E+00 2.4927122E-01 -1.3996504E+00 -9.1287940E-01 -1.6618430E+00 -6.7969157E-01
-1.0733030E+00 2.7752248E-01 -1.3266213E+00 -7.8762298E-01 -1.6513955E+00 -5.5556617E-01
-1.0423835E+00 3.0463718E-01 -1.3159193E+00 -7.2420013E-01 -1.6795238E+00 -4.7689009E-01
-1.0675642E+00 3.4042296E-01 -1.3666986E+00 -7.0137958E-01 -1.7493025E+00 -4.1596405E-01
-1.1081121E+00 3.7789187E-01 -1.4335462E+00 -7.0040391E-01 -1.8736109E+00 -3.8344678E-01
-1.1213512E+00 4.2364645E-01 -1.4449362E+00 -6.5792273E-01 -1.9858523E+00 -3.1446711E-01
-1.0958446E+00 5.0134862E-01 -1.4633547E+00 -5.4521124E-01 -2.1088011E+00 -1.6085926E-01
-1.0477934E+00 6.1613324E-01 -1.4987424E+00 -3.4057820E-01 -2.3117554E+00 7.7503881E-02
-9.9916896E-01 7.5907542E-01 -1.4999950E+00 -3.8647324E-02 -2.5379275E+00 2.9948902E-01
-9.7223750E-01 9.0161910E-01 -1.4525816E+00 2.7075667E-01 -2.7495492E+00 4.4748810E-01
-9.6676393E-01 9.8089014E-01 -1.3631248E+00 5.0000000E-01 -2.8509343E+00 5.0000000E-01
