-1.4521664E+00 3.1949459E-01 -1.7728182E+00 -1.1338325E+00 -2.0705353E+00 -8.2214933E-01
-1.3667252E+00 2.1247107E-01 -1.5790930E+00 -1.1553141E+00 -1.7826857E+00 -9.4821045E-01
-1.1897697E+00 1.4547345E-01 -1.3350496E+00 -1.0469441E+00 -1.4796041E+00 -9.0702654E-01
-1.0153795E+00 1.8688628E-01 -1.1989071E+00 -8.2973658E-01 -1.3816421E+00 -6.4531958E-01
-9.1385305E-01 1.8946357E-01 -1.1041488E+00 -7.2731466E-01 -1.2818825E+00 -5.3912958E-01
-8.8672424E-01 1.8400324E-01 -1.0686600E+00 -7.0329777E-01 -1.2481067E+00 -5.2456414E-01
-8.9435976E-01 2.0067949E-01 -1.0916227E+00 -6.9720106E-01 -1.2957421E+00 -5.0005941E-01
-9.0389356E-01 2.1596988E-01 -1.1161998E+00 -6.9271200E-01 -1.3318126E+00 -4.7853507E-01
-9.3193909E-01 2.2376852E-01 -1.1518318E+00 -7.1155253E-01 -1.3788847E+00 -4.9683906E-01
-1.0313329E+00 2.4149913E-01 -1.2669262E+00 -7.9394525E-01 -1.5210702E+00 -5.6975352E-01
-1.2303506E+00 2.8457275E-01 -1.4830756E+00 -9.2991024E-01 -1.8236938E+00 -6.9837590E-01
-1.4716990E+00 3.2560411E-01 -1.7612606E+00 -1.1311719E+00 -2.1168947E+00 -8.4340018E-01
-1.6304572E+00 3.5228596E-01 -1.9265177E+00 -1.2594917E+00 -2.3274844E+00 -9.5449458E-01
-1.5913538E+00 3.9564501E-01 -1.8883538E+00 -1.1638923E+00 -2.3925952E+00 -8.4822378E-01
-1.3309057E+00 4.7021995E-01 -1.6529537E+00 -8.0762880E-01 -2.3164450E+00 -4.7575590E-01
-9.6014241E-01 5.5298269E-01 -1.3219894E+00 -3.4940977E-01 -2.1273599E+00 3.3879756E-02
-6.3619607E-01 6.1267683E-01 -9.6478508E-01 6.6747157E-02 -1.9093505E+00 3.9408692E-01
-4.5975131E-01 6.6174381E-01 -7.1958595E-01 3.2388292E-01 -1.7998065E+00 5.0000000E-01
-4.2272239E-01 7.3098596E-01 -6.2136159E-01 4.4261436E-01 -1.9453812E+00 5.0000000E-01
-4.3507817E-01 7.8221697E-01 -6.1247349E-01 5.0000000E-01 -2.0566519E+00 5.0000000E-01
