-1.6739649E+00 3.1878593E-01 -1.9894767E+00 -1.3590608E+00 -2.3066463E+00 -1.0483194E+00
-1.5487897E+00 2.1651198E-01 -1.7643986E+00 -1.3353066E+00 -1.9790425E+00 -1.1307776E+00
-1.2902910E+00 1.4629196E-01 -1.4341877E+00 -1.1452672E+00 -1.5751199E+00 -1.0007848E+00
-1.0096170E+00 1.8169843E-01 -1.1906920E+00 -8.2917362E-01 -1.3737214E+00 -6.5927366E-01
-7.8840287E-01 1.9161809E-01 -9.8001375E-01 -5.9654394E-01 -1.1682435E+00 -4.1910543E-01
-6.8186901E-01 1.8981339E-01 -8.7295462E-01 -4.9141443E-01 -1.0574655E+00 -3.1796424E-01
-7.2529526E-01 1.9578057E-01 -9.2125539E-01 -5.3000146E-01 -1.1003142E+00 -3.3617387E-01
-8.9646558E-01 2.0395638E-01 -1.0998630E+00 -6.9408337E-01 -1.2991289E+00 -5.0250404E-01
-1.1039889E+00 2.1655252E-01 -1.3181644E+00 -8.9078773E-01 -1.5385761E+00 -6.8469792E-01
-1.2336442E+00 2.3317969E-01 -1.4552672E+00 -9.9421847E-01 -1.7014019E+00 -7.8450494E-01
-1.2007415E+00 2.6054657E-01 -1.4447269E+00 -9.3016466E-01 -1.7316001E+00 -7.0706995E-01
-1.0368803E+00 2.9852545E-01 -1.2910346E+00 -7.1743287E-01 -1.6419611E+00 -4.6436431E-01
-8.6783163E-01 3.4025982E-01 -1.1440621E+00 -4.9323278E-01 -1.5512915E+00 -2.2806667E-01
-8.2013015E-01 3.7548202E-01 -1.1325290E+00 -4.1191390E-01 -1.5770257E+00 -1.1045480E-01
-9.5268842E-01 4.0289500E-01 -1.2774275E+00 -5.1206637E-01 -1.7717301E+00 -1.9227320E-01
-1.2285130E+00 4.4098455E-01 -1.5825107E+00 -7.2740135E-01 -2.1315749E+00 -4.2411923E-01
-1.5436730E+00 5.3348838E-01 -2.0510117E+00 -9.8582631E-01 -2.6325647E+00 -5.3809354E-01
-1.7990896E+00 6.8597639E-01 -2.5807876E+00 -1.1703733E+00 -3.0715093E+00 -4.4951011E-01
-1.9448524E+00 8.5138955E-01 -3.1225788E+00 -1.3729298E+00 -3.3743195E+00 -3.2108602E-01
-1.9882527E+00 9.4329497E-01 -3.4186841E+00 -1.4918530E+00 -3.5000000E+00 -2.5623067E-01
