-8.6357280E-01 3.2976478E-01 -1.1936424E+00 -5.3879204E-01 -1.5138983E+00 -2.2129709E-01
-8.8314254E-01 2.2073805E-01 -1.1018878E+00 -6.6698543E-01 -1.3255125E+00 -4.4948200E-01
-9.4640155E-01 1.4455973E-01 -1.0879042E+00 -8.0306220E-01 -1.2260509E+00 -6.5611426E-01
-1.0396662E+00 1.8827539E-01 -1.2270273E+00 -8.5016284E-01 -1.4052329E+00 -6.7153628E-01
-1.1130631E+00 1.9652552E-01 -1.3106149E+00 -9.1570485E-01 -1.5023406E+00 -7.3696087E-01
-1.1209935E+00 1.8751998E-01 -1.3082944E+00 -9.3211497E-01 -1.4892120E+00 -7.6192067E-01
-1.0619804E+00 2.0617064E-01 -1.2641053E+00 -8.5703759E-01 -1.4791550E+00 -6.7014462E-01
-9.8526980E-01 2.1903070E-01 -1.2028274E+00 -7.6843723E-01 -1.4213053E+00 -5.6381015E-01
-9.6586770E-01 2.2479043E-01 -1.1850162E+00 -7.4372255E-01 -1.4186092E+00 -5.3217383E-01
-1.0436104E+00 2.4041439E-01 -1.2793091E+00 -8.0551858E-01 -1.5339108E+00 -5.8732166E-01
-1.1912919E+00 2.7324288E-01 -1.4463605E+00 -9.0629236E-01 -1.7535184E+00 -6.7820832E-01
-1.3285080E+00 3.1217939E-01 -1.6091348E+00 -9.9815129E-01 -1.9817103E+00 -7.5187810E-01
-1.3792106E+00 3.5748778E-01 -1.6948962E+00 -1.0072068E+00 -2.0812995E+00 -6.8297571E-01
-1.3236912E+00 4.0371028E-01 -1.6554889E+00 -9.0372791E-01 -2.1167945E+00 -5.5116520E-01
-1.1907007E+00 4.5892140E-01 -1.5079889E+00 -6.9006579E-01 -2.1266336E+00 -3.4999872E-01
-1.0397880E+00 5.3090935E-01 -1.3927597E+00 -4.4682642E-01 -2.1362783E+00 -9.0819109E-02
-9.2223660E-01 6.1137822E-01 -1.3523480E+00 -2.1433317E-01 -2.1661138E+00 1.7482602E-01
-8.6136520E-01 7.1466123E-01 -1.3352347E+00 2.7632263E-02 -2.2996325E+00 3.6952041E-01
-8.4574581E-01 8.4518422E-01 -1.2718184E+00 3.0913408E-01 -2.5000638E+00 4.8508657E-01
-8.4829540E-01 9.2567562E-01 -1.1929979E+00 5.0000000E-01 -2.6463911E+00 5.0000000E-01
