-1.0613409E+00 3.2012844E-01 -1.3773351E+00 -7.4410201E-01 -1.6862864E+00 -4.2446192E-01
-1.0608742E+00 2.1615380E-01 -1.2744657E+00 -8.4979365E-01 -1.4841633E+00 -6.2996340E-01
-1.0604359E+00 1.4575180E-01 -1.2048662E+00 -9.1433363E-01 -1.3467500E+00 -7.7688395E-01
-1.0566618E+00 1.8194571E-01 -1.2359027E+00 -8.7896618E-01 -1.4134620E+00 -6.9621930E-01
-1.0412780E+00 1.9077140E-01 -1.2293868E+00 -8.5063381E-01 -1.4216137E+00 -6.7471734E-01
-1.0067367E+00 1.8900220E-01 -1.1930457E+00 -8.1977741E-01 -1.3760188E+00 -6.3339557E-01
-9.5822402E-01 2.0346243E-01 -1.1585637E+00 -7.5507226E-01 -1.3679587E+00 -5.6492700E-01
-9.2297537E-01 2.1546509E-01 -1.1342093E+00 -7.0903666E-01 -1.3536847E+00 -5.0633342E-01
-9.2782733E-01 2.1786622E-01 -1.1417509E+00 -7.1340395E-01 -1.3663646E+00 -5.0392127E-01
-9.6606627E-01 2.2837106E-01 -1.1902310E+00 -7.3832900E-01 -1.4191947E+00 -5.1980681E-01
-1.0049055E+00 2.5295621E-01 -1.2522788E+00 -7.5793326E-01 -1.5182009E+00 -5.1870006E-01
-1.0107964E+00 2.9192065E-01 -1.2931757E+00 -7.2410695E-01 -1.6114015E+00 -4.6276371E-01
-9.9094625E-01 3.4248569E-01 -1.2797937E+00 -6.1737111E-01 -1.6792320E+00 -3.4399534E-01
-9.9124983E-01 3.9139209E-01 -1.3195243E+00 -5.6257413E-01 -1.7736880E+00 -2.6715645E-01
-1.0581674E+00 4.2064726E-01 -1.3964376E+00 -5.9430099E-01 -1.9113663E+00 -2.7401010E-01
-1.2011988E+00 4.5707042E-01 -1.5696557E+00 -6.9425532E-01 -2.1193359E+00 -3.4103486E-01
-1.3832124E+00 5.4885001E-01 -1.8716976E+00 -7.9332449E-01 -2.4817098E+00 -3.1940234E-01
-1.5499247E+00 7.0478585E-01 -2.2924432E+00 -8.1014040E-01 -2.8814880E+00 -2.1438396E-01
-1.6580249E+00 8.8053354E-01 -2.7270406E+00 -8.0022782E-01 -3.2275855E+00 -3.4550287E-02
-1.6963607E+00 9.7517382E-01 -2.9112942E+00 -7.6389514E-01 -3.5000000E+00 5.0000000E-01
