# chi2_tot  chi2_prior  chi2_data
   791.902     7.62287    784.279
   797.871     9.03563    788.835
   770.749     6.12729    764.622
   751.516     6.32703    745.189
   827.874     8.21902    819.655
   782.953     5.84137    777.111
   796.945      6.7852    790.159
   821.914     4.88699    817.027
   820.136     8.95683    811.179
   793.783     8.28768    785.496
   758.563     7.05147    751.512
   807.517     9.66373    797.853
    824.73      7.1126    817.618
   820.784     7.64022    813.144
   727.327     6.43976    720.887
   751.978     6.07567    745.902
   805.141     6.54386    798.598
   747.524     8.66146    738.863
    769.47     7.02165    762.449
   804.332     6.92552    797.407
   775.669     6.45997    769.209
   780.665     7.58704    773.078
   789.713     7.25434    782.458
    849.23     6.28399    842.946
   799.946     5.76713    794.179
   727.938     7.11807     720.82
    755.59     7.32187    748.268
   762.371     9.23117    753.139
   760.078     6.14476    753.933
     788.9     8.06443    780.836
    802.34     7.13585    795.204
    843.21     6.79321    836.417
   834.597     8.79093    825.806
   783.478     5.04072    778.437
   813.032     7.33681    805.696
    811.02     6.87623    804.144
       838     6.89542    831.105
   750.616      8.0708    742.545
   837.272     7.07158      830.2
   827.742     7.42881    820.313
   829.889     8.64123    821.248
   811.435     7.78151    803.653
   788.738     7.18358    781.555
   780.192     7.71331    772.478
    803.56     7.61051    795.949
   802.829     4.32996    798.499
   796.006     9.45844    786.547
   790.472     6.81414    783.658
    848.34     5.78507    842.555
   819.559     5.90061    813.658
   794.202     7.23952    786.962
   837.633     7.19292     830.44
    796.57     7.17697    789.393
   800.286     7.76263    792.523
   842.923     7.44376     835.48
   805.765     7.33449     798.43
   834.624     5.45195    829.172
   762.656     6.27345    756.382
   736.402     4.70302    731.699
   805.687     7.88583    797.801
   892.683     6.66829    886.014
   787.756      4.6989    783.057
   757.779     9.09612    748.683
   810.045     8.88163    801.163
   872.899     6.37881     866.52
   839.231     7.58665    831.645
   731.514     6.71221    724.802
   826.747     7.74782    818.999
   763.265     6.37225    756.892
   847.144     7.10719    840.036
   754.791     7.52309    747.267
   756.752      8.9472    747.805
   784.461     7.02417    777.437
    765.23     6.99983     758.23
   817.632     6.63105    811.001
   748.398     7.22781     741.17
   761.496     11.4206    750.075
   795.742     5.93791    789.804
   849.376     6.42064    842.955
   841.786     6.98254    834.803
   910.701     7.63521    903.066
   764.998      7.6902    757.308
   714.294      6.2889    708.005
    803.49     5.01992     798.47
   741.312      7.8281    733.484
    803.77     5.57036      798.2
   784.636     7.08398    777.552
   753.235     5.99739    747.238
   766.425     7.47719    758.947
   758.835     8.96201    749.873
   769.008     5.23467    763.773
    818.05      6.8294     811.22
   784.675     8.45229    776.223
   782.392     7.04337    775.349
   792.256     9.65171    782.604
   774.868     4.92658    769.941
    705.15     8.14899    697.001
   835.498     8.12016    827.378
   809.103     6.32161    802.782
   726.141     6.24422    719.897
   829.129     5.67042    823.459
    785.91     7.53102    778.379
   743.368     9.18543    734.183
   876.182     7.09119    869.091
   821.922     8.62368    813.298
   811.831     10.0641    801.767
   830.727      6.9267      823.8
    783.47     7.70005     775.77
   775.733     7.92165    767.811
   809.165     7.27212    801.893
   781.446     7.19428    774.252
   769.352     6.88992    762.462
   789.237     5.56671    783.671
   758.069     8.05535    750.014
   813.325     7.20032    806.125
   747.435     6.59716    740.838
   784.003     8.17502    775.828
   801.452     6.86227     794.59
   797.985     8.78682    789.198
   774.297     6.14304    768.154
   821.561     9.23174    812.329
   728.828     7.51725    721.311
    833.65     7.60943     826.04
   794.428     6.54395    787.884
   769.041     5.37012    763.671
   814.785      6.4073    808.378
   815.048      7.6004    807.447
   780.369     5.67496    774.694
   811.644     8.77694    802.867
   828.132     5.56416    822.568
   785.512     6.74254    778.769
   824.717     7.19372    817.524
   874.563     6.80805    867.755
   722.213     8.18581    714.027
   781.883     7.81916    774.064
   733.628     6.08813     727.54
   812.692     8.31259     804.38
   747.425     7.92248    739.502
   778.745     6.76723    771.978
   809.257     6.12831    803.128
   809.986     7.43146    802.554
    784.55     5.60071    778.949
   900.622     7.20703    893.415
   791.557     6.50197    785.055
    727.89     5.73963     722.15
   751.587     7.62797    743.959
   748.281     8.35399    739.927
   739.911     7.37774    732.533
   801.509     8.03333    793.476
   837.415     5.61199    831.803
   808.321     5.74108     802.58
   927.376     7.33788    920.038
     749.4     3.96887    745.431
   797.273     8.21815    789.055
   794.807     8.49402    786.313
   819.937      6.7984    813.138
   739.189     5.57436    733.614
    755.92     6.13573    749.784
   754.592     9.92755    744.664
   779.195     6.79848    772.396
   780.579     5.10619    775.473
    825.63     7.62159    818.008
   804.412     8.13386    796.278
   780.329     5.44387    774.885
    780.39     6.68969      773.7
   781.837     6.56618    775.271
   860.531     8.54715    851.983
   828.134     7.84948    820.285
    813.46     4.95206    808.508
   789.442     8.62396    780.818
   837.209     8.51972    828.689
   842.018     7.86665    834.152
   773.836     6.12518    767.711
   796.182     4.47286    791.709
   816.232     6.75593    809.476
   797.476     10.1296    787.347
   819.471     8.08279    811.388
   842.056     6.71649    835.339
   788.756     9.01142    779.745
   792.207     4.45814    787.749
   854.713     8.81282      845.9
   773.916      7.2118    766.704
   802.057     8.08777    793.969
   800.343     6.49574    793.848
   819.631     7.69525    811.936
   803.373     6.16933    797.203
   857.171     8.91437    848.257
   839.778     6.13716    833.641
   796.084      7.7623    788.321
   872.404     7.38037    865.024
   853.765     7.19527     846.57
    691.85     5.22693    686.623
   813.662     8.00555    805.657
   812.549     6.47625    806.073
   754.657     5.79004    748.867
   706.918     6.87914    700.038
   758.308     9.41407    748.894
     825.6     7.51085    818.089
   735.347     7.07339    728.273
   815.391     6.77248    808.619
    787.34     6.86019     780.48
   792.111     7.06361    785.047
   872.299       3.979     868.32
   848.865     6.09892    842.766
   753.125     4.84654    748.279
    819.29     6.67717    812.613
   821.726     7.84203    813.884
    824.23     7.97191    816.258
   734.753     4.95817    729.794
   793.937     5.54292    788.394
   766.854     6.78366     760.07
   771.784     8.27484    763.509
   783.326      6.1003    777.226
   759.314     6.93278    752.382
   723.399     6.93401    716.465
   841.641     6.79975    834.841
   810.142     8.82012    801.322
   805.106     7.84686     797.26
   782.562     8.87302    773.689
   824.288     5.10836     819.18
   777.472      5.8907    771.582
    803.34      5.0001     798.34
   842.723     7.32758    835.396
   817.309     6.52123    810.787
   786.476     9.09857    777.377
   732.974     7.30027    725.674
   859.627     7.62951    851.998
   750.509     7.99216    742.517
   823.429     5.72694    817.702
   754.984     7.94337     747.04
   778.894     6.97477    771.919
   855.227     8.08362    847.143
   741.929     4.98889     736.94
   765.905     6.94003    758.965
   801.612     6.85134    794.761
   784.263     6.97926    777.283
    846.94     7.34438    839.596
   773.501     6.24852    767.252
   870.453      7.1718    863.281
   805.332      7.7783    797.554
   806.956     7.42811    799.528
   745.741     9.04647    736.694
   747.125      7.7354     739.39
   820.378     7.39767     812.98
   800.985     5.55154    795.433
   777.229     8.80654    768.422
   772.334     6.59364     765.74
   782.366     8.67171    773.694
   860.525     7.80629    852.718
   772.333     6.22461    766.108
   796.021     6.06364    789.958
   760.972     6.17132    754.801
   788.138     9.01473    779.123
   807.533     6.77983    800.753
   854.318      7.1602    847.158
   722.766     6.03621     716.73
   791.032     7.91305    783.118
   809.183     6.87609    802.307
   795.471     7.71751    787.754
   812.951     7.85163    805.099
   740.663     5.30565    735.357
   823.249     8.30295    814.946
   771.951     6.19554    765.755
   735.457     6.07275    729.385
   859.526     6.46013    853.065
   765.504      9.6535    755.851
   882.151     8.83397    873.317
    781.41     7.80646    773.604
   794.625      7.3564    787.268
   783.332     7.18874    776.143
   808.228     4.33566    803.892
   747.149     6.42013    740.729
   862.586     7.49587     855.09
   751.382     9.23643    742.145
   788.029     7.23423    780.795
    737.29     8.92649    728.363
   771.651     6.09318    765.558
   752.687     5.52039    747.167
   734.363     10.0158    724.347
   825.458     8.92033    816.538
   804.479     6.36876    798.111
   822.222     7.46837    814.754
     789.8     7.03682    782.763
   767.888     6.65902    761.229
   766.787     5.84691     760.94
   811.669     7.48563    804.183
   754.023     6.57399    747.449
   802.131     8.44865    793.682
   790.499     6.70091    783.798
   771.667     5.04585    766.622
   789.415     7.00786    782.407
   777.504      7.7719    769.732
    813.42     7.44595    805.974
   791.872      9.0545    782.817
   798.026     6.49939    791.527
   755.525      7.7523    747.773
   850.415     6.87855    843.536
   856.557     7.82655    848.731
     796.1     4.74967     791.35
   823.273     5.85143    817.422
   785.096     6.35051    778.746
   756.462     7.27322    749.189
   836.786     5.43385    831.352
   794.018      6.9662    787.051
   842.574     4.70559    837.868
   825.348     8.35575    816.992
   835.891     7.20702    828.684
   869.886      7.0136    862.873
   782.033     6.23886    775.794
   831.643     9.01517    822.627
   808.548      8.4398    800.109
   811.672     5.67581    805.996
   819.113     7.22263    811.891
    804.76     6.80982    797.951
   849.154     8.36411     840.79
    749.92     5.56921    744.351
   786.022     6.58968    779.432
   775.423     5.84571    769.577
   781.102     6.70765    774.395
   810.269     7.90442    802.364
   841.077     4.78897    836.288
   785.481      9.4818    775.999
   814.194     7.22247    806.972
    761.94     9.41195    752.528
   750.246     8.30554     741.94
   758.998     8.13384    750.864
   857.247     6.61014    850.637
   769.763     7.38678    762.377
   803.624     6.94157    796.682
   774.855     4.99123    769.863
   835.718     6.49344    829.225
   782.803     4.71717    778.086
   812.275     9.08115    803.193
   841.097     5.63711     835.46
   775.705     8.35812    767.346
   758.648     9.16523    749.482
   828.536     5.97403    822.562
   760.703     7.93189    752.771
   813.836     6.94983    806.886
   782.986     7.83418    775.152
   783.933     11.5444    772.388
   780.944      4.7649    776.179
   839.789     8.21377    831.575
    796.59     10.8955    785.694
   785.621     7.07674    778.544
   811.768     6.95427    804.814
   808.591     7.28763    801.304
   754.809     6.87296    747.936
   831.678     5.00317    826.675
   778.215     7.18378    771.031
     771.2     7.68152    763.518
   730.655     9.11612    721.539
    726.39       7.767    718.623
   752.232     7.07352    745.158
   715.602     8.09232     707.51
    833.14     5.69955     827.44
   743.567     5.82635    737.741
   792.897     8.14856    784.748
   800.339     5.19631    795.143
   810.826     6.84959    803.976
   832.348      5.4787     826.87
   813.451     7.47693    805.974
   789.541     5.64277    783.898
   702.919     8.01166    694.907
   827.018     7.12669    819.892
   839.284     7.75818    831.526
   809.076     5.54953    803.526
   735.338     6.86825    728.469
    763.87     6.99967     756.87
   760.374     8.67103    751.703
   835.536     4.67474    830.861
   821.132     5.23152    815.901
   783.557     7.08634     776.47
   854.205     8.19404    846.011
    813.28     7.37271    805.907
   789.753     6.09045    783.663
   765.612     7.12023    758.492
   774.942     7.28646    767.656
   846.926     7.11999    839.806
   777.433     6.57083    770.862
   786.587     9.00649     777.58
   768.571     7.74688    760.824
   782.872     8.11398    774.758
   830.255     6.97634    823.279
   823.463     7.78526    815.678
     802.2     9.15663    793.044
   841.202      6.2704    834.931
   826.002     10.6032    815.399
   760.646     7.13265    753.513
   795.744     4.57561    791.168
   839.378     7.23633    832.142
   768.951      7.1501    761.801
   717.721     5.92091      711.8
   736.017     7.44453    728.572
   693.486      9.0938    684.392
    822.19     8.25606    813.934
   747.759     7.35877    740.401
   741.995     6.32377    735.672
   788.592     8.59141    780.001
   727.274     7.51014    719.764
   773.553     7.76668    765.786
   806.164     9.12764    797.036
   730.176     10.2511    719.925
   849.478     5.75134    843.726
   801.113     9.14326     791.97
   822.697     5.47003    817.227
   799.496     9.97362    789.523
   796.231     4.89529    791.336
   891.783     8.70109    883.082
   824.851     6.85859    817.993
   835.173     8.12511    827.048
   810.173     6.91202    803.261
   726.794     6.33213    720.462
   786.731     7.55554    779.176
   724.852     7.16172     717.69
   862.215      6.0026    856.213
   800.544     7.25737    793.287
   813.581      5.8941    807.687
   802.188     7.53115    794.657
   813.928     6.68535    807.242
    783.56     8.07001     775.49
   774.191     3.61782    770.574
   725.924     6.66349    719.261
    775.17     6.69121    768.479
   784.679     7.88984    776.789
   755.543     6.03483    749.508
   753.095     5.13703    747.958
   796.329      6.4628    789.866
   821.605     8.25543    813.349
   840.391      7.5802     832.81
   811.049     7.34242    803.706
   758.103     8.81582    749.287
   778.723     7.81518    770.908
   846.612     5.99931    840.613
   872.209     7.83789    864.371
   810.632     7.00221     803.63
   820.891      9.0952    811.796
   883.279     6.08687    877.192
   774.929      9.1543    765.774
   783.184     7.41451    775.769
   790.667     6.99586    783.671
   771.524     6.21255    765.311
   845.612     6.87094    838.741
   751.842     6.49468    745.347
   752.165     6.70324    745.462
   781.688     6.97208    774.716
    811.27     5.84105    805.429
   709.869     5.42777    704.441
   834.765     7.00796    827.757
   810.397     9.02809    801.369
   836.588     8.21316    828.375
   708.385     9.43766    698.947
   781.876      8.1058     773.77
   825.461     5.65374    819.808
   771.702     7.51094    764.191
   752.155     8.18341    743.972
   794.024     6.27146    787.752
   801.083     6.82316    794.259
   786.961     7.22677    779.734
   859.456     7.30104    852.155
   773.093     7.51153    765.582
   765.251     5.20993    760.041
   759.492     9.69467    749.797
   801.732     7.12557    794.607
   796.435     10.2752     786.16
     816.1     9.52573    806.574
    706.14     6.96905    699.171
   831.713     4.34215     827.37
   782.149     6.91368    775.236
   808.751     7.48747    801.264
   785.327     5.53276    779.794
   766.849     7.00762    759.841
   750.825     8.00629    742.819
   748.475     6.60856    741.866
   862.975     6.51319    856.462
   738.903     5.95994    732.943
   776.353     5.95368    770.399
   917.142     7.67785    909.464
   820.223     6.40396    813.819
   803.505     6.64753    796.857
   785.502     7.70085    777.801
   752.493     8.98964    743.503
   754.142     6.70516    747.437
   857.124     6.93992    850.184
   789.595     8.24407    781.351
   801.591     9.27536    792.316
   816.196     5.85969    810.337
   746.733     8.20701    738.526
   789.915     7.72991    782.185
   817.775     8.20922    809.566
   806.063     7.15058    798.912
   851.824     6.91355     844.91
   834.623     7.87877    826.744
   795.397      8.1491    787.248
    848.24     8.52588    839.714
   735.889     7.59822    728.291
   782.628     8.87752    773.751
   822.693     8.10886    814.584
   789.273     7.62692    781.646
   756.302     7.51324    748.788
   879.382     7.27192     872.11
   792.061     8.70276    783.359
   813.837     5.52918    808.307
   809.809     6.82242    802.987
   800.893     7.36345     793.53
   765.776     5.09546    760.681
   805.123     8.23221    796.891
   835.276     7.85404    827.422
   926.104     7.51455    918.589
   761.512     6.51072    755.001
   759.148     6.35698    752.791
   822.754     6.71416     816.04
   797.394     7.01847    790.376
    718.33     8.08398    710.246
   840.781     7.31914    833.461
   752.355     6.60396    745.751
   811.277     6.81808    804.459
   790.325     6.35086    783.974
   783.248     9.13657    774.111
   837.621     6.46822    831.153
   798.786     7.51375    791.272
   761.025     5.79471     755.23
   838.494     6.73292    831.761
   758.324     8.33226    749.992
   779.016     9.05063    769.965
   749.208     7.21972    741.988
   773.265     8.22273    765.042
   857.128     6.94821     850.18
   768.235     4.87233    763.363
   796.927     8.05153    788.876
   814.059     6.82572    807.233
   820.033     8.20598    811.827
   854.228     8.83298    845.395
   798.778     7.36238    791.416
   793.802     8.94267    784.859
   791.919     7.50154    784.418
   781.989     7.36614    774.622
   733.474     8.47081    725.003
   754.803     6.77054    748.033
   805.486      8.0508    797.435
   811.681     11.2277    800.453
   803.214     4.43455    798.779
   760.522      6.9145    753.607
   752.451     5.99798    746.453
   781.165     5.75914    775.406
   746.445     7.90626    738.539
   792.421     7.66799    784.753
    738.71     8.50866    730.202
   775.978     5.83651    770.142
   692.854     6.80481     686.05
   773.693     6.39921    767.293
   725.015     9.56303    715.452
   779.818     7.91641    771.902
   786.151     6.74152     779.41
   815.434     6.07279    809.361
   739.612     8.39564    731.216
   771.578     6.76079    764.817
   661.266     7.37746    653.888
   815.587     6.48185    809.106
   765.639     5.54541    760.094
   815.087     7.41433    807.672
   778.978     6.59882    772.379
     743.8      4.5571    739.243
   759.085     5.67127    753.414
   838.139     7.96852    830.171
   834.497     7.06641    827.431
   817.209     6.50737    810.702
   787.978     7.59613    780.382
   726.975     5.84384    721.131
   743.021     7.50116     735.52
   770.046     8.98462    761.061
   798.748      6.7098    792.039
   818.029     7.85604    810.173
   742.656     5.91475    736.741
   763.802     7.54245    756.259
   760.242     11.1062    749.136
   788.043     8.25531    779.788
   778.831     7.87539    770.955
   760.462     5.72704    754.735
   783.357     5.73479    777.622
   793.014       5.274     787.74
   880.756     8.23444    872.522
   766.386      6.3248    760.061
   786.753     5.05901    781.694
   847.871     8.33807    839.533
    840.49     7.09364    833.396
   818.559     4.68379    813.875
   784.828      7.1935    777.634
   788.794     5.75693    783.037
   758.173     8.00627    750.166
   806.304     6.50654    799.797
    784.66     7.23253    777.428
   789.295     7.65971    781.636
   840.151     6.52754    833.623
   793.135     6.81319    786.321
   783.759      6.4492     777.31
   789.357     9.79532    779.562
   770.932     7.09861    763.834
   840.457     7.21442    833.242
   829.324     6.99456    822.329
   798.217     9.63502    788.582
   837.717     7.88243    829.835
   755.342     8.54932    746.793
   767.519     7.93824    759.581
   849.947     6.06184    843.885
   678.559     6.17513    672.384
   762.464     9.09831    753.366
   884.485     7.60661    876.879
   791.214     5.95737    785.257
   720.343     8.44425    711.899
   724.087      5.2722    718.815
   745.078     6.29424    738.784
    821.41     6.40897    815.001
   794.269     7.93104    786.338
   747.366     7.33395    740.032
   804.615     7.92494     796.69
   765.002     8.51745    756.484
   798.543     5.08997    793.453
    813.43     7.40249    806.028
   768.307     8.24653    760.061
   771.983     5.99919    765.983
   759.451     6.67219    752.779
    789.69     7.32289    782.367
   791.504     6.37998    785.125
   815.384     3.87989    811.504
   757.712      5.3748    752.337
   702.951     8.59283    694.358
   860.736      6.8831    853.853
   851.394     8.76995    842.624
    765.85     8.63432    757.216
   818.788     6.71017    812.078
   771.289     7.19745    764.092
     785.1     5.34276    779.757
   770.946     7.48389    763.462
   742.971     5.70763    737.263
   820.446     7.50797    812.938
   742.587     5.58069    737.006
   802.375     6.53247    795.842
   779.948     9.49251    770.455
   824.414     8.66379     815.75
   785.332     8.82302    776.509
   801.543     9.44479    792.098
   849.178     6.64264    842.536
   774.222     7.59956    766.623
   821.734     7.74919    813.985
   748.968     5.86265    743.105
   771.101       7.969    763.132
    770.02      8.3518    761.668
   712.576     8.78604     703.79
   758.621     8.52025    750.101
   767.454     8.72049    758.734
   791.995     7.49054    784.504
   816.974     8.49591    808.478
   751.451     5.75721    745.693
   820.941     8.88702    812.054
   778.846     7.85696    770.989
   795.068     6.71136    788.357
   833.375     7.08561    826.289
   833.883     8.54227    825.341
    762.02     7.44134    754.578
   769.059     8.04201    761.017
    829.03     8.53105    820.499
   782.662     7.77584    774.886
   827.109     7.67461    819.435
   765.128     6.10427    759.024
   753.936     7.22024    746.716
    763.89     6.84618    757.044
    772.61     6.62073     765.99
   789.649     6.72352    782.926
   811.465     4.76949    806.696
   815.123     6.68789    808.435
   819.116     8.79423    810.322
   781.415     8.29399    773.121
   835.708     7.14568    828.562
    707.53     8.08414    699.446
   756.427      8.1334    748.293
   810.459     6.54187    803.917
   756.671     8.35105     748.32
   758.768     8.26663    750.501
    795.21     8.81493    786.395
   813.206     7.77337    805.433
   879.331     6.92716    872.404
   768.808     7.18056    761.628
   842.843     7.18137    835.661
   797.462     5.70592    791.756
   786.924     7.73687    779.187
   795.863     6.22131    789.642
   843.006      8.1847    834.822
   783.904     6.74482     777.16
   764.953     9.38107    755.572
   763.702     6.74221     756.96
   791.462     7.71603    783.746
   789.009     8.72855     780.28
    724.78     5.31009    719.469
   776.355     6.18877    770.166
   798.941     6.17521    792.766
   771.191     5.79413    765.396
   729.058     9.38966    719.669
   790.841     8.41834    782.422
   773.129     6.90905     766.22
   776.672     7.28029    769.392
   817.638     8.23498    809.403
   683.856     6.10544     677.75
   820.568     9.41318    811.154
   767.853      6.1883    761.665
   823.143     9.41786    813.725
    784.64     5.97345    778.666
   773.831     8.27686    765.554
   795.855     8.95951    786.896
   782.125     6.20874    775.916
   833.505     7.24845    826.256
   790.832     6.65942    784.173
   747.097     6.95017    740.147
   764.094     7.36876    756.726
   772.296     6.69673      765.6
   729.527     7.80752     721.72
   746.363     5.91532    740.448
   767.076     7.63037    759.446
   770.446     4.38445    766.062
   705.858     7.90399    697.954
   781.959     8.16958    773.789
   764.986     8.44632    756.539
   754.405     7.76919    746.636
   768.791     6.31718    762.474
   714.894     8.66269    706.231
   839.314     7.37684    831.937
   852.436     8.10966    844.327
   753.663     6.30108    747.362
   785.449     6.78383    778.665
   752.022     7.20317    744.819
   836.394     8.21651    828.177
   784.606     8.63696    775.969
   853.214     9.23004    843.983
     787.4     7.56485    779.835
   871.406     6.94286    864.463
   707.298     7.49178    699.806
   809.705     5.33156    804.374
   765.252     7.98653    757.265
    726.99     6.72682    720.263
   770.858     6.76388    764.094
   750.361     7.30952    743.052
    728.51     5.66551    722.845
   762.269     8.99762    753.272
   812.991     10.0722    802.919
   843.142     7.73977    835.402
   745.058     4.96339    740.095
   809.806     6.20905    803.597
   806.248     7.85604    798.392
   737.386     8.64449    728.742
    754.08     7.50337    746.576
   749.351     6.74255    742.609
   811.892     8.74213     803.15
   780.418     6.44417    773.974
   800.518      6.0644    794.453
   743.989      6.4394    737.549
   746.455     5.38599    741.069
   762.997     5.22434    757.773
   782.366     6.68616     775.68
   846.058     5.15056    840.907
   773.407     9.59364    763.813
    808.43     7.26004     801.17
   761.835     7.72881    754.106
   822.172     6.67469    815.498
   753.679      9.8555    743.824
   815.894     8.55112    807.343
   759.613     5.35224     754.26
   802.839     8.30137    794.538
   861.878     7.88388    853.994
   755.377     6.46284    748.914
   769.879     6.63945    763.239
   804.095     7.89253    796.203
   805.896     4.96957    800.927
   774.203     5.91366    768.289
   802.551     9.52464    793.027
   804.875     6.88882    797.987
   852.844     6.93465    845.909
   786.148     7.75477    778.393
   749.524      7.7123    741.812
   770.866     8.22691    762.639
   768.873     8.17325      760.7
   878.509     8.01063    870.498
   691.063     7.78166    683.282
   841.202     7.02781    834.174
   733.049     7.43191    725.617
   732.271      8.1159    724.155
   752.531      7.9691    744.562
   805.734     5.79997    799.934
   778.153     5.36562    772.787
   703.636      6.8137    696.822
   818.621     9.29703    809.324
   833.428      7.9814    825.447
   771.438     7.43372    764.004
   758.314      8.7461    749.568
   794.417     6.73578    787.681
   775.634     6.12186    769.512
   795.396     6.38254    789.014
   782.416     8.18565    774.231
   820.869     5.43968     815.43
   801.635     4.77791    796.858
   697.504     8.11043    689.394
   824.961     8.27065     816.69
    819.04     4.76077    814.279
   772.207     6.80683      765.4
   755.518     6.33186    749.186
   782.667     5.92534    776.742
   714.279     7.75611    706.523
   854.352     6.93737    847.415
   780.149     9.48398    770.665
   830.889     7.46721    823.422
   742.438     5.32259    737.115
   793.071     6.92407    786.147
   746.049     7.58972    738.459
   844.538     5.51655    839.021
   744.409     5.83526    738.574
   750.373     6.87428    743.499
   791.672     6.46083    785.212
   803.955     8.85561    795.099
    823.99     6.91717    817.073
   755.301     7.03255    748.268
   826.456     6.19198    820.264
   757.905     6.06494     751.84
   761.069     7.42602    753.643
   794.904     7.58523    787.318
   784.754       10.93    773.824
   792.177     8.42287    783.754
   846.299     6.34569    839.953
   799.129     5.30834     793.82
   740.009     6.35448    733.654
   815.992     4.50248     811.49
   728.196     7.50904    720.687
   680.419     6.10166    674.318
   775.103     6.88548    768.218
   813.261     7.29387    805.967
   841.045     6.68939    834.355
   761.109     4.79597    756.313
   794.049     9.68383    784.365
   804.244     7.36219    796.882
   828.865     8.14643    820.719
   767.072      6.9239    760.148
   823.955     7.83459    816.121
   762.837     8.37088    754.466
   768.835     6.54573    762.289
   772.577     6.43912    766.138
   826.615     7.50665    819.108
   771.395     8.56375    762.832
   786.906      7.9487    778.958
   802.066     7.42994    794.636
   763.489     8.76204    754.727
   825.202     5.40328    819.799
   841.862     7.38276    834.479
   788.259     7.70862    780.551
   799.008     8.18356    790.824
   777.231      7.6918     769.54
   760.734     6.84182    753.892
   845.261     7.25566    838.006
   864.998     7.18498    857.813
   762.378     7.45055    754.928
   818.738     6.73276    812.005
   791.645     6.47172    785.174
   780.182     5.55502    774.627
   778.561     6.78106     771.78
   778.038     9.02641    769.011
   752.352     8.17071    744.182
   715.167     7.16501    708.002
   769.629     7.15006    762.479
    848.24     9.31179    838.928
   816.356     5.50831    810.848
   759.999     7.65759    752.341
    789.48      8.1247    781.355
    760.49     4.86493    755.625
   797.533     7.41165    790.121
   714.204     6.78994    707.414
   854.201     5.71186    848.489
   799.712     9.05919    790.653
   753.543     7.48926    746.054
   762.737      7.2873     755.45
   735.381     5.68203    729.699
   709.875     6.38298    703.492
    742.94     4.62282    738.317
   781.886     6.43692     775.45
   777.602     7.93753    769.664
   777.266     8.11677    769.149
   720.376     8.24501    712.131
   802.522      7.5215    795.001
   808.073     8.04113    800.032
   817.222     7.18302    810.039
   823.172     6.51461    816.657
   783.813     5.93235    777.881
   835.587     7.62898    827.958
   840.887     7.39072    833.497
   791.112     6.04996    785.062
   817.456     7.51849    809.938
   760.566     4.95259    755.613
   748.335      4.3534    743.981
   852.222      8.0886    844.133
   818.898     6.78564    812.112
   806.388     7.70994    798.678
    768.32     8.22294    760.097
   862.902     6.62702    856.275
   794.522     5.47509    789.047
   835.732     6.39141    829.341
   785.601     7.32183     778.28
   796.368     7.38757    788.981
   813.432     8.25927    805.173
   803.801       10.13    793.671
   759.342     3.35716    755.985
   764.515     6.56452    757.951
   806.705     6.21079    800.494
   741.479     6.92822    734.551
   779.022     6.79728    772.225
   752.942     7.70779    745.234
    759.34     7.67785    751.663
   779.598     5.60474    773.993
   814.016     7.94052    806.075
   867.862     7.65115    860.211
   811.322     7.59748    803.724
   739.587     6.95923    732.627
   779.231     7.12976    772.101
    836.58     7.11799    829.462
   796.476     6.91453    789.562
   816.474     5.44516    811.029
   806.838     7.90534    798.933
   815.692     6.42237     809.27
   733.805     5.75699    728.048
   830.916     5.85551    825.061
   789.954     8.20487    781.749
     726.5     7.37621    719.124
   793.774     5.24532    788.528
   789.536      7.9451    781.591
   805.051     8.01623    797.035
   753.429     6.68601    746.743
    791.71     6.33402    785.376
   752.654     8.96875    743.685
   811.772     7.20176     804.57
   778.784     5.62619    773.158
   773.574     7.09027    766.484
   737.836     6.35787    731.478
   752.144     6.63454     745.51
   764.462      7.4854    756.977
   774.537     8.79085    765.746
   776.277     6.94393    769.333
   790.891     6.82811    784.063
   817.204     8.51721    808.687
   830.492      8.5034    821.988
   833.375      7.2441    826.131
   776.112     6.50263     769.61
   833.945     4.32644    829.618
    798.91     8.37137    790.539
   846.145     8.12481     838.02
   732.355     6.42363    725.931
   761.514     5.41126    756.102
   806.547     4.49347    802.054
   743.393     10.2262    733.167
   744.173     5.95528    738.218
   871.757     6.06688    865.691
   822.293     8.08075    814.213
   714.289     8.71944     705.57
   782.937     6.23945    776.697
   735.367     7.25173    728.115
   683.457      5.9556    677.501
   859.585     7.34313    852.242
   785.502     7.69528    777.807
   779.886     4.72676     775.16
   761.809     7.38836     754.42
   837.572     6.21831    831.354
   813.156     8.30526     804.85
   791.039     7.22602    783.813
   805.819      7.2654    798.554
   775.083     6.06219    769.021
   772.477     7.35479    765.122
   769.556     6.55187    763.004
   806.671     6.09864    800.573
   850.932     7.29183     843.64
   876.313     6.35713    869.955
   816.171     8.24428    807.927
   807.332     7.73592    799.597
   800.319     6.80858     793.51
   765.778      8.0163    757.762
   775.441     7.44522    767.996
   848.307     7.65069    840.656
   807.249     5.68688    801.562
   787.611     4.49604    783.115
   782.181     7.30633    774.875
   836.955     7.90409    829.051
   759.822     7.06827    752.754
   823.709     8.30101    815.408
   740.371     7.23265    733.138
   810.362     8.59316    801.769
   863.364     8.28363    855.081
   771.734     7.51924    764.215
   781.622     5.84178    775.781
   805.353     6.43195    798.921
   756.954     7.35332    749.601
   792.487     5.51377    786.973
   757.965      6.1672    751.798
   773.208     7.70631    765.502
   782.936     8.78936    774.146
    838.98     8.66824    830.312
   889.717      7.7277    881.989
   783.388     8.59383    774.794
