-1.0727270E+00 2.3802429E-01 -1.3104227E+00 -8.3584558E-01 -1.5323653E+00 -5.9958515E-01
-1.0587498E+00 1.7934084E-01 -1.2382358E+00 -8.8038777E-01 -1.4021477E+00 -7.0162263E-01
-1.0311132E+00 1.1253677E-01 -1.1437934E+00 -9.1977896E-01 -1.2523831E+00 -8.1272800E-01
-1.0126390E+00 1.2153527E-01 -1.1283135E+00 -8.8778721E-01 -1.2560722E+00 -7.8157801E-01
-1.0155442E+00 1.3863942E-01 -1.1538676E+00 -8.7826757E-01 -1.2925535E+00 -7.5024043E-01
-1.0262419E+00 1.3826923E-01 -1.1629348E+00 -8.8732715E-01 -1.3040601E+00 -7.6168612E-01
-1.0164344E+00 1.3562157E-01 -1.1446480E+00 -8.7416056E-01 -1.2899054E+00 -7.5688994E-01
-9.6419080E-01 1.4351143E-01 -1.1058657E+00 -8.2315362E-01 -1.2467537E+00 -6.8271353E-01
-8.7565383E-01 1.5725011E-01 -1.0312051E+00 -7.1950356E-01 -1.1903995E+00 -5.7262273E-01
-7.9389966E-01 1.7079777E-01 -9.6281337E-01 -6.2433598E-01 -1.1386495E+00 -4.6728092E-01
-7.7363849E-01 1.8509128E-01 -9.4489750E-01 -5.7794672E-01 -1.1542831E+00 -4.2969609E-01
-8.4110254E-01 2.1120873E-01 -1.0337200E+00 -6.1713934E-01 -1.2752924E+00 -4.4921809E-01
-9.9046520E-01 2.4798438E-01 -1.2078949E+00 -7.2292572E-01 -1.4844931E+00 -5.1599363E-01
-1.1915368E+00 2.8503872E-01 -1.4346784E+00 -8.7925442E-01 -1.7660396E+00 -6.5494408E-01
-1.4023640E+00 3.2268454E-01 -1.6769150E+00 -1.0515981E+00 -2.0518421E+00 -7.9413434E-01
-1.5939564E+00 3.9113168E-01 -1.9404896E+00 -1.1642490E+00 -2.3735954E+00 -8.5832575E-01
-1.7460276E+00 5.1002358E-01 -2.2785576E+00 -1.2263306E+00 -2.7463296E+00 -7.9195214E-01
-1.8448000E+00 6.5716470E-01 -2.5873626E+00 -1.2036822E+00 -3.0683679E+00 -6.0812375E-01
-1.8915392E+00 7.8748529E-01 -2.8245890E+00 -1.1523129E+00 -3.3443586E+00 -4.6222753E-01
-1.9052034E+00 8.4760231E-01 -2.9174574E+00 -1.1173473E+00 -3.5000000E+00 -4.4502282E-01
