-9.2443161E-01 2.3399972E-01 -1.1580072E+00 -6.9068502E-01 -1.3847456E+00 -4.6928989E-01
-9.1039228E-01 1.7755299E-01 -1.0863286E+00 -7.3479252E-01 -1.2617863E+00 -5.6287682E-01
-8.9701319E-01 1.1068978E-01 -1.0065973E+00 -7.8798666E-01 -1.1160845E+00 -6.8093133E-01
-9.1168301E-01 1.1966370E-01 -1.0340491E+00 -7.9761947E-01 -1.1447527E+00 -6.7307092E-01
-9.6204464E-01 1.3843102E-01 -1.1006580E+00 -8.2412212E-01 -1.2361852E+00 -6.9358046E-01
-1.0215409E+00 1.3670214E-01 -1.1578472E+00 -8.8496887E-01 -1.2930793E+00 -7.6189070E-01
-1.0600806E+00 1.3815509E-01 -1.1954644E+00 -9.2406335E-01 -1.3392173E+00 -7.9325635E-01
-1.0573191E+00 1.4635587E-01 -1.1927843E+00 -9.0430665E-01 -1.3545424E+00 -7.8141647E-01
-1.0047106E+00 1.5452516E-01 -1.1585285E+00 -8.5152222E-01 -1.3132947E+00 -7.0790495E-01
-9.1481491E-01 1.6650720E-01 -1.0779877E+00 -7.5000768E-01 -1.2486711E+00 -5.9177739E-01
-8.1789236E-01 1.8115094E-01 -9.8121017E-01 -6.3081784E-01 -1.1913350E+00 -4.7602126E-01
-7.6176121E-01 2.0928928E-01 -9.4059942E-01 -5.3997993E-01 -1.1816178E+00 -3.6120560E-01
-7.9459221E-01 2.4841155E-01 -1.0070291E+00 -5.3040302E-01 -1.2908130E+00 -3.1950970E-01
-9.4558517E-01 2.7784591E-01 -1.1767851E+00 -6.4792448E-01 -1.4992783E+00 -4.1579019E-01
-1.2007935E+00 3.0319457E-01 -1.4463129E+00 -8.7208978E-01 -1.8121704E+00 -6.3024392E-01
-1.5074646E+00 3.5510764E-01 -1.8074725E+00 -1.1188533E+00 -2.2141997E+00 -8.3449460E-01
-1.7976822E+00 4.4828561E-01 -2.2285795E+00 -1.3218961E+00 -2.6883829E+00 -9.4996681E-01
-2.0216181E+00 5.6967199E-01 -2.6585003E+00 -1.4807466E+00 -3.0868721E+00 -9.3186327E-01
-2.1545396E+00 6.8129894E-01 -2.9981470E+00 -1.5791217E+00 -3.3757058E+00 -8.9407969E-01
-2.1979209E+00 7.3555877E-01 -3.1248155E+00 -1.5925318E+00 -3.5000000E+00 -8.9884188E-01
