-1.2207291E+00 2.3564738E-01 -1.4575863E+00 -9.8651703E-01 -1.6825872E+00 -7.6394034E-01
-1.1650303E+00 1.7825181E-01 -1.3433502E+00 -9.8880474E-01 -1.5147349E+00 -8.1935782E-01
-1.0561120E+00 1.1460184E-01 -1.1680067E+00 -9.4338544E-01 -1.2846546E+00 -8.3198278E-01
-9.6659275E-01 1.2279123E-01 -1.0892870E+00 -8.4355000E-01 -1.2076776E+00 -7.2946085E-01
-9.5405801E-01 1.3866037E-01 -1.0912678E+00 -8.1596452E-01 -1.2291838E+00 -6.8527063E-01
-1.0210472E+00 1.3962023E-01 -1.1598699E+00 -8.8305007E-01 -1.2991515E+00 -7.5069877E-01
-1.1219816E+00 1.4312502E-01 -1.2588023E+00 -9.7246969E-01 -1.4030357E+00 -8.4580353E-01
-1.2050815E+00 1.5507124E-01 -1.3500971E+00 -1.0408434E+00 -1.5219150E+00 -9.1709979E-01
-1.2489504E+00 1.7266171E-01 -1.4089547E+00 -1.0708221E+00 -1.6013124E+00 -9.2198317E-01
-1.2495040E+00 1.9677965E-01 -1.4298836E+00 -1.0438996E+00 -1.6572085E+00 -8.7728650E-01
-1.2135018E+00 2.2490518E-01 -1.4181343E+00 -9.7642681E-01 -1.6593908E+00 -7.8113523E-01
-1.1440598E+00 2.5284633E-01 -1.3688948E+00 -8.7756918E-01 -1.6498469E+00 -6.5761225E-01
-1.0529752E+00 2.7693758E-01 -1.2851114E+00 -7.4844688E-01 -1.6093057E+00 -5.2605238E-01
-9.7184169E-01 2.9675212E-01 -1.2192807E+00 -6.5252997E-01 -1.5616768E+00 -4.0980076E-01
-9.2111643E-01 3.1781172E-01 -1.1602302E+00 -5.7752225E-01 -1.5577122E+00 -3.3514963E-01
-9.0073779E-01 3.7267473E-01 -1.1721978E+00 -4.9569277E-01 -1.6433854E+00 -2.1360076E-01
-8.9990329E-01 4.8377969E-01 -1.2501402E+00 -3.4614910E-01 -1.8836948E+00 -2.3674918E-02
-9.0613030E-01 6.3052132E-01 -1.3368910E+00 -1.2730094E-01 -2.1850359E+00 1.8696599E-01
-9.0951148E-01 7.6395138E-01 -1.4072881E+00 9.3568660E-02 -2.3984099E+00 3.9317563E-01
-9.0795205E-01 8.2594909E-01 -1.4686555E+00 1.7320212E-01 -2.4574190E+00 5.0000000E-01
