-1.3265738E+00 2.3718504E-01 -1.5632596E+00 -1.0905478E+00 -1.7898553E+00 -8.6151490E-01
-1.2667941E+00 1.7909595E-01 -1.4437167E+00 -1.0882932E+00 -1.6224524E+00 -9.1809868E-01
-1.1397323E+00 1.1385608E-01 -1.2487682E+00 -1.0236574E+00 -1.3666351E+00 -9.1990423E-01
-1.0043933E+00 1.2151192E-01 -1.1252772E+00 -8.8381912E-01 -1.2438734E+00 -7.6799469E-01
-9.1885191E-01 1.3881340E-01 -1.0561117E+00 -7.8056359E-01 -1.1960384E+00 -6.5167679E-01
-9.1260964E-01 1.3905719E-01 -1.0500271E+00 -7.7445243E-01 -1.1907534E+00 -6.4270816E-01
-9.7819837E-01 1.4087892E-01 -1.1186423E+00 -8.3840966E-01 -1.2583309E+00 -7.0847975E-01
-1.0745273E+00 1.5177915E-01 -1.2167329E+00 -9.1803703E-01 -1.3802971E+00 -7.8090589E-01
-1.1545160E+00 1.6926941E-01 -1.3094361E+00 -9.7710010E-01 -1.5033933E+00 -8.3761673E-01
-1.1894330E+00 1.9301551E-01 -1.3640892E+00 -9.8590242E-01 -1.5942256E+00 -8.3210176E-01
-1.1759811E+00 2.2122099E-01 -1.3712222E+00 -9.4626521E-01 -1.6432215E+00 -7.6623951E-01
-1.1237846E+00 2.4859535E-01 -1.3357954E+00 -8.5901721E-01 -1.6121074E+00 -6.4374087E-01
-1.0495015E+00 2.7115974E-01 -1.2931462E+00 -7.7046867E-01 -1.6132648E+00 -5.4990241E-01
-9.7254451E-01 2.8490107E-01 -1.2289664E+00 -6.7591900E-01 -1.5636099E+00 -4.4118726E-01
-9.1248885E-01 2.9757727E-01 -1.1672570E+00 -5.8985189E-01 -1.5054756E+00 -3.4511409E-01
-8.8433641E-01 3.4923382E-01 -1.1707047E+00 -5.0616376E-01 -1.5988106E+00 -2.2597714E-01
-8.8461969E-01 4.6019664E-01 -1.2446271E+00 -3.6387936E-01 -1.8312008E+00 -3.1397955E-02
-9.0155617E-01 6.0632420E-01 -1.3819551E+00 -1.8197672E-01 -2.1034056E+00 1.9753899E-01
-9.2404155E-01 7.3595007E-01 -1.5227488E+00 -2.9923970E-02 -2.3141483E+00 3.8958955E-01
-9.3504167E-01 7.9800355E-01 -1.5964056E+00 3.7583691E-02 -2.3670128E+00 5.0000000E-01
