-1.1907110E+00 2.3750837E-01 -1.4296384E+00 -9.5484894E-01 -1.6547832E+00 -7.2674154E-01
-1.1501699E+00 1.8043425E-01 -1.3311710E+00 -9.7182315E-01 -1.5046126E+00 -7.9551362E-01
-1.0678562E+00 1.1505838E-01 -1.1802912E+00 -9.5588062E-01 -1.3007879E+00 -8.4352404E-01
-9.8719650E-01 1.2327740E-01 -1.1035604E+00 -8.5961014E-01 -1.2358630E+00 -7.5028462E-01
-9.4537305E-01 1.4202883E-01 -1.0876089E+00 -8.0464951E-01 -1.2251777E+00 -6.6973913E-01
-9.5762740E-01 1.4161064E-01 -1.0981239E+00 -8.1641677E-01 -1.2378702E+00 -6.8172117E-01
-1.0209244E+00 1.4380097E-01 -1.1603206E+00 -8.7885097E-01 -1.3107952E+00 -7.4167522E-01
-1.1073406E+00 1.5993743E-01 -1.2673180E+00 -9.4705591E-01 -1.4223616E+00 -7.9905922E-01
-1.1869611E+00 1.7976500E-01 -1.3657992E+00 -1.0071304E+00 -1.5450831E+00 -8.4715167E-01
-1.2331292E+00 2.0016058E-01 -1.4280477E+00 -1.0356709E+00 -1.6454365E+00 -8.5795696E-01
-1.2319314E+00 2.2496858E-01 -1.4305586E+00 -9.9578569E-01 -1.6783805E+00 -7.9689907E-01
-1.1906845E+00 2.5383306E-01 -1.4065124E+00 -9.1448437E-01 -1.7002905E+00 -7.1631257E-01
-1.1226670E+00 2.7827014E-01 -1.3600058E+00 -8.2359161E-01 -1.6802613E+00 -5.9428930E-01
-1.0414476E+00 2.9297479E-01 -1.2797767E+00 -7.2594762E-01 -1.6358406E+00 -4.8160889E-01
-9.5825987E-01 3.1427257E-01 -1.2050122E+00 -6.1481500E-01 -1.5960765E+00 -3.7063560E-01
-8.8396205E-01 3.7393667E-01 -1.1626283E+00 -4.6726943E-01 -1.6523163E+00 -1.7834093E-01
-8.3168843E-01 4.8200638E-01 -1.1789384E+00 -2.8430083E-01 -1.8134119E+00 5.3596226E-02
-8.0565938E-01 6.1288330E-01 -1.2077442E+00 -5.8390789E-02 -2.0452702E+00 2.6591729E-01
-7.9942008E-01 7.3021181E-01 -1.2526319E+00 1.4150208E-01 -2.2247661E+00 4.3524205E-01
-8.0152046E-01 7.8679521E-01 -1.3081472E+00 2.1183377E-01 -2.2895384E+00 5.0000000E-01
