-9.5142776E-01 2.3538547E-01 -1.1856219E+00 -7.1685362E-01 -1.4182771E+00 -4.9938267E-01
-9.6696321E-01 1.7896542E-01 -1.1443961E+00 -7.8792586E-01 -1.3256023E+00 -6.2476631E-01
-1.0040514E+00 1.1459155E-01 -1.1189797E+00 -8.8998005E-01 -1.2329493E+00 -7.8408334E-01
-1.0427059E+00 1.2126299E-01 -1.1623976E+00 -9.2214489E-01 -1.2833053E+00 -8.0560635E-01
-1.0586381E+00 1.3827252E-01 -1.1961800E+00 -9.2035474E-01 -1.3277290E+00 -7.8832713E-01
-1.0461534E+00 1.3785547E-01 -1.1828456E+00 -9.0965290E-01 -1.3169110E+00 -7.7651700E-01
-1.0250085E+00 1.4103084E-01 -1.1576264E+00 -8.7734455E-01 -1.3073889E+00 -7.5740996E-01
-1.0201842E+00 1.5429893E-01 -1.1667278E+00 -8.5966702E-01 -1.3278453E+00 -7.2513531E-01
-1.0437916E+00 1.7040224E-01 -1.2130720E+00 -8.7359073E-01 -1.3825219E+00 -7.1848525E-01
-1.0850023E+00 1.8588220E-01 -1.2595686E+00 -8.9242186E-01 -1.4631795E+00 -7.3510760E-01
-1.1210947E+00 2.0976128E-01 -1.3062651E+00 -9.0136705E-01 -1.5650321E+00 -7.3564240E-01
-1.1299930E+00 2.4415794E-01 -1.3368369E+00 -8.6652719E-01 -1.6223102E+00 -6.6565105E-01
-1.1057780E+00 2.8228919E-01 -1.3450665E+00 -8.0407240E-01 -1.6742140E+00 -5.6731043E-01
-1.0722685E+00 3.1389099E-01 -1.3201083E+00 -7.2974850E-01 -1.7094308E+00 -4.7596824E-01
-1.0583787E+00 3.4558344E-01 -1.3067610E+00 -6.7633689E-01 -1.7724955E+00 -4.1837576E-01
-1.0752311E+00 4.1029129E-01 -1.3595243E+00 -6.1230736E-01 -1.9354451E+00 -3.4564852E-01
-1.1174278E+00 5.2710374E-01 -1.5039590E+00 -5.0267521E-01 -2.1958864E+00 -1.6923861E-01
-1.1640425E+00 6.7548918E-01 -1.6962587E+00 -3.5014537E-01 -2.5179019E+00 4.3828033E-02
-1.1966494E+00 8.0825895E-01 -1.8816404E+00 -2.2759292E-01 -2.7716365E+00 2.7818172E-01
-1.2081724E+00 8.7084623E-01 -1.9642786E+00 -1.6586956E-01 -2.8293968E+00 4.5366065E-01
