-1.2011065E+00 2.3614340E-01 -1.4258684E+00 -9.5521391E-01 -1.6728564E+00 -7.4868320E-01
-1.1738448E+00 1.7853462E-01 -1.3438730E+00 -9.8841595E-01 -1.5303534E+00 -8.3159790E-01
-1.1048770E+00 1.1319857E-01 -1.2165202E+00 -9.9293382E-01 -1.3289285E+00 -8.8478558E-01
-1.0134617E+00 1.1996121E-01 -1.1317223E+00 -8.9497656E-01 -1.2490311E+00 -7.7719903E-01
-9.2788058E-01 1.3788491E-01 -1.0654201E+00 -7.9152987E-01 -1.1965664E+00 -6.5480474E-01
-8.8413599E-01 1.3722263E-01 -1.0200151E+00 -7.4791376E-01 -1.1535574E+00 -6.1660641E-01
-9.0550912E-01 1.3838118E-01 -1.0424581E+00 -7.6708753E-01 -1.1808971E+00 -6.3730047E-01
-9.8395104E-01 1.5256385E-01 -1.1360487E+00 -8.3205410E-01 -1.2885353E+00 -6.8763121E-01
-1.0824800E+00 1.6799929E-01 -1.2421448E+00 -9.0546565E-01 -1.4187944E+00 -7.6585682E-01
-1.1537180E+00 1.8458337E-01 -1.3220842E+00 -9.5990966E-01 -1.5308079E+00 -8.0551892E-01
-1.1707327E+00 2.1141135E-01 -1.3587960E+00 -9.4621726E-01 -1.5923023E+00 -7.6530254E-01
-1.1397452E+00 2.4590186E-01 -1.3544128E+00 -8.7191327E-01 -1.6322919E+00 -6.7453835E-01
-1.0977540E+00 2.7730542E-01 -1.3449230E+00 -7.9772949E-01 -1.6467101E+00 -5.6926970E-01
-1.0828772E+00 3.0136273E-01 -1.3432027E+00 -7.5950051E-01 -1.6791514E+00 -5.0664216E-01
-1.1066289E+00 3.3318747E-01 -1.3649346E+00 -7.4791859E-01 -1.7622156E+00 -4.7932402E-01
-1.1554940E+00 4.0617662E-01 -1.4498736E+00 -7.0542852E-01 -1.9678154E+00 -4.0953700E-01
-1.2104142E+00 5.3405563E-01 -1.6218743E+00 -6.0176298E-01 -2.2971792E+00 -2.3448534E-01
-1.2573340E+00 6.8697538E-01 -1.8337205E+00 -4.4830234E-01 -2.6208805E+00 -5.2920012E-04
-1.2861473E+00 8.1761615E-01 -2.0271479E+00 -3.2968762E-01 -2.8730785E+00 2.2553759E-01
-1.2972348E+00 8.7781933E-01 -2.1124115E+00 -2.7431042E-01 -2.9611746E+00 3.7047433E-01
