-9.1611991E-01 2.3568447E-01 -1.1536515E+00 -6.7929609E-01 -1.3722884E+00 -4.5569229E-01
-9.4879630E-01 1.7769597E-01 -1.1252494E+00 -7.7113658E-01 -1.2934946E+00 -5.9963870E-01
-1.0255793E+00 1.1578190E-01 -1.1410905E+00 -9.1070577E-01 -1.2562317E+00 -8.0212002E-01
-1.1158428E+00 1.2567942E-01 -1.2415292E+00 -9.9016765E-01 -1.3587987E+00 -8.6784580E-01
-1.1715458E+00 1.4132979E-01 -1.3121439E+00 -1.0298396E+00 -1.4521568E+00 -9.0054234E-01
-1.1567713E+00 1.3777973E-01 -1.2931569E+00 -1.0204586E+00 -1.4335158E+00 -8.8961915E-01
-1.0633946E+00 1.3734209E-01 -1.2001749E+00 -9.2655680E-01 -1.3364758E+00 -8.0126081E-01
-9.2194079E-01 1.4755154E-01 -1.0694890E+00 -7.7653017E-01 -1.2136489E+00 -6.3543503E-01
-7.8715976E-01 1.5758966E-01 -9.4234781E-01 -6.3207354E-01 -1.1010897E+00 -4.8000076E-01
-7.1057091E-01 1.6825537E-01 -8.7633801E-01 -5.4116618E-01 -1.0422456E+00 -3.8653055E-01
-7.2335879E-01 1.8591742E-01 -8.9900951E-01 -5.2996672E-01 -1.0971459E+00 -3.7144295E-01
-8.2641933E-01 2.1356344E-01 -1.0233913E+00 -6.0055780E-01 -1.2629627E+00 -4.3236891E-01
-9.9808405E-01 2.5068459E-01 -1.2204880E+00 -7.3048866E-01 -1.5212167E+00 -5.3840902E-01
-1.2002583E+00 2.8758475E-01 -1.4524122E+00 -8.9397438E-01 -1.8036791E+00 -6.6910597E-01
-1.3937203E+00 3.2563603E-01 -1.6704249E+00 -1.0368556E+00 -2.0432680E+00 -7.7898167E-01
-1.5561063E+00 3.8847750E-01 -1.8848502E+00 -1.1189413E+00 -2.3282593E+00 -8.3719592E-01
-1.6728261E+00 5.0341846E-01 -2.1512765E+00 -1.1208747E+00 -2.6405676E+00 -7.2316970E-01
-1.7420146E+00 6.5120259E-01 -2.4366188E+00 -1.0700752E+00 -2.9656201E+00 -4.9595538E-01
-1.7704853E+00 7.8492381E-01 -2.6181695E+00 -9.5530396E-01 -3.2837564E+00 -3.5122385E-01
-1.7770502E+00 8.4906377E-01 -2.6931584E+00 -8.9481499E-01 -3.4862674E+00 -3.3293519E-01
