-1.1455971E+00 2.3305364E-01 -1.3790436E+00 -9.1529073E-01 -1.6065003E+00 -6.9465593E-01
-1.1468275E+00 1.7560383E-01 -1.3204540E+00 -9.7326516E-01 -1.4987299E+00 -8.0887234E-01
-1.1493920E+00 1.1349204E-01 -1.2626495E+00 -1.0364788E+00 -1.3750437E+00 -9.3055539E-01
-1.1458327E+00 1.2347837E-01 -1.2690984E+00 -1.0216829E+00 -1.3894211E+00 -9.0917863E-01
-1.1220622E+00 1.4262196E-01 -1.2636135E+00 -9.8079463E-01 -1.4056683E+00 -8.4538860E-01
-1.0732390E+00 1.4037647E-01 -1.2053527E+00 -9.2730526E-01 -1.3603444E+00 -8.0720672E-01
-1.0075732E+00 1.4020477E-01 -1.1481895E+00 -8.6791581E-01 -1.2883118E+00 -7.3858286E-01
-9.3998440E-01 1.5091176E-01 -1.0825388E+00 -7.8403595E-01 -1.2443788E+00 -6.5114683E-01
-8.9017246E-01 1.6320203E-01 -1.0447020E+00 -7.2066985E-01 -1.2191478E+00 -5.7933650E-01
-8.7618745E-01 1.7802321E-01 -1.0548279E+00 -6.9982069E-01 -1.2322676E+00 -5.3685968E-01
-9.0388368E-01 1.9919267E-01 -1.0883845E+00 -6.9668079E-01 -1.3093808E+00 -5.3135308E-01
-9.7275910E-01 2.2596991E-01 -1.1815567E+00 -7.3723564E-01 -1.4400887E+00 -5.4939070E-01
-1.0745698E+00 2.5325829E-01 -1.3078907E+00 -8.0071414E-01 -1.5873002E+00 -6.0422829E-01
-1.1873118E+00 2.8253115E-01 -1.4369433E+00 -8.7779033E-01 -1.7775439E+00 -6.7415510E-01
-1.2836697E+00 3.2741847E-01 -1.5374791E+00 -9.1812972E-01 -1.9555679E+00 -6.7528211E-01
-1.3486334E+00 4.1347190E-01 -1.6482983E+00 -8.7121786E-01 -2.2038449E+00 -6.0778152E-01
-1.3800519E+00 5.4584621E-01 -1.8126154E+00 -7.3838410E-01 -2.4907013E+00 -4.0024445E-01
-1.3855868E+00 7.0092986E-01 -1.9782841E+00 -5.3805734E-01 -2.7718840E+00 -1.3704266E-01
-1.3781670E+00 8.3588583E-01 -2.1384628E+00 -3.7934722E-01 -3.0013053E+00 1.3254129E-01
-1.3732122E+00 8.9859927E-01 -2.2154374E+00 -3.1234967E-01 -3.1063023E+00 2.9013942E-01
