-1.2881501E+00 2.3386594E-01 -1.5200675E+00 -1.0575636E+00 -1.7509506E+00 -8.2858740E-01
-1.2253561E+00 1.8074457E-01 -1.4037610E+00 -1.0464226E+00 -1.5809822E+00 -8.6690122E-01
-1.0987535E+00 1.2026190E-01 -1.2167986E+00 -9.7809758E-01 -1.3378844E+00 -8.6445532E-01
-9.7964239E-01 1.2506315E-01 -1.1036497E+00 -8.5611305E-01 -1.2267812E+00 -7.3640610E-01
-9.2739821E-01 1.4144697E-01 -1.0673976E+00 -7.8819745E-01 -1.2120013E+00 -6.5179637E-01
-9.5212920E-01 1.4173087E-01 -1.0836084E+00 -8.0614868E-01 -1.2409465E+00 -6.8342191E-01
-1.0222486E+00 1.4466340E-01 -1.1656785E+00 -8.7768412E-01 -1.3079295E+00 -7.4494058E-01
-1.0940684E+00 1.5655245E-01 -1.2426136E+00 -9.3146929E-01 -1.4088023E+00 -7.9634400E-01
-1.1407590E+00 1.7425213E-01 -1.3017637E+00 -9.5732721E-01 -1.4947438E+00 -8.1621018E-01
-1.1554632E+00 1.9546195E-01 -1.3326525E+00 -9.4887404E-01 -1.5621213E+00 -7.9147758E-01
-1.1407156E+00 2.2210420E-01 -1.3349727E+00 -9.0023017E-01 -1.6033331E+00 -7.3422807E-01
-1.1047249E+00 2.5228949E-01 -1.3305454E+00 -8.3699312E-01 -1.6335444E+00 -6.4345794E-01
-1.0568180E+00 2.7593660E-01 -1.2955548E+00 -7.5910762E-01 -1.6386527E+00 -5.5651370E-01
-1.0034249E+00 2.9137850E-01 -1.2380300E+00 -6.9343413E-01 -1.6031944E+00 -4.4660415E-01
-9.5476267E-01 3.1400636E-01 -1.1851011E+00 -6.1409149E-01 -1.5980378E+00 -3.7418677E-01
-9.2329103E-01 3.7608170E-01 -1.1799594E+00 -5.0427767E-01 -1.6961747E+00 -2.4611745E-01
-9.1177203E-01 4.8774644E-01 -1.2451060E+00 -3.4870418E-01 -1.9127235E+00 -4.1046614E-02
-9.1369245E-01 6.2854079E-01 -1.3663297E+00 -1.5216600E-01 -2.1614851E+00 1.9952506E-01
-9.2076897E-01 7.5051082E-01 -1.4841288E+00 2.3285987E-02 -2.3370745E+00 4.0224764E-01
-9.2468283E-01 8.0604162E-01 -1.5534032E+00 8.9031457E-02 -2.3683808E+00 5.0000000E-01
