-1.3521256E+00 2.3876869E-01 -1.5902858E+00 -1.1143487E+00 -1.8205130E+00 -8.8543360E-01
-1.3103447E+00 1.8172749E-01 -1.4923365E+00 -1.1295385E+00 -1.6705546E+00 -9.5883310E-01
-1.2181611E+00 1.1806476E-01 -1.3352111E+00 -1.1017609E+00 -1.4532982E+00 -9.8765002E-01
-1.1043377E+00 1.2280716E-01 -1.2252451E+00 -9.8408545E-01 -1.3508043E+00 -8.6538024E-01
-1.0020728E+00 1.3993493E-01 -1.1416253E+00 -8.6153235E-01 -1.2800481E+00 -7.3131539E-01
-9.3306235E-01 1.3905136E-01 -1.0707321E+00 -7.9383627E-01 -1.2078379E+00 -6.6064168E-01
-8.9814661E-01 1.3931062E-01 -1.0378650E+00 -7.5943329E-01 -1.1716192E+00 -6.2770606E-01
-8.9253188E-01 1.4940120E-01 -1.0340909E+00 -7.3567453E-01 -1.1932683E+00 -6.0892180E-01
-9.1480700E-01 1.6504813E-01 -1.0795464E+00 -7.5022882E-01 -1.2428982E+00 -5.9508684E-01
-9.5805923E-01 1.8215112E-01 -1.1302126E+00 -7.7027518E-01 -1.3251966E+00 -6.1161778E-01
-1.0133385E+00 2.0754798E-01 -1.1976750E+00 -7.9556131E-01 -1.4220689E+00 -6.1533361E-01
-1.0793780E+00 2.4102258E-01 -1.2854196E+00 -8.2242453E-01 -1.5577028E+00 -6.1573898E-01
-1.1539154E+00 2.7055879E-01 -1.3857584E+00 -8.5930607E-01 -1.6959478E+00 -6.4258063E-01
-1.2274988E+00 2.9448296E-01 -1.4841043E+00 -9.1002524E-01 -1.8184901E+00 -6.6883011E-01
-1.2838549E+00 3.2749735E-01 -1.5541699E+00 -9.2444320E-01 -1.9433780E+00 -6.6689250E-01
-1.3128478E+00 4.0273633E-01 -1.6242340E+00 -8.5227722E-01 -2.1376934E+00 -5.7931414E-01
-1.3141607E+00 5.3168504E-01 -1.7369379E+00 -6.8473929E-01 -2.3903719E+00 -3.5728761E-01
-1.3010182E+00 6.8978640E-01 -1.8691639E+00 -4.5654496E-01 -2.6658990E+00 -7.8482536E-02
-1.2887773E+00 8.3122647E-01 -2.0111211E+00 -2.7604792E-01 -2.9055634E+00 2.0894505E-01
-1.2845700E+00 8.9782723E-01 -2.0855361E+00 -1.9841133E-01 -2.9793556E+00 4.0182627E-01
