-1.1352802E+00 2.3533890E-01 -1.3681212E+00 -9.0104906E-01 -1.6070733E+00 -6.8003561E-01
-1.1317516E+00 1.7795837E-01 -1.3078920E+00 -9.5486756E-01 -1.4872121E+00 -7.8631060E-01
-1.1254105E+00 1.1662847E-01 -1.2420203E+00 -1.0100318E+00 -1.3571673E+00 -9.0145287E-01
-1.1074965E+00 1.2436887E-01 -1.2315636E+00 -9.8281812E-01 -1.3523687E+00 -8.6769472E-01
-1.0680204E+00 1.3815656E-01 -1.2056642E+00 -9.3133289E-01 -1.3418688E+00 -7.9848250E-01
-1.0081530E+00 1.3456060E-01 -1.1400670E+00 -8.7488189E-01 -1.2791259E+00 -7.4999467E-01
-9.4335169E-01 1.3556589E-01 -1.0790422E+00 -8.0740308E-01 -1.2126003E+00 -6.8149228E-01
-8.8834782E-01 1.4791452E-01 -1.0348704E+00 -7.4085133E-01 -1.1846342E+00 -6.0472295E-01
-8.5754408E-01 1.6075210E-01 -1.0170961E+00 -6.9703027E-01 -1.1775930E+00 -5.4868632E-01
-8.6168670E-01 1.7218891E-01 -1.0303422E+00 -6.9421186E-01 -1.2107133E+00 -5.3044547E-01
-9.0264470E-01 1.9555951E-01 -1.0788392E+00 -6.9776422E-01 -1.3111258E+00 -5.3850599E-01
-9.7273614E-01 2.2915783E-01 -1.1719329E+00 -7.2735110E-01 -1.4311117E+00 -5.3034681E-01
-1.0607833E+00 2.6324490E-01 -1.2838268E+00 -7.7274435E-01 -1.5885946E+00 -5.6019193E-01
-1.1546879E+00 2.9028799E-01 -1.3965046E+00 -8.4205913E-01 -1.7492871E+00 -6.0586188E-01
-1.2439732E+00 3.1897653E-01 -1.4889948E+00 -8.8741916E-01 -1.9029948E+00 -6.5130084E-01
-1.3241100E+00 3.8231213E-01 -1.6221014E+00 -9.0015852E-01 -2.1105857E+00 -6.1118115E-01
-1.3884754E+00 5.0361483E-01 -1.8289243E+00 -8.1836465E-01 -2.3881504E+00 -4.4694404E-01
-1.4307543E+00 6.6187618E-01 -2.0506051E+00 -6.7851838E-01 -2.7564192E+00 -2.2559250E-01
-1.4508288E+00 8.0313188E-01 -2.2271630E+00 -5.5025486E-01 -3.0571238E+00 2.9777828E-02
-1.4560239E+00 8.6920455E-01 -2.3119547E+00 -4.8900921E-01 -3.1876218E+00 1.5381462E-01
