-9.3755585E-01 2.3646846E-01 -1.1772463E+00 -7.0353533E-01 -1.3972986E+00 -4.7523651E-01
-9.6430534E-01 1.7879457E-01 -1.1437718E+00 -7.8779814E-01 -1.3174252E+00 -6.1574514E-01
-1.0282003E+00 1.1399692E-01 -1.1413281E+00 -9.1463027E-01 -1.2544754E+00 -8.0790287E-01
-1.0919738E+00 1.1844260E-01 -1.2094976E+00 -9.7435919E-01 -1.3246319E+00 -8.5858945E-01
-1.1081047E+00 1.3757119E-01 -1.2450841E+00 -9.6974703E-01 -1.3789166E+00 -8.4094158E-01
-1.0498282E+00 1.4009309E-01 -1.1873919E+00 -9.1112108E-01 -1.3274186E+00 -7.7534792E-01
-9.3699667E-01 1.3559616E-01 -1.0711685E+00 -8.0289676E-01 -1.2034950E+00 -6.6801500E-01
-8.1971323E-01 1.4161865E-01 -9.6124404E-01 -6.7868380E-01 -1.0965672E+00 -5.4320755E-01
-7.4261891E-01 1.5482653E-01 -9.0070652E-01 -5.8603976E-01 -1.0437100E+00 -4.4610347E-01
-7.3730719E-01 1.6490200E-01 -9.0124340E-01 -5.7452222E-01 -1.0653576E+00 -4.2003105E-01
-8.0817128E-01 1.8300175E-01 -9.7314777E-01 -6.1600381E-01 -1.1853608E+00 -4.6417059E-01
-9.4700863E-01 2.1577910E-01 -1.1396107E+00 -7.2031629E-01 -1.4003601E+00 -5.4371182E-01
-1.1379754E+00 2.5530185E-01 -1.3620875E+00 -8.6721489E-01 -1.6504468E+00 -6.4176585E-01
-1.3531639E+00 2.9908592E-01 -1.6114288E+00 -1.0296241E+00 -1.9542296E+00 -7.8159792E-01
-1.5549858E+00 3.5296633E-01 -1.8505888E+00 -1.1625101E+00 -2.2683378E+00 -8.9384845E-01
-1.7123433E+00 4.3139609E-01 -2.0741191E+00 -1.2181928E+00 -2.5792456E+00 -9.1879453E-01
-1.8101981E+00 5.4511444E-01 -2.3234419E+00 -1.1984746E+00 -2.8947766E+00 -8.1795472E-01
-1.8568712E+00 6.8668191E-01 -2.6052049E+00 -1.1391323E+00 -3.1546671E+00 -6.0096029E-01
-1.8743404E+00 8.1152029E-01 -2.8182976E+00 -1.0685743E+00 -3.3781790E+00 -4.3727332E-01
-1.8778070E+00 8.6856411E-01 -2.8921538E+00 -1.0177635E+00 -3.5000000E+00 -4.0143628E-01
