-1.2552233E+00 2.3556426E-01 -1.4893975E+00 -1.0196372E+00 -1.7161869E+00 -7.9293939E-01
-1.2178668E+00 1.8008085E-01 -1.3978413E+00 -1.0380065E+00 -1.5690898E+00 -8.6608937E-01
-1.1353062E+00 1.1588103E-01 -1.2503643E+00 -1.0187118E+00 -1.3628527E+00 -9.1152073E-01
-1.0416831E+00 1.2359150E-01 -1.1652226E+00 -9.2004248E-01 -1.2864243E+00 -8.0188033E-01
-9.7393197E-01 1.3964214E-01 -1.1137689E+00 -8.3516062E-01 -1.2461003E+00 -7.0215166E-01
-9.5128982E-01 1.3843579E-01 -1.0899603E+00 -8.1278828E-01 -1.2193198E+00 -6.8070529E-01
-9.6433021E-01 1.3978617E-01 -1.1020056E+00 -8.2444664E-01 -1.2474120E+00 -6.9687035E-01
-9.9494400E-01 1.4960019E-01 -1.1424734E+00 -8.4630735E-01 -1.2936045E+00 -7.0488434E-01
-1.0257150E+00 1.6405286E-01 -1.1788340E+00 -8.5254049E-01 -1.3591639E+00 -7.1991856E-01
-1.0455755E+00 1.8482063E-01 -1.2142242E+00 -8.5117887E-01 -1.4270638E+00 -6.9848951E-01
-1.0557966E+00 2.0947696E-01 -1.2441576E+00 -8.3473451E-01 -1.4917271E+00 -6.6702430E-01
-1.0598872E+00 2.3879230E-01 -1.2666830E+00 -8.0293461E-01 -1.5563528E+00 -6.3061743E-01
-1.0708290E+00 2.6972753E-01 -1.3027818E+00 -7.8060367E-01 -1.5969030E+00 -5.5889959E-01
-1.0975004E+00 2.9687904E-01 -1.3417957E+00 -7.7876630E-01 -1.6910706E+00 -5.3405183E-01
-1.1360958E+00 3.3260789E-01 -1.3881486E+00 -7.6877812E-01 -1.8078258E+00 -5.1847825E-01
-1.1798757E+00 4.0365967E-01 -1.4718230E+00 -7.1808319E-01 -1.9967406E+00 -4.4990195E-01
-1.2168154E+00 5.2442412E-01 -1.6213024E+00 -6.0727350E-01 -2.2828347E+00 -2.7416879E-01
-1.2434522E+00 6.7612334E-01 -1.7917644E+00 -4.2475857E-01 -2.5911976E+00 -3.5015661E-02
-1.2623395E+00 8.0748335E-01 -1.9646970E+00 -2.9226510E-01 -2.8245969E+00 2.1959551E-01
-1.2712404E+00 8.6667738E-01 -2.0443912E+00 -2.3560027E-01 -2.9028932E+00 3.7676950E-01
