-1.2407983E+00 2.3811047E-01 -1.4739556E+00 -1.0049216E+00 -1.7077446E+00 -7.6917004E-01
-1.1670457E+00 1.8035827E-01 -1.3449525E+00 -9.8873512E-01 -1.5231304E+00 -8.1123217E-01
-1.0219448E+00 1.1257529E-01 -1.1345274E+00 -9.0781168E-01 -1.2425858E+00 -8.0382353E-01
-8.9062302E-01 1.2037457E-01 -1.0114987E+00 -7.7046431E-01 -1.1247720E+00 -6.5477243E-01
-8.4204328E-01 1.3587424E-01 -9.7810119E-01 -7.0635247E-01 -1.1118909E+00 -5.8060030E-01
-8.9264169E-01 1.3511134E-01 -1.0270618E+00 -7.5810898E-01 -1.1594579E+00 -6.3200438E-01
-9.9888610E-01 1.3711320E-01 -1.1356550E+00 -8.6363569E-01 -1.2728784E+00 -7.3423089E-01
-1.0973099E+00 1.4694598E-01 -1.2358895E+00 -9.4516724E-01 -1.3957361E+00 -8.1618573E-01
-1.1416760E+00 1.6428738E-01 -1.3045507E+00 -9.8139704E-01 -1.4748264E+00 -8.2824930E-01
-1.1279260E+00 1.8378024E-01 -1.2979125E+00 -9.3995396E-01 -1.5119475E+00 -7.8169731E-01
-1.0843776E+00 2.0604622E-01 -1.2668600E+00 -8.6498195E-01 -1.4943432E+00 -6.8728587E-01
-1.0467396E+00 2.3263212E-01 -1.2508988E+00 -7.9720464E-01 -1.5382744E+00 -6.2337076E-01
-1.0413688E+00 2.6410835E-01 -1.2722711E+00 -7.6106624E-01 -1.5962603E+00 -5.5611873E-01
-1.0825613E+00 2.9162413E-01 -1.3269377E+00 -7.6407868E-01 -1.6694123E+00 -5.3334964E-01
-1.1659021E+00 3.1998256E-01 -1.4245281E+00 -8.1409510E-01 -1.8167397E+00 -5.7045851E-01
-1.2716460E+00 3.8177497E-01 -1.5818170E+00 -8.4929250E-01 -2.0457798E+00 -5.5426562E-01
-1.3745797E+00 4.9947561E-01 -1.8193618E+00 -8.2120008E-01 -2.3665253E+00 -4.4098086E-01
-1.4570617E+00 6.5228191E-01 -2.0745219E+00 -7.3747539E-01 -2.7581120E+00 -2.4688375E-01
-1.5113427E+00 7.8843488E-01 -2.2910233E+00 -6.5207440E-01 -3.0619142E+00 -1.0640315E-02
-1.5314814E+00 8.5174429E-01 -2.4244829E+00 -6.4099258E-01 -3.1948962E+00 9.5677550E-02
