-1.1474606E+00 2.3448151E-01 -1.3793163E+00 -9.1601960E-01 -1.6096307E+00 -6.9431344E-01
-1.1222945E+00 1.7779692E-01 -1.2985660E+00 -9.4736246E-01 -1.4757973E+00 -7.7911396E-01
-1.0724682E+00 1.1556860E-01 -1.1836883E+00 -9.5347088E-01 -1.3022759E+00 -8.5023412E-01
-1.0281773E+00 1.2293809E-01 -1.1513721E+00 -9.0573199E-01 -1.2686819E+00 -7.8803275E-01
-1.0140436E+00 1.4018015E-01 -1.1476912E+00 -8.6947506E-01 -1.2949326E+00 -7.4558218E-01
-1.0411870E+00 1.4325462E-01 -1.1828148E+00 -9.0097042E-01 -1.3289129E+00 -7.6116097E-01
-1.1010393E+00 1.4723001E-01 -1.2401165E+00 -9.4879028E-01 -1.3980237E+00 -8.1861813E-01
-1.1685233E+00 1.5957687E-01 -1.3283575E+00 -1.0075908E+00 -1.4821510E+00 -8.6182463E-01
-1.2202583E+00 1.8037215E-01 -1.3907147E+00 -1.0326927E+00 -1.5853826E+00 -8.7802761E-01
-1.2431773E+00 2.0310520E-01 -1.4266059E+00 -1.0276432E+00 -1.6648497E+00 -8.6609018E-01
-1.2254685E+00 2.2589346E-01 -1.4313437E+00 -9.8567512E-01 -1.6737498E+00 -7.8809979E-01
-1.1646276E+00 2.5383612E-01 -1.3904206E+00 -8.9223247E-01 -1.6665015E+00 -6.7688635E-01
-1.0679406E+00 2.8096388E-01 -1.3083029E+00 -7.7690074E-01 -1.6198429E+00 -5.2122103E-01
-9.5153782E-01 3.0062314E-01 -1.1884664E+00 -6.3623929E-01 -1.5339745E+00 -3.8678404E-01
-8.3554073E-01 3.1378986E-01 -1.0670329E+00 -5.0909548E-01 -1.4340876E+00 -2.5812431E-01
-7.4228403E-01 3.4340737E-01 -1.0076104E+00 -3.8772391E-01 -1.3978050E+00 -1.0275501E-01
-6.9120371E-01 4.2405719E-01 -1.0255521E+00 -2.2913307E-01 -1.5257205E+00 1.0183431E-01
-6.8335675E-01 5.5062429E-01 -1.0948048E+00 -2.6155042E-02 -1.7645596E+00 2.9760106E-01
-6.9614402E-01 6.7105048E-01 -1.1359255E+00 1.8282918E-01 -1.9639216E+00 4.3986348E-01
-7.0586199E-01 7.2866888E-01 -1.1887339E+00 2.5141552E-01 -2.0395511E+00 5.0000000E-01
