-1.0227681E+00 2.4053212E-01 -1.2619200E+00 -7.8125123E-01 -1.4884860E+00 -5.4457745E-01
-1.0230731E+00 1.8297734E-01 -1.2062726E+00 -8.3934053E-01 -1.3746467E+00 -6.6279983E-01
-1.0232214E+00 1.1645511E-01 -1.1394640E+00 -9.0608479E-01 -1.2540554E+00 -7.9729956E-01
-1.0180587E+00 1.2386846E-01 -1.1430088E+00 -8.9202311E-01 -1.2566284E+00 -7.7667749E-01
-1.0011897E+00 1.3988226E-01 -1.1421152E+00 -8.6176825E-01 -1.2754943E+00 -7.3180181E-01
-9.7209500E-01 1.3586163E-01 -1.1080350E+00 -8.3559033E-01 -1.2444896E+00 -7.1494883E-01
-9.4282014E-01 1.3741522E-01 -1.0702968E+00 -7.9723511E-01 -1.2195186E+00 -6.8301468E-01
-9.2611783E-01 1.4890659E-01 -1.0684390E+00 -7.7288385E-01 -1.2279515E+00 -6.4362653E-01
-9.3387839E-01 1.6018167E-01 -1.0931819E+00 -7.7524103E-01 -1.2557855E+00 -6.2898733E-01
-9.6926157E-01 1.7470890E-01 -1.1410328E+00 -7.9465845E-01 -1.3243498E+00 -6.3789142E-01
-1.0270676E+00 2.0163758E-01 -1.2100783E+00 -8.1424623E-01 -1.4453389E+00 -6.5005942E-01
-1.1006396E+00 2.3801279E-01 -1.3130428E+00 -8.4701255E-01 -1.5710059E+00 -6.4177742E-01
-1.1819579E+00 2.7577880E-01 -1.4157661E+00 -8.8090831E-01 -1.7374328E+00 -6.6143542E-01
-1.2607226E+00 3.1241492E-01 -1.5074697E+00 -9.1898684E-01 -1.8944338E+00 -6.7032154E-01
-1.3246264E+00 3.5628156E-01 -1.5890011E+00 -9.2867797E-01 -2.0456911E+00 -6.6425345E-01
-1.3645315E+00 4.3506217E-01 -1.6713765E+00 -8.6048491E-01 -2.2586335E+00 -5.8401040E-01
-1.3843597E+00 5.6229427E-01 -1.8275335E+00 -7.2908521E-01 -2.5330805E+00 -3.6881441E-01
-1.3913533E+00 7.1451463E-01 -2.0070469E+00 -5.3881348E-01 -2.8056559E+00 -1.0029955E-01
-1.3927527E+00 8.4689856E-01 -2.1708576E+00 -3.8767541E-01 -3.0982688E+00 1.0984295E-01
-1.3931427E+00 9.0762453E-01 -2.2514057E+00 -3.2449812E-01 -3.5000000E+00 5.0000000E-01
