-1.5418835E+00 2.3291152E-01 -1.7719407E+00 -1.3099803E+00 -2.0033687E+00 -1.0897170E+00
-1.4529278E+00 1.7602164E-01 -1.6283172E+00 -1.2778033E+00 -1.8034968E+00 -1.1147691E+00
-1.2601743E+00 1.1599175E-01 -1.3750644E+00 -1.1458371E+00 -1.4960532E+00 -1.0386060E+00
-1.0465833E+00 1.2258612E-01 -1.1628032E+00 -9.1725648E-01 -1.2902914E+00 -8.1263565E-01
-8.9474778E-01 1.3725066E-01 -1.0236503E+00 -7.5396196E-01 -1.1712864E+00 -6.3149340E-01
-8.4115333E-01 1.3899995E-01 -9.7727375E-01 -7.0395831E-01 -1.1159027E+00 -5.6690684E-01
-8.7360202E-01 1.3988717E-01 -1.0123726E+00 -7.3567354E-01 -1.1526042E+00 -6.0170346E-01
-9.5301115E-01 1.4723488E-01 -1.0967946E+00 -8.0834134E-01 -1.2492124E+00 -6.6461105E-01
-1.0400909E+00 1.6079895E-01 -1.1990421E+00 -8.8127344E-01 -1.3640669E+00 -7.3077997E-01
-1.1098249E+00 1.8381751E-01 -1.2800550E+00 -9.1812291E-01 -1.4881103E+00 -7.6449939E-01
-1.1509775E+00 2.1661072E-01 -1.3332617E+00 -9.1860766E-01 -1.5878652E+00 -7.3798817E-01
-1.1650026E+00 2.5457603E-01 -1.3714661E+00 -8.9549976E-01 -1.6840649E+00 -6.7266371E-01
-1.1620086E+00 2.8819539E-01 -1.4004997E+00 -8.5593920E-01 -1.7415101E+00 -6.1392021E-01
-1.1561818E+00 3.1164350E-01 -1.4139725E+00 -8.2673315E-01 -1.7746572E+00 -5.6498089E-01
-1.1537220E+00 3.3840947E-01 -1.4081078E+00 -7.8399809E-01 -1.8346943E+00 -5.2360066E-01
-1.1530175E+00 4.0313334E-01 -1.4417445E+00 -6.9562632E-01 -1.9948497E+00 -4.2949150E-01
-1.1536099E+00 5.2348981E-01 -1.5417290E+00 -5.4193376E-01 -2.2338546E+00 -2.0590605E-01
-1.1530044E+00 6.7330751E-01 -1.6820137E+00 -3.4376512E-01 -2.5072280E+00 5.8327441E-02
-1.1525736E+00 8.0431092E-01 -1.8203019E+00 -1.7617759E-01 -2.7090953E+00 3.1350490E-01
-1.1518324E+00 8.6467109E-01 -1.8948173E+00 -1.1081359E-01 -2.7256114E+00 5.0000000E-01
