-1.1351989E+00 2.3317967E-01 -1.3647816E+00 -9.0387486E-01 -1.5957022E+00 -6.7820926E-01
-1.1176987E+00 1.7768227E-01 -1.2948248E+00 -9.4128830E-01 -1.4700648E+00 -7.7142980E-01
-1.0822613E+00 1.1354474E-01 -1.1962974E+00 -9.7030427E-01 -1.3062223E+00 -8.6086190E-01
-1.0518191E+00 1.1896284E-01 -1.1693675E+00 -9.3239583E-01 -1.2860387E+00 -8.1986643E-01
-1.0415786E+00 1.3638683E-01 -1.1784150E+00 -9.0566382E-01 -1.3112460E+00 -7.7718542E-01
-1.0498392E+00 1.3763093E-01 -1.1859205E+00 -9.1329634E-01 -1.3194555E+00 -7.7869672E-01
-1.0508841E+00 1.3822404E-01 -1.1882676E+00 -9.1308969E-01 -1.3220119E+00 -7.8257604E-01
-1.0191112E+00 1.4571859E-01 -1.1634194E+00 -8.7571476E-01 -1.3105676E+00 -7.3788911E-01
-9.5587455E-01 1.5714436E-01 -1.1098482E+00 -8.0312305E-01 -1.2708123E+00 -6.4537316E-01
-8.8706557E-01 1.6942036E-01 -1.0535521E+00 -7.1999153E-01 -1.2293160E+00 -5.6223144E-01
-8.4753134E-01 1.8939307E-01 -1.0187541E+00 -6.4521159E-01 -1.2365302E+00 -4.9710825E-01
-8.6669401E-01 2.1987111E-01 -1.0651732E+00 -6.3300543E-01 -1.3251676E+00 -4.6153305E-01
-9.5877798E-01 2.5314343E-01 -1.1765074E+00 -6.7642962E-01 -1.4649485E+00 -4.8654779E-01
-1.1162604E+00 2.8884123E-01 -1.3625617E+00 -7.9834552E-01 -1.6943326E+00 -5.7005370E-01
-1.3139418E+00 3.2802587E-01 -1.5758947E+00 -9.4890712E-01 -1.9888546E+00 -7.0629006E-01
-1.5204491E+00 3.8893698E-01 -1.8267934E+00 -1.0788982E+00 -2.3168040E+00 -8.0855380E-01
-1.7089150E+00 4.9244166E-01 -2.1589913E+00 -1.1638838E+00 -2.7228079E+00 -8.2524063E-01
-1.8492218E+00 6.2958336E-01 -2.5242235E+00 -1.2040225E+00 -3.0189861E+00 -6.3061594E-01
-1.9287180E+00 7.5412079E-01 -2.7476387E+00 -1.1471446E+00 -3.3460709E+00 -5.6876743E-01
-1.9551190E+00 8.1300941E-01 -2.8811199E+00 -1.1545411E+00 -3.5000000E+00 -5.6112861E-01
