-1.1644388E+00 2.3547962E-01 -1.3996990E+00 -9.3151349E-01 -1.6278986E+00 -7.0589807E-01
-1.1458880E+00 1.7918900E-01 -1.3258758E+00 -9.6782861E-01 -1.4990358E+00 -7.9962200E-01
-1.1027010E+00 1.1523840E-01 -1.2174093E+00 -9.8742971E-01 -1.3310787E+00 -8.8240283E-01
-1.0490370E+00 1.2021754E-01 -1.1677898E+00 -9.2918421E-01 -1.2921586E+00 -8.1867300E-01
-1.0038496E+00 1.4054655E-01 -1.1435894E+00 -8.6470208E-01 -1.2827643E+00 -7.2994762E-01
-9.8225333E-01 1.4161638E-01 -1.1229761E+00 -8.4242860E-01 -1.2628857E+00 -7.0784224E-01
-9.9156623E-01 1.3953215E-01 -1.1285976E+00 -8.5372262E-01 -1.2683679E+00 -7.1930259E-01
-1.0337686E+00 1.4919300E-01 -1.1801994E+00 -8.8377792E-01 -1.3296321E+00 -7.4743303E-01
-1.0880485E+00 1.6543900E-01 -1.2537411E+00 -9.2224434E-01 -1.4138418E+00 -7.7281543E-01
-1.1286357E+00 1.8586220E-01 -1.2998644E+00 -9.2771306E-01 -1.5026095E+00 -7.8219277E-01
-1.1326103E+00 2.0917819E-01 -1.3219981E+00 -9.0828693E-01 -1.5655196E+00 -7.4490722E-01
-1.0961603E+00 2.3942651E-01 -1.3106931E+00 -8.3805572E-01 -1.5684567E+00 -6.3885514E-01
-1.0396631E+00 2.7203601E-01 -1.2764149E+00 -7.4752684E-01 -1.5838826E+00 -5.2011637E-01
-9.9519522E-01 2.9816649E-01 -1.2457155E+00 -6.7891978E-01 -1.5865998E+00 -4.1760877E-01
-9.8517770E-01 3.2077541E-01 -1.2372726E+00 -6.3743512E-01 -1.6243091E+00 -3.8247327E-01
-1.0188176E+00 3.6458752E-01 -1.2838794E+00 -6.1303432E-01 -1.7619362E+00 -3.4698320E-01
-1.0852026E+00 4.7031077E-01 -1.4542151E+00 -5.5471955E-01 -2.0441874E+00 -2.1330661E-01
-1.1596726E+00 6.2407921E-01 -1.6985646E+00 -4.4548723E-01 -2.3968715E+00 7.5827984E-03
-1.2150478E+00 7.6521343E-01 -1.9160358E+00 -3.4559981E-01 -2.6782061E+00 2.4843342E-01
-1.2372777E+00 8.3171404E-01 -2.0106374E+00 -2.9248260E-01 -2.7840933E+00 4.0245598E-01
