-1.3246359E+00 2.3524860E-01 -1.5498186E+00 -1.0825277E+00 -1.7958164E+00 -8.7007976E-01
-1.2508003E+00 1.7808294E-01 -1.4275134E+00 -1.0742304E+00 -1.6063654E+00 -9.0519403E-01
-1.0968634E+00 1.1368160E-01 -1.2091874E+00 -9.8507813E-01 -1.3249867E+00 -8.7655285E-01
-9.4926708E-01 1.2198658E-01 -1.0719076E+00 -8.2802170E-01 -1.1895843E+00 -7.1431948E-01
-8.9395087E-01 1.3985027E-01 -1.0346132E+00 -7.5443858E-01 -1.1712857E+00 -6.2567181E-01
-9.6078050E-01 1.4130746E-01 -1.1002016E+00 -8.2004822E-01 -1.2452936E+00 -6.8992716E-01
-1.1048236E+00 1.4231206E-01 -1.2463839E+00 -9.6330443E-01 -1.3856035E+00 -8.2765128E-01
-1.2375781E+00 1.5513366E-01 -1.3916128E+00 -1.0826072E+00 -1.5471239E+00 -9.3637205E-01
-1.2766984E+00 1.7253986E-01 -1.4389719E+00 -1.0947842E+00 -1.6238984E+00 -9.5058357E-01
-1.1997202E+00 1.9340504E-01 -1.3744667E+00 -1.0005131E+00 -1.6042607E+00 -8.3420913E-01
-1.0472439E+00 2.1609085E-01 -1.2358310E+00 -8.2329976E-01 -1.4812184E+00 -6.2798076E-01
-8.9338721E-01 2.4040609E-01 -1.0923751E+00 -6.3536002E-01 -1.3715677E+00 -4.3928350E-01
-8.0042926E-01 2.6254050E-01 -1.0206019E+00 -5.2143777E-01 -1.3327048E+00 -3.0263609E-01
-7.9868369E-01 2.7526234E-01 -1.0330069E+00 -5.0507292E-01 -1.3498647E+00 -2.7650168E-01
-8.8341365E-01 2.9300853E-01 -1.1236708E+00 -5.7026403E-01 -1.4637597E+00 -3.3020813E-01
-1.0217307E+00 3.5431039E-01 -1.2977100E+00 -6.3103971E-01 -1.7463628E+00 -3.6668662E-01
-1.1737688E+00 4.7792247E-01 -1.5806563E+00 -6.4042811E-01 -2.1365688E+00 -2.8036071E-01
-1.3021601E+00 6.3523866E-01 -1.8832027E+00 -5.9910827E-01 -2.6197037E+00 -1.4163784E-01
-1.3830393E+00 7.7346449E-01 -2.1142562E+00 -5.3357246E-01 -2.9705637E+00 6.5920678E-02
-1.4103647E+00 8.3791552E-01 -2.2109844E+00 -4.9050828E-01 -3.1258003E+00 1.6391752E-01
