-4.4449162E-01 2.3394003E-01 -6.7878355E-01 -2.1221047E-01 -8.9778665E-01 1.3239248E-02
-5.3686601E-01 1.7664629E-01 -7.1261678E-01 -3.6050332E-01 -8.8142232E-01 -1.9114413E-01
-7.5253173E-01 1.1369893E-01 -8.6432080E-01 -6.3952926E-01 -9.7548083E-01 -5.2741635E-01
-1.0091966E+00 1.2197867E-01 -1.1301156E+00 -8.8857579E-01 -1.2534196E+00 -7.7468422E-01
-1.2009617E+00 1.4158664E-01 -1.3428810E+00 -1.0591180E+00 -1.4822657E+00 -9.3142123E-01
-1.2583224E+00 1.4249302E-01 -1.3998725E+00 -1.1161598E+00 -1.5381406E+00 -9.8080745E-01
-1.1749400E+00 1.4107009E-01 -1.3156502E+00 -1.0345880E+00 -1.4493938E+00 -8.9720153E-01
-1.0068597E+00 1.4781577E-01 -1.1529880E+00 -8.6057306E-01 -1.3004396E+00 -7.1602955E-01
-8.4083068E-01 1.6064738E-01 -1.0021474E+00 -6.8166003E-01 -1.1574024E+00 -5.2991880E-01
-7.5284855E-01 1.7615376E-01 -9.2810292E-01 -5.7900937E-01 -1.1042684E+00 -4.1022912E-01
-7.7525140E-01 1.9241326E-01 -9.5441964E-01 -5.7476036E-01 -1.1660265E+00 -4.1420791E-01
-9.0455892E-01 2.1733574E-01 -1.0979848E+00 -6.7531440E-01 -1.3581113E+00 -5.0392143E-01
-1.1042360E+00 2.4896634E-01 -1.3249997E+00 -8.4691972E-01 -1.5929417E+00 -6.1822894E-01
-1.3142473E+00 2.9132593E-01 -1.5554958E+00 -9.9974345E-01 -1.8937048E+00 -7.6467123E-01
-1.4820921E+00 3.5570803E-01 -1.7567250E+00 -1.0826249E+00 -2.1981561E+00 -8.2874175E-01
-1.5893690E+00 4.4626579E-01 -1.9445281E+00 -1.0752727E+00 -2.4921491E+00 -7.7536937E-01
-1.6401628E+00 5.6922966E-01 -2.1403547E+00 -9.7865215E-01 -2.7614628E+00 -5.9880374E-01
-1.6511832E+00 7.1008051E-01 -2.3341792E+00 -8.3106051E-01 -3.0180795E+00 -3.5396056E-01
-1.6463115E+00 8.3371232E-01 -2.5105379E+00 -7.2457022E-01 -3.2607768E+00 -1.5147244E-01
-1.6416353E+00 8.9220338E-01 -2.6176250E+00 -7.0139098E-01 -3.4294394E+00 -9.3095668E-02
