-1.1677186E+00 2.3461034E-01 -1.3987045E+00 -9.3613485E-01 -1.6370423E+00 -7.1032779E-01
-1.1542231E+00 1.7865959E-01 -1.3300889E+00 -9.7928076E-01 -1.5092792E+00 -8.0542299E-01
-1.1270907E+00 1.1532015E-01 -1.2412777E+00 -1.0134410E+00 -1.3551573E+00 -9.0108218E-01
-1.0970909E+00 1.2492477E-01 -1.2201671E+00 -9.7292377E-01 -1.3448832E+00 -8.5399667E-01
-1.0758294E+00 1.4009661E-01 -1.2161675E+00 -9.3436227E-01 -1.3528065E+00 -8.0654788E-01
-1.0687911E+00 1.3826212E-01 -1.2060681E+00 -9.3157920E-01 -1.3437618E+00 -8.0110760E-01
-1.0715807E+00 1.4389578E-01 -1.2150340E+00 -9.2866409E-01 -1.3592106E+00 -7.9615258E-01
-1.0774933E+00 1.5682523E-01 -1.2320603E+00 -9.2078679E-01 -1.3975833E+00 -7.8216266E-01
-1.0861546E+00 1.6952241E-01 -1.2446094E+00 -9.0908976E-01 -1.4288764E+00 -7.6796927E-01
-1.0944852E+00 1.8564949E-01 -1.2761510E+00 -9.1111162E-01 -1.4719486E+00 -7.4062419E-01
-1.0926810E+00 2.1141898E-01 -1.2905057E+00 -8.7296507E-01 -1.5252606E+00 -6.9620999E-01
-1.0741567E+00 2.4150966E-01 -1.2953068E+00 -8.1835733E-01 -1.5472098E+00 -6.0699774E-01
-1.0373499E+00 2.6677174E-01 -1.2746251E+00 -7.5472076E-01 -1.5669732E+00 -5.2260499E-01
-9.9307375E-01 2.8670336E-01 -1.2349921E+00 -6.8662859E-01 -1.5721836E+00 -4.4762211E-01
-9.5347523E-01 3.1028099E-01 -1.1948832E+00 -6.1538309E-01 -1.5727878E+00 -3.7685423E-01
-9.2915858E-01 3.6731923E-01 -1.2034462E+00 -5.3087109E-01 -1.6746497E+00 -2.4579605E-01
-9.2432738E-01 4.7798479E-01 -1.2827156E+00 -3.8602601E-01 -1.8891287E+00 -4.7213547E-02
-9.3812469E-01 6.2099652E-01 -1.4023703E+00 -1.9438207E-01 -2.1781413E+00 1.7746983E-01
-9.5945582E-01 7.4998869E-01 -1.5285797E+00 -3.0440770E-02 -2.4079489E+00 3.7785093E-01
-9.7137538E-01 8.1247559E-01 -1.6135063E+00 1.9001704E-02 -2.4687675E+00 5.0000000E-01
