-9.7565920E-01 2.3017328E-01 -1.2051916E+00 -7.4689667E-01 -1.4291909E+00 -5.2771423E-01
-9.6904454E-01 1.7326425E-01 -1.1407874E+00 -7.9546341E-01 -1.3111522E+00 -6.3231726E-01
-9.6962036E-01 1.1188637E-01 -1.0808083E+00 -8.5819733E-01 -1.1894933E+00 -7.4867342E-01
-9.9693053E-01 1.2072807E-01 -1.1145705E+00 -8.7825860E-01 -1.2386501E+00 -7.5826410E-01
-1.0549847E+00 1.3839229E-01 -1.1919415E+00 -9.1901313E-01 -1.3291331E+00 -7.8294983E-01
-1.1178014E+00 1.3767531E-01 -1.2546771E+00 -9.8132786E-01 -1.3897856E+00 -8.4995205E-01
-1.1417396E+00 1.3696480E-01 -1.2785892E+00 -1.0047750E+00 -1.4141848E+00 -8.7916663E-01
-1.1009264E+00 1.4336030E-01 -1.2429651E+00 -9.5735891E-01 -1.3862397E+00 -8.2379176E-01
-1.0058511E+00 1.5848721E-01 -1.1627230E+00 -8.4826502E-01 -1.3237104E+00 -7.0199591E-01
-9.0460929E-01 1.7852534E-01 -1.0711098E+00 -7.1619329E-01 -1.2649762E+00 -5.6424875E-01
-8.6326314E-01 2.0254651E-01 -1.0504732E+00 -6.5133956E-01 -1.2769639E+00 -4.8496316E-01
-9.1994163E-01 2.3222491E-01 -1.1236788E+00 -6.7381581E-01 -1.3781248E+00 -4.7268714E-01
-1.0685848E+00 2.6776144E-01 -1.2980918E+00 -7.8422671E-01 -1.5971410E+00 -5.4940161E-01
-1.2746907E+00 3.0615042E-01 -1.5176647E+00 -9.4305040E-01 -1.8951000E+00 -6.9333471E-01
-1.4814963E+00 3.5826184E-01 -1.7494450E+00 -1.0762701E+00 -2.2090139E+00 -8.2453019E-01
-1.6421062E+00 4.4715029E-01 -2.0047941E+00 -1.1277276E+00 -2.5288331E+00 -8.2301898E-01
-1.7424428E+00 5.7728325E-01 -2.2931866E+00 -1.0948424E+00 -2.8865833E+00 -7.0197097E-01
-1.7924880E+00 7.2295917E-01 -2.5777794E+00 -1.0181010E+00 -3.1367902E+00 -4.5580617E-01
-1.8080801E+00 8.4574974E-01 -2.8116421E+00 -9.7924310E-01 -3.3700181E+00 -2.9449446E-01
-1.8093069E+00 9.0194204E-01 -2.8863993E+00 -9.3115424E-01 -3.5000000E+00 -2.7125048E-01
