-1.2732876E+00 2.4260432E-01 -1.5148026E+00 -1.0325438E+00 -1.7558534E+00 -8.0162595E-01
-1.2219970E+00 1.8427913E-01 -1.4055031E+00 -1.0374374E+00 -1.5902736E+00 -8.6785972E-01
-1.1162814E+00 1.1758995E-01 -1.2343630E+00 -9.9886145E-01 -1.3479224E+00 -8.8746441E-01
-1.0131846E+00 1.2396989E-01 -1.1365921E+00 -8.8909775E-01 -1.2574300E+00 -7.7337924E-01
-9.6494748E-01 1.4290919E-01 -1.1065914E+00 -8.2055543E-01 -1.2423935E+00 -6.8353053E-01
-9.8831711E-01 1.4441836E-01 -1.1324488E+00 -8.4464505E-01 -1.2783515E+00 -7.1539294E-01
-1.0612598E+00 1.4142208E-01 -1.2024751E+00 -9.2083909E-01 -1.3477934E+00 -7.9186533E-01
-1.1393936E+00 1.5135077E-01 -1.2909016E+00 -9.8664193E-01 -1.4379502E+00 -8.4833152E-01
-1.1824231E+00 1.7007169E-01 -1.3520557E+00 -1.0131128E+00 -1.5225916E+00 -8.5979731E-01
-1.1763150E+00 1.9098470E-01 -1.3532734E+00 -9.7527015E-01 -1.5668960E+00 -8.2210961E-01
-1.1347827E+00 2.1806719E-01 -1.3285945E+00 -9.0062050E-01 -1.5918930E+00 -7.3775018E-01
-1.0838343E+00 2.4852879E-01 -1.2965001E+00 -8.1446047E-01 -1.5864306E+00 -6.1337769E-01
-1.0435007E+00 2.7002562E-01 -1.2744771E+00 -7.5218082E-01 -1.5877476E+00 -5.2821522E-01
-1.0201690E+00 2.8435428E-01 -1.2569720E+00 -7.0943327E-01 -1.5960195E+00 -4.8192959E-01
-1.0088017E+00 3.0772920E-01 -1.2530214E+00 -6.6902948E-01 -1.6319363E+00 -4.3823328E-01
-9.9722001E-01 3.6937378E-01 -1.2732706E+00 -5.9171230E-01 -1.7614394E+00 -3.1843586E-01
-9.8456709E-01 4.8477032E-01 -1.3405883E+00 -4.2473724E-01 -1.9831562E+00 -1.0929559E-01
-9.7267932E-01 6.2910327E-01 -1.4346632E+00 -2.0114446E-01 -2.2346211E+00 1.4228730E-01
-9.6534247E-01 7.5346636E-01 -1.5486404E+00 -3.2614903E-02 -2.4018836E+00 3.7614153E-01
-9.6354206E-01 8.0943752E-01 -1.6176386E+00 2.4410551E-02 -2.4266913E+00 5.0000000E-01
