-1.1123639E+00 2.3796287E-01 -1.3484316E+00 -8.7680540E-01 -1.5815679E+00 -6.4692007E-01
-1.1156033E+00 1.7934864E-01 -1.2925746E+00 -9.3756201E-01 -1.4697908E+00 -7.6410156E-01
-1.1118555E+00 1.1535707E-01 -1.2264332E+00 -9.9606640E-01 -1.3327331E+00 -8.8402636E-01
-1.0842913E+00 1.2207893E-01 -1.2062644E+00 -9.6258490E-01 -1.3248739E+00 -8.4695605E-01
-1.0269467E+00 1.3732184E-01 -1.1627079E+00 -8.9059525E-01 -1.3039507E+00 -7.6238609E-01
-9.5254296E-01 1.4179378E-01 -1.0878129E+00 -8.0395452E-01 -1.2369459E+00 -6.8681992E-01
-8.9730510E-01 1.4370611E-01 -1.0317398E+00 -7.4697544E-01 -1.1880281E+00 -6.2246622E-01
-9.0950465E-01 1.5167341E-01 -1.0525964E+00 -7.5355319E-01 -1.2185395E+00 -6.2064653E-01
-1.0011781E+00 1.6786109E-01 -1.1589311E+00 -8.2993231E-01 -1.3417245E+00 -6.8159650E-01
-1.1343820E+00 1.9234545E-01 -1.3074254E+00 -9.2946238E-01 -1.5341806E+00 -7.7937811E-01
-1.2430888E+00 2.2222541E-01 -1.4353110E+00 -1.0039347E+00 -1.6873492E+00 -8.2059219E-01
-1.2756390E+00 2.5072021E-01 -1.4908701E+00 -1.0056078E+00 -1.7824163E+00 -8.0223119E-01
-1.2216854E+00 2.7622404E-01 -1.4527345E+00 -9.2375786E-01 -1.7857484E+00 -6.9882477E-01
-1.1120310E+00 2.9441437E-01 -1.3510055E+00 -7.9073724E-01 -1.7090341E+00 -5.5409358E-01
-9.9168243E-01 3.1822220E-01 -1.2317380E+00 -6.4372889E-01 -1.6409333E+00 -4.0145174E-01
-8.9744416E-01 3.7551306E-01 -1.1582363E+00 -4.8078455E-01 -1.6753710E+00 -2.1042529E-01
-8.4322013E-01 4.7923043E-01 -1.1695135E+00 -2.9077203E-01 -1.8284576E+00 1.4539956E-02
-8.2143742E-01 6.1307413E-01 -1.2272118E+00 -7.3282252E-02 -2.0685307E+00 2.3530354E-01
-8.1818417E-01 7.3513858E-01 -1.2708444E+00 1.5365084E-01 -2.2467369E+00 4.1825210E-01
-8.2073093E-01 7.9370343E-01 -1.3435866E+00 2.1918717E-01 -2.3013292E+00 5.0000000E-01
