-1.2544637E+00 2.3274964E-01 -1.4870447E+00 -1.0217680E+00 -1.7086611E+00 -7.9968154E-01
-1.2202964E+00 1.7764143E-01 -1.3977037E+00 -1.0429908E+00 -1.5679933E+00 -8.7606524E-01
-1.1392193E+00 1.1425828E-01 -1.2522485E+00 -1.0253539E+00 -1.3653232E+00 -9.1835185E-01
-1.0429902E+00 1.1947305E-01 -1.1616079E+00 -9.2607930E-01 -1.2807748E+00 -8.1288982E-01
-9.6937987E-01 1.3758753E-01 -1.1065886E+00 -8.3114281E-01 -1.2434566E+00 -7.0714522E-01
-9.4188485E-01 1.3570980E-01 -1.0761963E+00 -8.0591767E-01 -1.2109346E+00 -6.7948482E-01
-9.5862445E-01 1.3863612E-01 -1.0969711E+00 -8.1945507E-01 -1.2306618E+00 -6.8857700E-01
-9.9538553E-01 1.4763793E-01 -1.1415516E+00 -8.4990283E-01 -1.2880776E+00 -7.0663081E-01
-1.0235817E+00 1.5657078E-01 -1.1745004E+00 -8.6858014E-01 -1.3394879E+00 -7.2082658E-01
-1.0298868E+00 1.7250314E-01 -1.1898706E+00 -8.5336134E-01 -1.3813034E+00 -6.9978444E-01
-1.0152139E+00 2.0193285E-01 -1.1976691E+00 -8.0410923E-01 -1.4132950E+00 -6.2388173E-01
-9.9034434E-01 2.3601820E-01 -1.1980107E+00 -7.4214230E-01 -1.4555294E+00 -5.3492947E-01
-9.7734381E-01 2.6484603E-01 -1.2096604E+00 -6.9851103E-01 -1.5000940E+00 -4.6708280E-01
-9.9827955E-01 2.8804905E-01 -1.2490176E+00 -6.9803160E-01 -1.5678278E+00 -4.4069835E-01
-1.0628337E+00 3.1174898E-01 -1.3177628E+00 -7.2796077E-01 -1.6855437E+00 -4.7249308E-01
-1.1657489E+00 3.6242867E-01 -1.4543775E+00 -7.6710262E-01 -1.8950036E+00 -4.8607669E-01
-1.2860904E+00 4.7203591E-01 -1.6988370E+00 -7.6676194E-01 -2.2298447E+00 -3.9439633E-01
-1.3977378E+00 6.1904353E-01 -1.9968183E+00 -7.3534593E-01 -2.6530436E+00 -2.4021719E-01
-1.4774555E+00 7.5094323E-01 -2.2531823E+00 -7.0691897E-01 -2.9651030E+00 -2.8452630E-02
-1.5104306E+00 8.1244234E-01 -2.3484780E+00 -6.7549452E-01 -3.1060968E+00 7.2399606E-02
