-1.4226656E+00 2.3286697E-01 -1.6555125E+00 -1.1868429E+00 -1.8801087E+00 -9.7629490E-01
-1.3423241E+00 1.7528936E-01 -1.5176489E+00 -1.1662635E+00 -1.6903192E+00 -1.0061949E+00
-1.1732757E+00 1.1271106E-01 -1.2840247E+00 -1.0607819E+00 -1.4014757E+00 -9.5872996E-01
-9.9438848E-01 1.2365036E-01 -1.1178119E+00 -8.6985446E-01 -1.2354890E+00 -7.5417501E-01
-8.8105010E-01 1.4088246E-01 -1.0210140E+00 -7.4039745E-01 -1.1623638E+00 -6.0926571E-01
-8.6555469E-01 1.3944378E-01 -1.0039709E+00 -7.2905665E-01 -1.1434668E+00 -5.9398892E-01
-9.3393343E-01 1.4055582E-01 -1.0734015E+00 -7.9413061E-01 -1.2084754E+00 -6.5668322E-01
-1.0301480E+00 1.4919535E-01 -1.1726558E+00 -8.7531087E-01 -1.3280839E+00 -7.4534999E-01
-1.0957791E+00 1.6165173E-01 -1.2550138E+00 -9.3535769E-01 -1.4197215E+00 -7.8617278E-01
-1.0988546E+00 1.7389182E-01 -1.2586139E+00 -9.1698824E-01 -1.4538717E+00 -7.7161022E-01
-1.0422261E+00 1.9475081E-01 -1.2188936E+00 -8.3789595E-01 -1.4457435E+00 -6.8096356E-01
-9.5968406E-01 2.2710444E-01 -1.1626164E+00 -7.1878197E-01 -1.4304100E+00 -5.3785081E-01
-9.0044026E-01 2.6166729E-01 -1.1292362E+00 -6.1647049E-01 -1.4130969E+00 -4.0345767E-01
-9.1409668E-01 2.8922406E-01 -1.1563881E+00 -6.0188011E-01 -1.4970639E+00 -3.6896351E-01
-1.0226655E+00 3.1330080E-01 -1.2707814E+00 -6.8350808E-01 -1.6542224E+00 -4.2555509E-01
-1.2028639E+00 3.6405965E-01 -1.4907216E+00 -7.9559232E-01 -1.9385877E+00 -5.2809496E-01
-1.4056039E+00 4.7035167E-01 -1.8254606E+00 -8.8111163E-01 -2.3383863E+00 -5.3165203E-01
-1.5825845E+00 6.1652276E-01 -2.2016105E+00 -9.2734479E-01 -2.7700269E+00 -4.1321320E-01
-1.6989235E+00 7.4989756E-01 -2.4906279E+00 -9.2663687E-01 -3.1627019E+00 -3.1820535E-01
-1.7407912E+00 8.1373491E-01 -2.6027681E+00 -8.9909835E-01 -3.3642044E+00 -2.6414976E-01
