-9.8047109E-01 2.3571349E-01 -1.2122010E+00 -7.4700836E-01 -1.4521876E+00 -5.2498349E-01
-9.7310114E-01 1.8043076E-01 -1.1502040E+00 -7.9234294E-01 -1.3279572E+00 -6.2185909E-01
-9.5393762E-01 1.1676564E-01 -1.0704282E+00 -8.3663998E-01 -1.1838086E+00 -7.2859648E-01
-9.2493673E-01 1.2048493E-01 -1.0433001E+00 -8.0591681E-01 -1.1676659E+00 -6.9288713E-01
-9.0047327E-01 1.3606182E-01 -1.0355446E+00 -7.6561726E-01 -1.1709130E+00 -6.3897424E-01
-9.1278608E-01 1.3724576E-01 -1.0467642E+00 -7.7669037E-01 -1.1844326E+00 -6.4681356E-01
-9.8498186E-01 1.4316114E-01 -1.1283938E+00 -8.4206536E-01 -1.2663222E+00 -7.1049885E-01
-1.1132651E+00 1.5730211E-01 -1.2698789E+00 -9.5673297E-01 -1.4226608E+00 -8.0633826E-01
-1.2666485E+00 1.7844983E-01 -1.4363171E+00 -1.0817308E+00 -1.6237193E+00 -9.2782878E-01
-1.3917156E+00 2.0290151E-01 -1.5765714E+00 -1.1758324E+00 -1.8126321E+00 -1.0167691E+00
-1.4344681E+00 2.3037379E-01 -1.6398763E+00 -1.1895082E+00 -1.9185684E+00 -1.0076617E+00
-1.3632415E+00 2.5742685E-01 -1.5885651E+00 -1.0875054E+00 -1.8794437E+00 -8.6947081E-01
-1.1876762E+00 2.8252828E-01 -1.4223953E+00 -8.7867140E-01 -1.7563836E+00 -6.5307672E-01
-9.5796610E-01 2.9867427E-01 -1.1995928E+00 -6.3792105E-01 -1.5556475E+00 -3.8908264E-01
-7.3671420E-01 3.0623706E-01 -9.7279678E-01 -4.1156871E-01 -1.3483800E+00 -1.6124728E-01
-5.6704911E-01 3.2801075E-01 -8.1657036E-01 -2.1176791E-01 -1.2187088E+00 4.6464805E-02
-4.6845865E-01 3.9624147E-01 -7.6143008E-01 -3.0543084E-02 -1.2603161E+00 2.5958340E-01
-4.3377115E-01 5.0303936E-01 -7.4930235E-01 1.8143687E-01 -1.4177267E+00 4.1451347E-01
-4.3480172E-01 6.0407176E-01 -7.2808236E-01 3.7136166E-01 -1.5698269E+00 4.9419474E-01
-4.4166638E-01 6.5283817E-01 -6.7944397E-01 5.0000000E-01 -1.6618870E+00 5.0000000E-01
