-1.2069097E+00 2.3600442E-01 -1.4409960E+00 -9.7250646E-01 -1.6684002E+00 -7.3928252E-01
-1.2046030E+00 1.7700868E-01 -1.3776407E+00 -1.0287426E+00 -1.5519832E+00 -8.5415948E-01
-1.1932950E+00 1.1128741E-01 -1.3044022E+00 -1.0825909E+00 -1.4088179E+00 -9.7392317E-01
-1.1668295E+00 1.2387510E-01 -1.2904145E+00 -1.0430791E+00 -1.4146996E+00 -9.2836955E-01
-1.1174347E+00 1.4164555E-01 -1.2579878E+00 -9.7686652E-01 -1.3999263E+00 -8.4255523E-01
-1.0442354E+00 1.3899804E-01 -1.1760188E+00 -9.0048849E-01 -1.3236376E+00 -7.7777921E-01
-9.5197752E-01 1.4009372E-01 -1.0915728E+00 -8.1186395E-01 -1.2318036E+00 -6.8326008E-01
-8.6022584E-01 1.4731926E-01 -1.0059149E+00 -7.1272993E-01 -1.1525301E+00 -5.7595344E-01
-8.0629217E-01 1.5927088E-01 -9.6464798E-01 -6.4883693E-01 -1.1242617E+00 -4.9986646E-01
-8.1920943E-01 1.7838235E-01 -9.8417962E-01 -6.3377877E-01 -1.1868746E+00 -4.8123221E-01
-9.0155451E-01 1.9916692E-01 -1.0893964E+00 -6.9172935E-01 -1.3020920E+00 -5.2634948E-01
-1.0360365E+00 2.2313321E-01 -1.2594658E+00 -8.1165170E-01 -1.4842330E+00 -6.1814523E-01
-1.1931339E+00 2.5969590E-01 -1.4245620E+00 -9.1484239E-01 -1.7134123E+00 -6.9238504E-01
-1.3314498E+00 3.0867756E-01 -1.5867431E+00 -1.0051495E+00 -1.9448539E+00 -7.3478787E-01
-1.4211513E+00 3.7113013E-01 -1.6920411E+00 -1.0117762E+00 -2.1648260E+00 -7.3550435E-01
-1.4624102E+00 4.6348809E-01 -1.7877522E+00 -9.2926632E-01 -2.4201435E+00 -6.3710423E-01
-1.4686885E+00 5.9165719E-01 -1.9090136E+00 -7.5533562E-01 -2.6771463E+00 -4.2075581E-01
-1.4568533E+00 7.4016796E-01 -2.0677081E+00 -5.4764108E-01 -2.9317578E+00 -1.6362784E-01
-1.4401499E+00 8.6882292E-01 -2.2304058E+00 -3.9190490E-01 -3.1592413E+00 8.1955853E-02
-1.4309211E+00 9.2910191E-01 -2.3091880E+00 -3.2451671E-01 -3.5000000E+00 5.0000000E-01
