-1.3261924E+00 2.3303028E-01 -1.5595524E+00 -1.0940962E+00 -1.7814815E+00 -8.7066055E-01
-1.2887294E+00 1.7720955E-01 -1.4661459E+00 -1.1119876E+00 -1.6312459E+00 -9.4013788E-01
-1.2120273E+00 1.1449345E-01 -1.3260335E+00 -1.0999197E+00 -1.4387445E+00 -9.8803991E-01
-1.1247750E+00 1.2289528E-01 -1.2457977E+00 -1.0037148E+00 -1.3643348E+00 -8.8098869E-01
-1.0420917E+00 1.4169982E-01 -1.1837927E+00 -9.0131616E-01 -1.3196739E+00 -7.6538371E-01
-9.6802680E-01 1.4236924E-01 -1.1019104E+00 -8.1881081E-01 -1.2534707E+00 -6.9723126E-01
-9.1772114E-01 1.3984467E-01 -1.0575486E+00 -7.7799208E-01 -1.1959583E+00 -6.4933693E-01
-9.0776113E-01 1.4937180E-01 -1.0570914E+00 -7.5887829E-01 -1.2011759E+00 -6.1630318E-01
-9.4618769E-01 1.6731241E-01 -1.1131489E+00 -7.7976972E-01 -1.2741682E+00 -6.2040526E-01
-1.0285129E+00 1.8692080E-01 -1.2119385E+00 -8.4286519E-01 -1.4041853E+00 -6.6802502E-01
-1.1347898E+00 2.1202522E-01 -1.3289289E+00 -9.1522425E-01 -1.5718816E+00 -7.3264864E-01
-1.2321079E+00 2.4496216E-01 -1.4476986E+00 -9.7178721E-01 -1.7475575E+00 -7.7803254E-01
-1.2915325E+00 2.8287370E-01 -1.5361328E+00 -9.8955329E-01 -1.8571566E+00 -7.4548158E-01
-1.3021191E+00 3.2022569E-01 -1.5505576E+00 -9.5244430E-01 -1.9686180E+00 -6.9778700E-01
-1.2734218E+00 3.6726969E-01 -1.5266495E+00 -8.6215994E-01 -2.0415767E+00 -5.9924926E-01
-1.2290701E+00 4.4572849E-01 -1.5173916E+00 -7.1793813E-01 -2.1752136E+00 -4.3924065E-01
-1.1899226E+00 5.6642726E-01 -1.5727169E+00 -5.1813856E-01 -2.3782568E+00 -1.8494247E-01
-1.1654038E+00 7.0930204E-01 -1.6880286E+00 -2.8946054E-01 -2.6077315E+00 8.1838408E-02
-1.1547043E+00 8.3262513E-01 -1.8120044E+00 -1.0367567E-01 -2.7555257E+00 3.3040645E-01
-1.1533237E+00 8.8852477E-01 -1.8865903E+00 -3.9501700E-02 -2.7601884E+00 5.0000000E-01
