-1.3918516E+00 2.3672745E-01 -1.6242373E+00 -1.1565190E+00 -1.8642510E+00 -9.3028623E-01
-1.3539267E+00 1.8122775E-01 -1.5312794E+00 -1.1744388E+00 -1.7141220E+00 -9.9957797E-01
-1.2585590E+00 1.1512274E-01 -1.3721552E+00 -1.1433981E+00 -1.4833981E+00 -1.0344016E+00
-1.1242055E+00 1.1835109E-01 -1.2423206E+00 -1.0071561E+00 -1.3560411E+00 -8.9416063E-01
-9.8720792E-01 1.3810173E-01 -1.1241486E+00 -8.4875201E-01 -1.2595282E+00 -7.1686777E-01
-8.8763519E-01 1.3823293E-01 -1.0246534E+00 -7.5145875E-01 -1.1592853E+00 -6.1563446E-01
-8.6135048E-01 1.3819794E-01 -9.9870643E-01 -7.2453660E-01 -1.1343609E+00 -5.9197558E-01
-9.2010717E-01 1.4978096E-01 -1.0672540E+00 -7.7071550E-01 -1.2215034E+00 -6.3282920E-01
-1.0421877E+00 1.6982220E-01 -1.1982774E+00 -8.6527970E-01 -1.3878158E+00 -7.1914487E-01
-1.1838650E+00 1.9464549E-01 -1.3659288E+00 -9.8398208E-01 -1.5814922E+00 -8.1578884E-01
-1.2999083E+00 2.2032325E-01 -1.5066438E+00 -1.0687561E+00 -1.7485469E+00 -8.8733854E-01
-1.3633645E+00 2.4955933E-01 -1.5861845E+00 -1.0952331E+00 -1.8860087E+00 -9.0032462E-01
-1.3548845E+00 2.7663222E-01 -1.5914595E+00 -1.0547445E+00 -1.9165564E+00 -8.3237077E-01
-1.2679385E+00 3.0091621E-01 -1.5153014E+00 -9.4077002E-01 -1.8767150E+00 -7.0412698E-01
-1.1169410E+00 3.3408738E-01 -1.3678485E+00 -7.5481413E-01 -1.7952563E+00 -4.9361090E-01
-9.3854805E-01 3.9397602E-01 -1.2132931E+00 -5.0604290E-01 -1.7330455E+00 -2.1191692E-01
-7.7475829E-01 4.8646327E-01 -1.0925603E+00 -2.2161602E-01 -1.7674694E+00 8.1932871E-02
-6.5630119E-01 5.9745611E-01 -9.9883704E-01 6.7487906E-02 -1.8617981E+00 3.1910998E-01
-5.9138517E-01 6.9609830E-01 -9.0826601E-01 3.2848871E-01 -1.9402172E+00 4.6571817E-01
-5.7278893E-01 7.4407926E-01 -8.2534767E-01 5.0000000E-01 -1.9835187E+00 5.0000000E-01
