-1.1636561E+00 2.3706304E-01 -1.3999923E+00 -9.2782325E-01 -1.6305281E+00 -7.0145099E-01
-1.1590161E+00 1.8072414E-01 -1.3399755E+00 -9.7764877E-01 -1.5128854E+00 -8.0442697E-01
-1.1407441E+00 1.1787433E-01 -1.2575097E+00 -1.0237490E+00 -1.3740852E+00 -9.0948738E-01
-1.0968266E+00 1.2153791E-01 -1.2187220E+00 -9.7441563E-01 -1.3351647E+00 -8.6230157E-01
-1.0227556E+00 1.3923724E-01 -1.1603941E+00 -8.8376897E-01 -1.2953485E+00 -7.5037160E-01
-9.4335845E-01 1.4109679E-01 -1.0837332E+00 -8.0494294E-01 -1.2195158E+00 -6.6247100E-01
-8.9750498E-01 1.3975276E-01 -1.0380741E+00 -7.5737348E-01 -1.1693121E+00 -6.2535461E-01
-9.0741617E-01 1.4738341E-01 -1.0553550E+00 -7.6117990E-01 -1.2005088E+00 -6.2724666E-01
-9.7000527E-01 1.6343606E-01 -1.1242823E+00 -7.9997639E-01 -1.3014964E+00 -6.6138971E-01
-1.0573523E+00 1.8518503E-01 -1.2298010E+00 -8.6706862E-01 -1.4358326E+00 -7.0760171E-01
-1.1319920E+00 2.1073784E-01 -1.3209626E+00 -9.1095807E-01 -1.5723270E+00 -7.4177658E-01
-1.1657015E+00 2.4079837E-01 -1.3778931E+00 -9.0684971E-01 -1.6452267E+00 -7.0699337E-01
-1.1548176E+00 2.6960932E-01 -1.3978351E+00 -8.6936590E-01 -1.6858043E+00 -6.3445404E-01
-1.1131204E+00 2.8958622E-01 -1.3624549E+00 -8.0151334E-01 -1.6978395E+00 -5.5926526E-01
-1.0717946E+00 3.0647729E-01 -1.3200901E+00 -7.3103618E-01 -1.6918549E+00 -4.9481619E-01
-1.0526585E+00 3.6017432E-01 -1.3358764E+00 -6.4294137E-01 -1.7831493E+00 -3.9425127E-01
-1.0609930E+00 4.7253265E-01 -1.4405736E+00 -5.1307928E-01 -2.0195200E+00 -2.0358788E-01
-1.0859111E+00 6.2094708E-01 -1.6200705E+00 -3.5906108E-01 -2.3055747E+00 4.0143746E-02
-1.1108648E+00 7.5607297E-01 -1.7932925E+00 -2.3064089E-01 -2.5357062E+00 2.9194214E-01
-1.1229049E+00 8.1998189E-01 -1.8676830E+00 -1.6424223E-01 -2.5888279E+00 4.7522787E-01
