-1.3698490E+00 2.3064822E-01 -1.5991333E+00 -1.1394771E+00 -1.8262483E+00 -9.2199872E-01
-1.3538401E+00 1.7554563E-01 -1.5287578E+00 -1.1788685E+00 -1.7006756E+00 -1.0139543E+00
-1.2928634E+00 1.1584878E-01 -1.4080318E+00 -1.1783058E+00 -1.5205815E+00 -1.0665813E+00
-1.1708760E+00 1.2146066E-01 -1.2916699E+00 -1.0495421E+00 -1.4092851E+00 -9.3284903E-01
-1.0047194E+00 1.3584791E-01 -1.1412403E+00 -8.7068268E-01 -1.2734650E+00 -7.4103414E-01
-8.4782510E-01 1.3792412E-01 -9.8066033E-01 -7.0583683E-01 -1.1220305E+00 -5.8339016E-01
-7.6726930E-01 1.4034868E-01 -9.0785817E-01 -6.2842722E-01 -1.0466117E+00 -4.9498075E-01
-7.9916148E-01 1.4571989E-01 -9.4310982E-01 -6.5430917E-01 -1.0864950E+00 -5.1494941E-01
-9.2432086E-01 1.5740057E-01 -1.0727939E+00 -7.6077322E-01 -1.2429178E+00 -6.2332429E-01
-1.0868060E+00 1.7501073E-01 -1.2453002E+00 -8.9995030E-01 -1.4429224E+00 -7.5618629E-01
-1.2233072E+00 2.0706245E-01 -1.4092413E+00 -1.0040134E+00 -1.6514482E+00 -8.4017458E-01
-1.2993515E+00 2.4993069E-01 -1.5049204E+00 -1.0221446E+00 -1.8062447E+00 -8.2678838E-01
-1.3109164E+00 2.9566567E-01 -1.5532929E+00 -9.8912495E-01 -1.9018745E+00 -7.5562298E-01
-1.2815619E+00 3.3704239E-01 -1.5420266E+00 -9.2370549E-01 -1.9464596E+00 -6.4486612E-01
-1.2440297E+00 3.8113133E-01 -1.5034910E+00 -8.3230086E-01 -2.0070781E+00 -5.4477458E-01
-1.2227652E+00 4.5176693E-01 -1.5044584E+00 -7.1809201E-01 -2.1589019E+00 -4.1215929E-01
-1.2219227E+00 5.6272758E-01 -1.6101915E+00 -5.6869488E-01 -2.3936527E+00 -2.1265901E-01
-1.2315646E+00 6.9670578E-01 -1.7865684E+00 -4.1454665E-01 -2.6384047E+00 2.9334408E-02
-1.2409710E+00 8.1519144E-01 -1.9587084E+00 -2.9507079E-01 -2.8262488E+00 2.7429137E-01
-1.2457016E+00 8.7283670E-01 -2.0394846E+00 -2.3648864E-01 -2.8639179E+00 4.5245197E-01
