-1.0146896E+00 2.3423309E-01 -1.2482557E+00 -7.8086532E-01 -1.4743414E+00 -5.5999109E-01
-9.8098676E-01 1.7702001E-01 -1.1571198E+00 -8.0696720E-01 -1.3322211E+00 -6.3601192E-01
-9.2414419E-01 1.1067873E-01 -1.0327363E+00 -8.1522155E-01 -1.1454549E+00 -7.0567817E-01
-8.9949584E-01 1.2044296E-01 -1.0194389E+00 -7.7852196E-01 -1.1340466E+00 -6.6410712E-01
-9.4369308E-01 1.3919190E-01 -1.0805105E+00 -8.0420465E-01 -1.2139573E+00 -6.6834634E-01
-1.0375593E+00 1.3565668E-01 -1.1742217E+00 -9.0122350E-01 -1.3018570E+00 -7.7561960E-01
-1.1168443E+00 1.3894579E-01 -1.2469508E+00 -9.7170990E-01 -1.3979098E+00 -8.5267813E-01
-1.1301550E+00 1.5127832E-01 -1.2812981E+00 -9.7941593E-01 -1.4293826E+00 -8.3944787E-01
-1.0769698E+00 1.5920420E-01 -1.2346003E+00 -9.1877500E-01 -1.3936365E+00 -7.6957348E-01
-9.9437977E-01 1.7393398E-01 -1.1559294E+00 -8.1368812E-01 -1.3477289E+00 -6.6393447E-01
-9.3138613E-01 1.9947466E-01 -1.1119639E+00 -7.2328652E-01 -1.3488306E+00 -5.6045781E-01
-9.1855918E-01 2.2872459E-01 -1.1280421E+00 -6.8350513E-01 -1.3662490E+00 -4.6943367E-01
-9.6352231E-01 2.6113085E-01 -1.1979841E+00 -6.8476757E-01 -1.4799903E+00 -4.6175345E-01
-1.0583821E+00 2.9735306E-01 -1.3150882E+00 -7.3710326E-01 -1.6452449E+00 -4.8780661E-01
-1.1895594E+00 3.3729866E-01 -1.4498115E+00 -8.1826474E-01 -1.8701024E+00 -5.6699263E-01
-1.3433510E+00 4.0154670E-01 -1.6469232E+00 -8.9361077E-01 -2.1600083E+00 -6.1344789E-01
-1.5032926E+00 5.1059729E-01 -1.9525110E+00 -9.4306963E-01 -2.5249608E+00 -5.4048270E-01
-1.6435060E+00 6.4746147E-01 -2.3183357E+00 -9.7992148E-01 -2.8927009E+00 -3.9328977E-01
-1.7381885E+00 7.7182569E-01 -2.5583755E+00 -9.3539622E-01 -3.2293777E+00 -3.1390440E-01
-1.7748111E+00 8.3326844E-01 -2.6618722E+00 -9.0530351E-01 -3.4252552E+00 -2.8397137E-01
