-1.0050586E+00 2.4080112E-01 -1.2439290E+00 -7.6807201E-01 -1.4802434E+00 -5.2929756E-01
-1.0211290E+00 1.8314629E-01 -1.2022053E+00 -8.4199954E-01 -1.3829088E+00 -6.6035646E-01
-1.0516803E+00 1.1661753E-01 -1.1674425E+00 -9.3474898E-01 -1.2794089E+00 -8.2234213E-01
-1.0695993E+00 1.2482609E-01 -1.1933748E+00 -9.4557031E-01 -1.3171950E+00 -8.2818414E-01
-1.0597221E+00 1.4042534E-01 -1.1965442E+00 -9.2156225E-01 -1.3411653E+00 -7.8598222E-01
-1.0379562E+00 1.4010279E-01 -1.1763922E+00 -8.9980878E-01 -1.3194414E+00 -7.6945521E-01
-1.0360904E+00 1.4386530E-01 -1.1784688E+00 -8.9303700E-01 -1.3282297E+00 -7.6169546E-01
-1.0658333E+00 1.5295864E-01 -1.2161989E+00 -9.1480441E-01 -1.3738967E+00 -7.7304806E-01
-1.1083901E+00 1.6520543E-01 -1.2727012E+00 -9.4420379E-01 -1.4352813E+00 -7.8829383E-01
-1.1366549E+00 1.8548394E-01 -1.3109458E+00 -9.4531665E-01 -1.5178512E+00 -7.8332184E-01
-1.1290693E+00 2.0930097E-01 -1.3152109E+00 -9.0698796E-01 -1.5669794E+00 -7.4140651E-01
-1.0817077E+00 2.3602923E-01 -1.2889562E+00 -8.3075186E-01 -1.5782479E+00 -6.4859616E-01
-1.0124745E+00 2.6335384E-01 -1.2390056E+00 -7.2970534E-01 -1.5369527E+00 -5.0954099E-01
-9.5384881E-01 2.8553792E-01 -1.1962575E+00 -6.5174229E-01 -1.5202315E+00 -4.0728945E-01
-9.2933880E-01 3.1056437E-01 -1.1809876E+00 -5.9729151E-01 -1.5534739E+00 -3.3864318E-01
-9.3985269E-01 3.6678134E-01 -1.2127119E+00 -5.2972087E-01 -1.6896896E+00 -2.5760119E-01
-9.7178535E-01 4.8182301E-01 -1.3391443E+00 -4.2482071E-01 -1.9479627E+00 -8.5030410E-02
-1.0098298E+00 6.3167574E-01 -1.5018554E+00 -2.5598014E-01 -2.2652061E+00 1.3644273E-01
-1.0377102E+00 7.6312664E-01 -1.6712054E+00 -1.2397926E-01 -2.4884235E+00 3.5545179E-01
-1.0470307E+00 8.2553333E-01 -1.7561194E+00 -6.4532757E-02 -2.5320272E+00 5.0000000E-01
