-1.4516265E+00 2.3494333E-01 -1.6867089E+00 -1.2198061E+00 -1.9086896E+00 -9.9021707E-01
-1.3893102E+00 1.7795528E-01 -1.5659982E+00 -1.2138639E+00 -1.7387520E+00 -1.0404732E+00
-1.2356823E+00 1.1404578E-01 -1.3490033E+00 -1.1229700E+00 -1.4633175E+00 -1.0148566E+00
-1.0388366E+00 1.2082602E-01 -1.1598239E+00 -9.1779616E-01 -1.2817691E+00 -8.0954436E-01
-8.7408234E-01 1.3555811E-01 -1.0073347E+00 -7.3944273E-01 -1.1470091E+00 -6.1783041E-01
-7.9743082E-01 1.3401304E-01 -9.2900025E-01 -6.6674738E-01 -1.0689516E+00 -5.3908989E-01
-8.2906626E-01 1.3843329E-01 -9.6779261E-01 -6.8989422E-01 -1.1021841E+00 -5.6266698E-01
-9.5375266E-01 1.5409911E-01 -1.1075826E+00 -7.9856883E-01 -1.2641610E+00 -6.6275510E-01
-1.1286182E+00 1.7069801E-01 -1.2911393E+00 -9.5153403E-01 -1.4734301E+00 -8.0711430E-01
-1.3004446E+00 1.9181443E-01 -1.4752419E+00 -1.0948419E+00 -1.6969582E+00 -9.4855787E-01
-1.4155767E+00 2.1942932E-01 -1.6172015E+00 -1.1815419E+00 -1.8660330E+00 -1.0126080E+00
-1.4374443E+00 2.4826622E-01 -1.6577165E+00 -1.1763716E+00 -1.9334781E+00 -9.5559726E-01
-1.3630860E+00 2.7625872E-01 -1.5998969E+00 -1.0706925E+00 -1.9067496E+00 -8.3488232E-01
-1.2156361E+00 3.0378602E-01 -1.4624584E+00 -8.9286137E-01 -1.8107661E+00 -6.4261315E-01
-1.0370211E+00 3.3475593E-01 -1.2852137E+00 -6.7472964E-01 -1.7042131E+00 -4.2355003E-01
-8.7339073E-01 3.8848766E-01 -1.1401379E+00 -4.4429764E-01 -1.6751946E+00 -1.7044470E-01
-7.5208483E-01 4.7754071E-01 -1.0592220E+00 -2.0138917E-01 -1.7391256E+00 9.6208314E-02
-6.7544206E-01 5.9254341E-01 -1.0255155E+00 5.6907217E-02 -1.8700075E+00 3.1216048E-01
-6.3668569E-01 7.0176724E-01 -9.8145943E-01 3.0654496E-01 -1.9967428E+00 4.5892018E-01
-6.2728991E-01 7.5734258E-01 -9.3308594E-01 4.6438517E-01 -2.0625293E+00 5.0000000E-01
