-1.1004032E+00 2.3973397E-01 -1.3385695E+00 -8.6324638E-01 -1.5748812E+00 -6.3059351E-01
-1.0811547E+00 1.8257072E-01 -1.2623171E+00 -9.0112192E-01 -1.4408703E+00 -7.2545714E-01
-1.0495904E+00 1.1674898E-01 -1.1649438E+00 -9.3258087E-01 -1.2793314E+00 -8.2195695E-01
-1.0298518E+00 1.2343642E-01 -1.1500495E+00 -9.0907442E-01 -1.2757929E+00 -7.8636013E-01
-1.0328350E+00 1.4034374E-01 -1.1704211E+00 -8.9265743E-01 -1.3093903E+00 -7.5828810E-01
-1.0483299E+00 1.3973962E-01 -1.1885276E+00 -9.0874899E-01 -1.3215332E+00 -7.7543416E-01
-1.0554779E+00 1.4267931E-01 -1.1899333E+00 -9.0744546E-01 -1.3473329E+00 -7.8571478E-01
-1.0486684E+00 1.5861529E-01 -1.1953846E+00 -8.8384163E-01 -1.3720141E+00 -7.4718058E-01
-1.0489728E+00 1.7479568E-01 -1.2089012E+00 -8.6343793E-01 -1.4065942E+00 -7.2627707E-01
-1.0747232E+00 1.9263934E-01 -1.2458791E+00 -8.6695717E-01 -1.4751266E+00 -7.1921618E-01
-1.1216467E+00 2.1803682E-01 -1.3141168E+00 -8.8622560E-01 -1.5598184E+00 -7.0511443E-01
-1.1643325E+00 2.4619942E-01 -1.3752971E+00 -8.9889997E-01 -1.6585397E+00 -6.9450990E-01
-1.1751949E+00 2.7482727E-01 -1.4076657E+00 -8.8153250E-01 -1.7209878E+00 -6.4522547E-01
-1.1437046E+00 2.9768313E-01 -1.3875945E+00 -8.2941394E-01 -1.7461343E+00 -5.7650770E-01
-1.0773962E+00 3.2489583E-01 -1.3123572E+00 -7.2677065E-01 -1.7421743E+00 -4.7303868E-01
-9.9878246E-01 3.8290565E-01 -1.2634116E+00 -5.8506899E-01 -1.7777371E+00 -3.0320191E-01
-9.3295262E-01 4.8891304E-01 -1.2721484E+00 -3.8005467E-01 -1.9319286E+00 -5.2020344E-02
-8.9191059E-01 6.2601979E-01 -1.3315723E+00 -1.3399651E-01 -2.1360402E+00 2.0394026E-01
-8.6922785E-01 7.4835827E-01 -1.3638820E+00 1.1022042E-01 -2.2996623E+00 4.0648092E-01
-8.5965445E-01 8.0532304E-01 -1.4105852E+00 1.9581305E-01 -2.3422066E+00 5.0000000E-01
