-1.3303479E+00 2.3885437E-01 -1.5687380E+00 -1.0918519E+00 -1.7946953E+00 -8.6417800E-01
-1.2864237E+00 1.8141366E-01 -1.4684984E+00 -1.1053898E+00 -1.6421891E+00 -9.3452086E-01
-1.1773727E+00 1.1738786E-01 -1.2948057E+00 -1.0590673E+00 -1.4080209E+00 -9.5045541E-01
-1.0383359E+00 1.2328231E-01 -1.1604894E+00 -9.1573722E-01 -1.2816780E+00 -8.0072465E-01
-9.1738126E-01 1.3974871E-01 -1.0551804E+00 -7.7879081E-01 -1.1985229E+00 -6.4567991E-01
-8.5091387E-01 1.4059706E-01 -9.9007581E-01 -7.1013601E-01 -1.1309824E+00 -5.7935385E-01
-8.5765503E-01 1.4276042E-01 -1.0013353E+00 -7.1647991E-01 -1.1384380E+00 -5.8230855E-01
-9.3345264E-01 1.5039927E-01 -1.0831569E+00 -7.8397117E-01 -1.2298396E+00 -6.3984622E-01
-1.0567434E+00 1.6911637E-01 -1.2241684E+00 -8.8908577E-01 -1.3940911E+00 -7.2845840E-01
-1.1978802E+00 1.9838136E-01 -1.3814185E+00 -9.9189252E-01 -1.6083015E+00 -8.2308974E-01
-1.3261934E+00 2.2509643E-01 -1.5246942E+00 -1.0814168E+00 -1.7978233E+00 -9.1217818E-01
-1.4069740E+00 2.4427096E-01 -1.6264334E+00 -1.1477869E+00 -1.8869184E+00 -9.3408404E-01
-1.3982981E+00 2.6766367E-01 -1.6336812E+00 -1.1216316E+00 -1.9236571E+00 -8.8273908E-01
-1.2795419E+00 3.0143668E-01 -1.5196299E+00 -9.5778396E-01 -1.8743574E+00 -7.1751712E-01
-1.0732495E+00 3.4951373E-01 -1.3173087E+00 -6.9181457E-01 -1.7833601E+00 -4.4731814E-01
-8.3706379E-01 4.1905047E-01 -1.0957385E+00 -3.8074977E-01 -1.6987546E+00 -1.0103353E-01
-6.3280417E-01 5.0889781E-01 -9.0535270E-01 -6.8389998E-02 -1.6847562E+00 2.2630434E-01
-4.9690681E-01 6.0888832E-01 -7.5832520E-01 2.1127447E-01 -1.7594256E+00 4.4119665E-01
-4.3182438E-01 6.9710877E-01 -6.5669544E-01 4.1228175E-01 -1.8349902E+00 5.0000000E-01
-4.1644721E-01 7.4121671E-01 -6.0197466E-01 5.0000000E-01 -1.9004090E+00 5.0000000E-01
