-1.4203394E+00 2.3086847E-01 -1.6466482E+00 -1.1907364E+00 -1.8703851E+00 -9.6195341E-01
-1.3491852E+00 1.7652684E-01 -1.5240985E+00 -1.1725385E+00 -1.6958630E+00 -1.0029898E+00
-1.1793060E+00 1.1452506E-01 -1.2930101E+00 -1.0670192E+00 -1.4120728E+00 -9.5830829E-01
-9.7681139E-01 1.2188863E-01 -1.0970925E+00 -8.5599931E-01 -1.2157764E+00 -7.3705576E-01
-8.2808809E-01 1.3709481E-01 -9.6469914E-01 -6.9235156E-01 -1.1029788E+00 -5.6200914E-01
-7.8987013E-01 1.3386429E-01 -9.2258713E-01 -6.5586969E-01 -1.0548039E+00 -5.3067889E-01
-8.5679636E-01 1.2961520E-01 -9.8508368E-01 -7.2857571E-01 -1.1117263E+00 -6.0394721E-01
-9.7506842E-01 1.4008555E-01 -1.1131254E+00 -8.3506238E-01 -1.2503902E+00 -7.0089616E-01
-1.0725834E+00 1.5927057E-01 -1.2309970E+00 -9.1364776E-01 -1.3928640E+00 -7.6491232E-01
-1.0998855E+00 1.7414399E-01 -1.2613624E+00 -9.1716771E-01 -1.4533935E+00 -7.7097881E-01
-1.0627376E+00 1.9644778E-01 -1.2444584E+00 -8.5613962E-01 -1.4636737E+00 -6.9599450E-01
-1.0057149E+00 2.3245768E-01 -1.2028736E+00 -7.4797075E-01 -1.4753558E+00 -5.7124285E-01
-9.8785377E-01 2.6906532E-01 -1.2088385E+00 -6.9245891E-01 -1.5308837E+00 -4.7760608E-01
-1.0441856E+00 2.9240869E-01 -1.2819589E+00 -7.2558855E-01 -1.6379404E+00 -4.9487933E-01
-1.1701303E+00 3.1298786E-01 -1.4136275E+00 -8.2790266E-01 -1.8086597E+00 -5.9012120E-01
-1.3410360E+00 3.7354191E-01 -1.6406127E+00 -9.2752636E-01 -2.0954763E+00 -6.4940791E-01
-1.5171213E+00 4.9314076E-01 -1.9688572E+00 -9.7594614E-01 -2.5268427E+00 -6.1347293E-01
-1.6599822E+00 6.4269636E-01 -2.3371948E+00 -9.9757176E-01 -2.8756802E+00 -4.1920290E-01
-1.7489333E+00 7.7580535E-01 -2.5792434E+00 -9.3963207E-01 -3.2376884E+00 -3.2622632E-01
-1.7807904E+00 8.3977473E-01 -2.6787640E+00 -9.0589935E-01 -3.4381780E+00 -2.9425877E-01
