-1.1694396E+00 2.3769541E-01 -1.4051017E+00 -9.3177350E-01 -1.6329288E+00 -7.0052424E-01
-1.1272846E+00 1.7991301E-01 -1.3066644E+00 -9.4724977E-01 -1.4756715E+00 -7.7645628E-01
-1.0317058E+00 1.1367049E-01 -1.1450171E+00 -9.2011275E-01 -1.2574834E+00 -8.1044130E-01
-9.2575781E-01 1.2077595E-01 -1.0460348E+00 -8.0574756E-01 -1.1619550E+00 -6.8895429E-01
-8.6731892E-01 1.3736954E-01 -1.0044960E+00 -7.3153373E-01 -1.1389675E+00 -6.0115823E-01
-8.8955034E-01 1.3798146E-01 -1.0265664E+00 -7.5310399E-01 -1.1643012E+00 -6.2232003E-01
-9.8304841E-01 1.3967567E-01 -1.1122033E+00 -8.3836891E-01 -1.2698939E+00 -7.1831417E-01
-1.1042164E+00 1.4973219E-01 -1.2532751E+00 -9.5478787E-01 -1.4049225E+00 -8.1785368E-01
-1.1960393E+00 1.6631731E-01 -1.3548090E+00 -1.0227697E+00 -1.5304152E+00 -8.8175743E-01
-1.2227795E+00 1.8625955E-01 -1.3946185E+00 -1.0269047E+00 -1.6035644E+00 -8.7193490E-01
-1.1793813E+00 2.1393642E-01 -1.3732244E+00 -9.5446706E-01 -1.6245116E+00 -7.8302887E-01
-1.0854395E+00 2.4274278E-01 -1.3010067E+00 -8.2582779E-01 -1.5963151E+00 -6.3734469E-01
-9.8452446E-01 2.6270770E-01 -1.2164134E+00 -7.0070269E-01 -1.5319930E+00 -5.0271413E-01
-9.2298667E-01 2.6991271E-01 -1.1618029E+00 -6.3760723E-01 -1.4585613E+00 -4.0582149E-01
-9.2196865E-01 2.8854120E-01 -1.1526337E+00 -6.0801544E-01 -1.5044135E+00 -3.8052946E-01
-9.7932177E-01 3.5761141E-01 -1.2590757E+00 -5.8856044E-01 -1.7077969E+00 -3.1683214E-01
-1.0698150E+00 4.8525152E-01 -1.4699065E+00 -5.2701499E-01 -2.0453855E+00 -1.6083388E-01
-1.1571217E+00 6.4142237E-01 -1.7124847E+00 -4.1907671E-01 -2.4272280E+00 2.9554148E-02
-1.2159157E+00 7.7831370E-01 -1.9119119E+00 -3.0778074E-01 -2.7086237E+00 2.4232789E-01
-1.2368314E+00 8.4305400E-01 -2.0094844E+00 -2.5720567E-01 -2.8125555E+00 3.8962928E-01
