-1.2753076E+00 2.3000844E-01 -1.5023007E+00 -1.0465647E+00 -1.7261167E+00 -8.2034480E-01
-1.2460207E+00 1.7545905E-01 -1.4179190E+00 -1.0728886E+00 -1.5934433E+00 -8.9939266E-01
-1.1861102E+00 1.1439481E-01 -1.2993679E+00 -1.0733579E+00 -1.4139472E+00 -9.6486769E-01
-1.1244479E+00 1.2109949E-01 -1.2444559E+00 -1.0049119E+00 -1.3648096E+00 -8.8731406E-01
-1.0807943E+00 1.3862222E-01 -1.2161589E+00 -9.4393844E-01 -1.3573435E+00 -8.1168491E-01
-1.0554714E+00 1.3784761E-01 -1.1915355E+00 -9.2097294E-01 -1.3301718E+00 -7.8647154E-01
-1.0373701E+00 1.3582774E-01 -1.1720428E+00 -9.0289165E-01 -1.3063004E+00 -7.7405825E-01
-1.0079820E+00 1.4673044E-01 -1.1534612E+00 -8.6276679E-01 -1.3010041E+00 -7.2499044E-01
-9.5743799E-01 1.6032927E-01 -1.1070130E+00 -7.8921531E-01 -1.2845922E+00 -6.5851994E-01
-8.9246571E-01 1.7082641E-01 -1.0590617E+00 -7.2330424E-01 -1.2429605E+00 -5.7183767E-01
-8.3944154E-01 1.8757232E-01 -1.0149789E+00 -6.4685276E-01 -1.2243281E+00 -4.8679609E-01
-8.3396108E-01 2.1555544E-01 -1.0260972E+00 -6.0307623E-01 -1.2639829E+00 -4.2173056E-01
-9.0383816E-01 2.4665109E-01 -1.1135597E+00 -6.3198698E-01 -1.4028411E+00 -4.3735479E-01
-1.0535204E+00 2.7471807E-01 -1.2862373E+00 -7.5473570E-01 -1.6063711E+00 -5.3098388E-01
-1.2495139E+00 3.1175050E-01 -1.5008406E+00 -9.0765332E-01 -1.8889072E+00 -6.6895058E-01
-1.4430214E+00 3.9040094E-01 -1.7680336E+00 -1.0025587E+00 -2.2327615E+00 -7.2716811E-01
-1.5983388E+00 5.1952043E-01 -2.1003687E+00 -1.0371774E+00 -2.6330298E+00 -6.3443149E-01
-1.7013227E+00 6.7190012E-01 -2.4174728E+00 -1.0068674E+00 -2.9811839E+00 -4.3923629E-01
-1.7547910E+00 8.0224147E-01 -2.6163517E+00 -9.1854836E-01 -3.2799927E+00 -2.8692977E-01
-1.7729065E+00 8.6473742E-01 -2.7023592E+00 -8.6939441E-01 -3.4906385E+00 -2.8097671E-01
