-1.0713407E+00 2.3830228E-01 -1.3067637E+00 -8.3415609E-01 -1.5385409E+00 -6.0186349E-01
-1.0689439E+00 1.8308894E-01 -1.2499217E+00 -8.8675785E-01 -1.4254024E+00 -7.0482317E-01
-1.0606480E+00 1.1502219E-01 -1.1748310E+00 -9.4670026E-01 -1.2908048E+00 -8.3810960E-01
-1.0492782E+00 1.1878559E-01 -1.1662481E+00 -9.3138193E-01 -1.2824650E+00 -8.1792977E-01
-1.0340975E+00 1.3773934E-01 -1.1722520E+00 -8.9662709E-01 -1.3074242E+00 -7.7055070E-01
-1.0227768E+00 1.3949961E-01 -1.1608228E+00 -8.8607918E-01 -1.3029917E+00 -7.5482115E-01
-1.0282672E+00 1.4315049E-01 -1.1703241E+00 -8.8667258E-01 -1.3124573E+00 -7.4931260E-01
-1.0564640E+00 1.5334263E-01 -1.2074132E+00 -9.0220908E-01 -1.3614659E+00 -7.6277478E-01
-1.0992423E+00 1.6914126E-01 -1.2589882E+00 -9.2164994E-01 -1.4422773E+00 -7.8149973E-01
-1.1348801E+00 1.8915132E-01 -1.3104743E+00 -9.3646917E-01 -1.5230686E+00 -7.8161999E-01
-1.1435117E+00 2.1339850E-01 -1.3327575E+00 -9.2149658E-01 -1.5690607E+00 -7.2691248E-01
-1.1182304E+00 2.4485327E-01 -1.3232632E+00 -8.5996335E-01 -1.6151825E+00 -6.4856608E-01
-1.0688922E+00 2.7659417E-01 -1.2972718E+00 -7.7385617E-01 -1.6222099E+00 -5.4160873E-01
-1.0187535E+00 3.0105786E-01 -1.2651642E+00 -6.9521739E-01 -1.6123877E+00 -4.4823058E-01
-9.8588094E-01 3.2530388E-01 -1.2387151E+00 -6.2730880E-01 -1.6274977E+00 -3.8501688E-01
-9.8093138E-01 3.7979742E-01 -1.2622266E+00 -5.5813838E-01 -1.7548701E+00 -2.7945013E-01
-9.9915148E-01 4.9037769E-01 -1.3687894E+00 -4.2996569E-01 -1.9941722E+00 -1.0796872E-01
-1.0285607E+00 6.3723110E-01 -1.5293437E+00 -2.6252664E-01 -2.2940969E+00 1.1451579E-01
-1.0555116E+00 7.6909512E-01 -1.6926351E+00 -1.2249568E-01 -2.5259378E+00 3.3514025E-01
-1.0693068E+00 8.3139084E-01 -1.7730737E+00 -6.1785253E-02 -2.5670843E+00 5.0000000E-01
