-1.4524104E+00 2.2951990E-01 -1.6801852E+00 -1.2284600E+00 -1.9021452E+00 -9.9757840E-01
-1.3780983E+00 1.7210904E-01 -1.5483722E+00 -1.2100944E+00 -1.7167377E+00 -1.0360818E+00
-1.2042160E+00 1.1095245E-01 -1.3134333E+00 -1.0939424E+00 -1.4239890E+00 -9.8675487E-01
-9.8777882E-01 1.2172885E-01 -1.1095052E+00 -8.6681946E-01 -1.2292155E+00 -7.5247019E-01
-8.1097652E-01 1.3551978E-01 -9.4507287E-01 -6.7608297E-01 -1.0796596E+00 -5.4591185E-01
-7.2889846E-01 1.3161942E-01 -8.5951112E-01 -5.9833007E-01 -9.8774185E-01 -4.7045250E-01
-7.4703338E-01 1.3002512E-01 -8.7696881E-01 -6.1853915E-01 -9.9771966E-01 -4.8981183E-01
-8.2163153E-01 1.4062480E-01 -9.6325574E-01 -6.8226361E-01 -1.0940873E+00 -5.4580886E-01
-8.9748289E-01 1.5019880E-01 -1.0459303E+00 -7.5012246E-01 -1.1979665E+00 -6.0667559E-01
-9.4783193E-01 1.6110498E-01 -1.1067534E+00 -7.8702633E-01 -1.2677598E+00 -6.3630993E-01
-9.8207840E-01 1.8549150E-01 -1.1540385E+00 -7.8536986E-01 -1.3583745E+00 -6.3388374E-01
-1.0337029E+00 2.2045764E-01 -1.2324044E+00 -7.9809035E-01 -1.4915889E+00 -6.2867719E-01
-1.1374713E+00 2.6406281E-01 -1.3647001E+00 -8.5632267E-01 -1.7033047E+00 -6.5462804E-01
-1.2994061E+00 3.0824804E-01 -1.5472628E+00 -9.6109284E-01 -1.9155938E+00 -7.2191531E-01
-1.4999828E+00 3.4980399E-01 -1.7563866E+00 -1.1071317E+00 -2.2186572E+00 -8.6837740E-01
-1.7123653E+00 4.0128754E-01 -2.0215359E+00 -1.2580985E+00 -2.5308203E+00 -9.7661314E-01
-1.9065729E+00 4.8541470E-01 -2.3602686E+00 -1.3790602E+00 -2.8893904E+00 -1.0070463E+00
-2.0562393E+00 6.0406004E-01 -2.7468784E+00 -1.4900128E+00 -3.1798681E+00 -9.1394951E-01
-2.1477533E+00 7.1918466E-01 -3.0732669E+00 -1.5814266E+00 -3.4057489E+00 -8.2306726E-01
-2.1776855E+00 7.7600898E-01 -3.1867429E+00 -1.5844464E+00 -3.5000000E+00 -7.9645964E-01
