-1.2235384E+00 2.3884871E-01 -1.4605296E+00 -9.8848122E-01 -1.6937209E+00 -7.5354434E-01
-1.1721591E+00 1.8201207E-01 -1.3523344E+00 -9.9328825E-01 -1.5335733E+00 -8.1534250E-01
-1.0608394E+00 1.1654186E-01 -1.1762778E+00 -9.4571535E-01 -1.2906588E+00 -8.3283966E-01
-9.4645226E-01 1.2332985E-01 -1.0692246E+00 -8.2342740E-01 -1.1860911E+00 -7.0408091E-01
-8.9627936E-01 1.4397258E-01 -1.0398673E+00 -7.5237116E-01 -1.1793645E+00 -6.1967140E-01
-9.3670346E-01 1.4304793E-01 -1.0792279E+00 -7.9470480E-01 -1.2211585E+00 -6.5973962E-01
-1.0356965E+00 1.4435092E-01 -1.1804419E+00 -8.9059184E-01 -1.3214423E+00 -7.6011983E-01
-1.1281292E+00 1.5767931E-01 -1.2833228E+00 -9.7340834E-01 -1.4447645E+00 -8.2241692E-01
-1.1619991E+00 1.6874041E-01 -1.3222974E+00 -9.8651110E-01 -1.5007492E+00 -8.4101767E-01
-1.1245284E+00 1.8401806E-01 -1.2927535E+00 -9.2870409E-01 -1.5028304E+00 -7.8002917E-01
-1.0433555E+00 2.1033496E-01 -1.2302549E+00 -8.1725960E-01 -1.4620229E+00 -6.4050245E-01
-9.6563149E-01 2.4083214E-01 -1.1762118E+00 -7.0782488E-01 -1.4755680E+00 -5.2296536E-01
-9.2755796E-01 2.6900285E-01 -1.1679014E+00 -6.4463603E-01 -1.4579875E+00 -4.0732237E-01
-9.3722843E-01 2.9094765E-01 -1.1923515E+00 -6.3108154E-01 -1.5036523E+00 -3.7679250E-01
-9.8959547E-01 3.1302180E-01 -1.2358709E+00 -6.5340799E-01 -1.6218505E+00 -3.9501186E-01
-1.0688855E+00 3.7522214E-01 -1.3414391E+00 -6.4831972E-01 -1.8449421E+00 -3.7454119E-01
-1.1537839E+00 5.0193679E-01 -1.5378729E+00 -5.7035648E-01 -2.1835523E+00 -2.4080955E-01
-1.2269139E+00 6.6543444E-01 -1.7842633E+00 -4.4637228E-01 -2.5601989E+00 -1.7573032E-02
-1.2765832E+00 8.0628901E-01 -1.9833223E+00 -3.2309440E-01 -2.8532786E+00 2.1501514E-01
-1.2953262E+00 8.7064646E-01 -2.0760766E+00 -2.6492094E-01 -2.9717076E+00 3.5100998E-01
