-1.2463079E+00 2.3468653E-01 -1.4812886E+00 -1.0116748E+00 -1.7078014E+00 -7.9597021E-01
-1.2016298E+00 1.7742782E-01 -1.3797137E+00 -1.0239279E+00 -1.5505128E+00 -8.6221650E-01
-1.1090550E+00 1.1327688E-01 -1.2213729E+00 -9.9713109E-01 -1.3343148E+00 -8.8950155E-01
-1.0199434E+00 1.2069075E-01 -1.1323695E+00 -8.9222518E-01 -1.2618157E+00 -7.9131581E-01
-9.7659650E-01 1.3748132E-01 -1.1056543E+00 -8.3399313E-01 -1.2550000E+00 -7.1547203E-01
-9.8262941E-01 1.3664503E-01 -1.1185101E+00 -8.4558105E-01 -1.2530740E+00 -7.1836813E-01
-1.0106121E+00 1.3609352E-01 -1.1449432E+00 -8.7574588E-01 -1.2815030E+00 -7.4754277E-01
-1.0327983E+00 1.4819468E-01 -1.1801434E+00 -8.8691615E-01 -1.3249037E+00 -7.4199545E-01
-1.0454160E+00 1.6702517E-01 -1.2117616E+00 -8.8184021E-01 -1.3757019E+00 -7.1938762E-01
-1.0670000E+00 1.8902750E-01 -1.2420714E+00 -8.6919631E-01 -1.4562453E+00 -7.1305095E-01
-1.1066111E+00 2.1476821E-01 -1.2957301E+00 -8.7371717E-01 -1.5295763E+00 -6.9963252E-01
-1.1559855E+00 2.4039725E-01 -1.3690551E+00 -9.0141813E-01 -1.6255525E+00 -6.9085912E-01
-1.1875886E+00 2.6396502E-01 -1.4185890E+00 -9.1339995E-01 -1.7113612E+00 -6.7080013E-01
-1.1776885E+00 2.8330326E-01 -1.4123428E+00 -8.7498440E-01 -1.7485730E+00 -6.2993982E-01
-1.1211204E+00 3.1406100E-01 -1.3535345E+00 -7.7761864E-01 -1.7760665E+00 -5.3347385E-01
-1.0294010E+00 3.8712252E-01 -1.2869963E+00 -5.9467625E-01 -1.8542590E+00 -3.3501412E-01
-9.2868245E-01 5.0723988E-01 -1.2504734E+00 -3.3564331E-01 -1.9997183E+00 -5.0493811E-02
-8.4549144E-01 6.4747591E-01 -1.2255731E+00 -3.9795000E-02 -2.1742274E+00 2.3080339E-01
-7.9411994E-01 7.6753476E-01 -1.1896830E+00 2.4480475E-01 -2.2996298E+00 4.2937579E-01
-7.7692594E-01 8.2458338E-01 -1.1920193E+00 3.7548116E-01 -2.3439596E+00 5.0000000E-01
