-1.3678867E+00 2.3643414E-01 -1.6026129E+00 -1.1334427E+00 -1.8358855E+00 -9.1195600E-01
-1.3044334E+00 1.7892954E-01 -1.4809774E+00 -1.1260178E+00 -1.6581234E+00 -9.5790992E-01
-1.1555867E+00 1.1488250E-01 -1.2682329E+00 -1.0417949E+00 -1.3862132E+00 -9.3264440E-01
-9.8217071E-01 1.1918136E-01 -1.1005496E+00 -8.6390409E-01 -1.2204134E+00 -7.5307278E-01
-8.6261227E-01 1.3521861E-01 -9.9738596E-01 -7.2713124E-01 -1.1250078E+00 -5.9686418E-01
-8.4482294E-01 1.3789693E-01 -9.8167364E-01 -7.0703293E-01 -1.1154160E+00 -5.7590994E-01
-9.2565073E-01 1.3759556E-01 -1.0611633E+00 -7.8951044E-01 -1.1983768E+00 -6.5720222E-01
-1.0551258E+00 1.4606422E-01 -1.1987910E+00 -9.1082352E-01 -1.3486911E+00 -7.7143673E-01
-1.1628356E+00 1.6392580E-01 -1.3255512E+00 -9.9972383E-01 -1.4901650E+00 -8.4455012E-01
-1.1974203E+00 1.8631360E-01 -1.3837884E+00 -1.0124653E+00 -1.5728749E+00 -8.4145875E-01
-1.1487626E+00 2.1214142E-01 -1.3454424E+00 -9.2121851E-01 -1.5795606E+00 -7.5791121E-01
-1.0520930E+00 2.4120541E-01 -1.2632060E+00 -7.8546836E-01 -1.5560569E+00 -6.1499023E-01
-9.6332001E-01 2.7688574E-01 -1.1992118E+00 -6.6006823E-01 -1.5217664E+00 -4.4485083E-01
-9.3480547E-01 3.0737890E-01 -1.1834201E+00 -6.0580325E-01 -1.5484558E+00 -3.4844441E-01
-9.9549148E-01 3.2775713E-01 -1.2347640E+00 -6.4170724E-01 -1.6581994E+00 -3.8913281E-01
-1.1337151E+00 3.7320474E-01 -1.3975367E+00 -7.1829455E-01 -1.9036169E+00 -4.5678970E-01
-1.3062625E+00 4.8401011E-01 -1.7240035E+00 -7.8101880E-01 -2.2781206E+00 -3.8594640E-01
-1.4608620E+00 6.3845742E-01 -2.0750550E+00 -7.7280695E-01 -2.7447011E+00 -2.6090233E-01
-1.5599174E+00 7.7511855E-01 -2.3758814E+00 -7.5504962E-01 -3.0653304E+00 -7.3072004E-02
-1.5938969E+00 8.3838347E-01 -2.4795814E+00 -7.2013904E-01 -3.2038801E+00 2.3559674E-02
