-8.4188989E-01 2.4046948E-01 -1.0810191E+00 -6.0386970E-01 -1.3175680E+00 -3.7107309E-01
-8.5318689E-01 1.8305287E-01 -1.0353061E+00 -6.6976618E-01 -1.2135927E+00 -4.9356162E-01
-8.9339686E-01 1.1643189E-01 -1.0088598E+00 -7.7763552E-01 -1.1231468E+00 -6.6430190E-01
-9.5643755E-01 1.2069065E-01 -1.0763854E+00 -8.3606052E-01 -1.1976724E+00 -7.2370625E-01
-1.0264981E+00 1.3849502E-01 -1.1667631E+00 -8.8628796E-01 -1.2988873E+00 -7.6443435E-01
-1.0813843E+00 1.4202612E-01 -1.2221374E+00 -9.4023832E-01 -1.3671625E+00 -8.0996007E-01
-1.1099795E+00 1.4540510E-01 -1.2541709E+00 -9.6484850E-01 -1.4017520E+00 -8.3208691E-01
-1.1167698E+00 1.5897168E-01 -1.2735108E+00 -9.5835501E-01 -1.4358709E+00 -8.0964951E-01
-1.1136070E+00 1.7733179E-01 -1.2763969E+00 -9.2874729E-01 -1.4772460E+00 -7.8398362E-01
-1.1147937E+00 1.9701421E-01 -1.2882448E+00 -9.0659870E-01 -1.5029642E+00 -7.3782895E-01
-1.1219339E+00 2.2027869E-01 -1.3065317E+00 -8.8930756E-01 -1.5576102E+00 -7.0392116E-01
-1.1257105E+00 2.5098888E-01 -1.3279745E+00 -8.6787010E-01 -1.6093210E+00 -6.4806372E-01
-1.1185983E+00 2.8751657E-01 -1.3414003E+00 -8.2851668E-01 -1.6570560E+00 -5.7614228E-01
-1.0945435E+00 3.1559561E-01 -1.3198580E+00 -7.7360222E-01 -1.6885093E+00 -5.1768997E-01
-1.0469475E+00 3.3872695E-01 -1.2690719E+00 -6.9500766E-01 -1.7027209E+00 -4.4421066E-01
-9.8287274E-01 3.8752411E-01 -1.2395618E+00 -5.5745379E-01 -1.7662306E+00 -2.9405182E-01
-9.2335759E-01 4.8386007E-01 -1.2653941E+00 -3.6003258E-01 -1.9211376E+00 -5.4826232E-02
-8.8679079E-01 6.1262796E-01 -1.3255717E+00 -1.2810517E-01 -2.1161280E+00 1.8902030E-01
-8.7137059E-01 7.2945107E-01 -1.3924984E+00 6.5564376E-02 -2.2692807E+00 3.9435300E-01
-8.6801972E-01 7.8478437E-01 -1.4501981E+00 1.3274306E-01 -2.3047410E+00 5.0000000E-01
