-1.5926690E+00 2.3741604E-01 -1.8307908E+00 -1.3582645E+00 -2.0619976E+00 -1.1283836E+00
-1.4960141E+00 1.8081582E-01 -1.6778501E+00 -1.3184674E+00 -1.8532353E+00 -1.1412367E+00
-1.2825592E+00 1.1701554E-01 -1.3997037E+00 -1.1657521E+00 -1.5161157E+00 -1.0559028E+00
-1.0414469E+00 1.2295644E-01 -1.1610177E+00 -9.2025923E-01 -1.2852716E+00 -7.9892394E-01
-8.7102318E-01 1.4039223E-01 -1.0123051E+00 -7.3048040E-01 -1.1468183E+00 -5.9838817E-01
-8.2527207E-01 1.3967791E-01 -9.5707634E-01 -6.7933566E-01 -1.1064926E+00 -5.6059842E-01
-8.9417388E-01 1.4049555E-01 -1.0340899E+00 -7.5370449E-01 -1.1774143E+00 -6.2948406E-01
-1.0241551E+00 1.4984686E-01 -1.1640877E+00 -8.6783706E-01 -1.3281697E+00 -7.4339203E-01
-1.1487838E+00 1.6743975E-01 -1.3095948E+00 -9.8503164E-01 -1.4962286E+00 -8.3152323E-01
-1.2227346E+00 1.9553893E-01 -1.4023158E+00 -1.0212588E+00 -1.6237674E+00 -8.5194602E-01
-1.2294336E+00 2.2556927E-01 -1.4319653E+00 -9.8657972E-01 -1.7000476E+00 -8.1804436E-01
-1.1782079E+00 2.5521893E-01 -1.4063046E+00 -9.0013443E-01 -1.6830983E+00 -6.9537068E-01
-1.0995475E+00 2.8087530E-01 -1.3542430E+00 -8.0278453E-01 -1.6522911E+00 -5.5489593E-01
-1.0144565E+00 2.8954974E-01 -1.2687213E+00 -7.0596454E-01 -1.5930023E+00 -4.5724548E-01
-9.3458143E-01 2.9542353E-01 -1.1722442E+00 -6.1321370E-01 -1.5343891E+00 -3.8422349E-01
-8.6804970E-01 3.4682987E-01 -1.1237824E+00 -4.7335840E-01 -1.5806858E+00 -2.3705121E-01
-8.1638779E-01 4.5983616E-01 -1.1473318E+00 -2.7781869E-01 -1.7735477E+00 3.5577789E-03
-7.8199662E-01 5.9893734E-01 -1.1787895E+00 -3.9575116E-02 -2.0044956E+00 2.5553084E-01
-7.6748294E-01 7.1982995E-01 -1.2012764E+00 1.8680466E-01 -2.1778739E+00 4.3101154E-01
-7.6634021E-01 7.7495556E-01 -1.2533616E+00 2.5343917E-01 -2.2317238E+00 5.0000000E-01
