-1.1856006E+00 2.3730962E-01 -1.4232734E+00 -9.5160839E-01 -1.6560887E+00 -7.2167533E-01
-1.1469771E+00 1.7922613E-01 -1.3260301E+00 -9.6833828E-01 -1.4980931E+00 -7.9776491E-01
-1.0674862E+00 1.1433444E-01 -1.1822954E+00 -9.5381630E-01 -1.2921215E+00 -8.4628734E-01
-9.9185109E-01 1.2013367E-01 -1.1110570E+00 -8.7216177E-01 -1.2309766E+00 -7.6139315E-01
-9.5741579E-01 1.3852865E-01 -1.0959880E+00 -8.1973644E-01 -1.2350767E+00 -6.9005785E-01
-9.6708286E-01 1.3873751E-01 -1.1055510E+00 -8.3050205E-01 -1.2414133E+00 -6.9545196E-01
-9.9835031E-01 1.3831551E-01 -1.1366738E+00 -8.6217400E-01 -1.2754432E+00 -7.3152704E-01
-1.0219566E+00 1.4811268E-01 -1.1692490E+00 -8.7510672E-01 -1.3179874E+00 -7.3730663E-01
-1.0184400E+00 1.6364334E-01 -1.1797760E+00 -8.5646628E-01 -1.3479602E+00 -7.0114207E-01
-9.8701684E-01 1.8047935E-01 -1.1559007E+00 -7.9962175E-01 -1.3556767E+00 -6.4750234E-01
-9.4728261E-01 2.0196912E-01 -1.1308275E+00 -7.3629848E-01 -1.3618684E+00 -5.7235733E-01
-9.3252632E-01 2.3289208E-01 -1.1356918E+00 -6.8510534E-01 -1.3899964E+00 -4.8829872E-01
-9.7075944E-01 2.7043878E-01 -1.2033269E+00 -6.7756584E-01 -1.5062072E+00 -4.5653090E-01
-1.0692284E+00 3.0463921E-01 -1.3248488E+00 -7.3681130E-01 -1.6803690E+00 -4.9450478E-01
-1.2094849E+00 3.3586971E-01 -1.4731449E+00 -8.3575424E-01 -1.8911146E+00 -5.8229286E-01
-1.3632454E+00 3.9476318E-01 -1.6734563E+00 -9.1821735E-01 -2.1710803E+00 -6.3188778E-01
-1.5038180E+00 5.0881230E-01 -1.9584224E+00 -9.3717605E-01 -2.5175658E+00 -5.4539397E-01
-1.6118948E+00 6.5754795E-01 -2.2987480E+00 -9.2945335E-01 -2.8759333E+00 -3.6290822E-01
-1.6764863E+00 7.9295260E-01 -2.5221259E+00 -8.4158623E-01 -3.2113814E+00 -2.1958846E-01
-1.6984597E+00 8.5724899E-01 -2.6153106E+00 -7.9437094E-01 -3.4065450E+00 -1.7560862E-01
