-1.3082010E+00 2.3683743E-01 -1.5441606E+00 -1.0735797E+00 -1.7730233E+00 -8.4450370E-01
-1.2634735E+00 1.8012050E-01 -1.4429327E+00 -1.0859731E+00 -1.6207955E+00 -9.1130096E-01
-1.1647369E+00 1.1582018E-01 -1.2801171E+00 -1.0498377E+00 -1.3948582E+00 -9.4170670E-01
-1.0483155E+00 1.2169025E-01 -1.1679166E+00 -9.2795938E-01 -1.2913750E+00 -8.1101741E-01
-9.5109768E-01 1.3808199E-01 -1.0882964E+00 -8.1326274E-01 -1.2258523E+00 -6.8493842E-01
-8.8682773E-01 1.3622785E-01 -1.0192362E+00 -7.5425934E-01 -1.1642191E+00 -6.2358013E-01
-8.4636713E-01 1.3553390E-01 -9.8019172E-01 -7.1358735E-01 -1.1144885E+00 -5.7762244E-01
-8.2306321E-01 1.4056707E-01 -9.5990028E-01 -6.8599126E-01 -1.1034122E+00 -5.4793167E-01
-8.2131160E-01 1.5291406E-01 -9.7070774E-01 -6.7080137E-01 -1.1252342E+00 -5.1994381E-01
-8.5722646E-01 1.7318969E-01 -1.0191550E+00 -6.7956862E-01 -1.2090090E+00 -5.2731416E-01
-9.4043976E-01 1.9845327E-01 -1.1190550E+00 -7.3241567E-01 -1.3545112E+00 -5.7220843E-01
-1.0640158E+00 2.2950354E-01 -1.2671368E+00 -8.2171991E-01 -1.5219236E+00 -6.2338995E-01
-1.2078974E+00 2.6676598E-01 -1.4318883E+00 -9.2185839E-01 -1.7473047E+00 -7.0297189E-01
-1.3464803E+00 3.1064067E-01 -1.5856205E+00 -1.0084259E+00 -1.9764837E+00 -7.6677965E-01
-1.4587485E+00 3.6769193E-01 -1.7136290E+00 -1.0442411E+00 -2.2093501E+00 -7.9283259E-01
-1.5317211E+00 4.5428384E-01 -1.8535188E+00 -9.9863081E-01 -2.4690336E+00 -7.2012144E-01
-1.5657954E+00 5.7936012E-01 -2.0303633E+00 -8.6485606E-01 -2.7310896E+00 -5.3076334E-01
-1.5768863E+00 7.2696007E-01 -2.2523024E+00 -7.2394271E-01 -3.0096180E+00 -2.8252007E-01
-1.5768044E+00 8.5570917E-01 -2.4404301E+00 -6.1128448E-01 -3.2392662E+00 -5.4675257E-02
-1.5748097E+00 9.1481436E-01 -2.5196755E+00 -5.5225764E-01 -3.3975898E+00 1.4134332E-02
