-1.4356494E+00 2.3190304E-01 -1.6678360E+00 -1.2052911E+00 -1.8853044E+00 -9.8008792E-01
-1.3704603E+00 1.7435712E-01 -1.5459366E+00 -1.1971256E+00 -1.7097047E+00 -1.0295194E+00
-1.2255630E+00 1.1358451E-01 -1.3387005E+00 -1.1127549E+00 -1.4492200E+00 -1.0058177E+00
-1.0610291E+00 1.2188385E-01 -1.1826143E+00 -9.3888165E-01 -1.3035896E+00 -8.2658548E-01
-9.3839570E-01 1.3840814E-01 -1.0762927E+00 -7.9917600E-01 -1.2078990E+00 -6.6616268E-01
-8.9145136E-01 1.4113512E-01 -1.0313568E+00 -7.5077566E-01 -1.1705324E+00 -6.1583463E-01
-9.1482308E-01 1.3604917E-01 -1.0503420E+00 -7.7782820E-01 -1.1818069E+00 -6.5202379E-01
-9.6711223E-01 1.4069812E-01 -1.1074997E+00 -8.2797600E-01 -1.2470825E+00 -6.9773717E-01
-9.9585687E-01 1.5795043E-01 -1.1514692E+00 -8.3868773E-01 -1.3117283E+00 -6.9023412E-01
-9.6734380E-01 1.7239337E-01 -1.1391335E+00 -7.9832256E-01 -1.3104141E+00 -6.3630772E-01
-8.9335139E-01 1.8743714E-01 -1.0759882E+00 -7.0915773E-01 -1.2741341E+00 -5.3410755E-01
-8.2522913E-01 2.1671053E-01 -1.0180217E+00 -5.9538668E-01 -1.2848178E+00 -4.2570466E-01
-8.2634913E-01 2.5272259E-01 -1.0345334E+00 -5.4490755E-01 -1.3422149E+00 -3.5841302E-01
-9.3093149E-01 2.8032576E-01 -1.1627411E+00 -6.2094536E-01 -1.4928322E+00 -4.0837963E-01
-1.1323560E+00 3.0677792E-01 -1.3755506E+00 -7.9527756E-01 -1.7407413E+00 -5.5585209E-01
-1.3920250E+00 3.6013372E-01 -1.6793697E+00 -9.9322864E-01 -2.1122248E+00 -7.2292194E-01
-1.6518623E+00 4.6247634E-01 -2.0929273E+00 -1.1617568E+00 -2.5884517E+00 -7.9009562E-01
-1.8623186E+00 5.9707469E-01 -2.5126090E+00 -1.2748252E+00 -2.9862524E+00 -7.2424830E-01
-1.9925676E+00 7.2053619E-01 -2.8227370E+00 -1.3144785E+00 -3.3191120E+00 -6.7138052E-01
-2.0378398E+00 7.8073977E-01 -2.9580747E+00 -1.3217548E+00 -3.5000000E+00 -6.8610113E-01
