-1.0102080E+00 2.3694833E-01 -1.2457012E+00 -7.7248251E-01 -1.4736276E+00 -5.4499495E-01
-1.0178339E+00 1.8059326E-01 -1.1993729E+00 -8.3689927E-01 -1.3679044E+00 -6.6405750E-01
-1.0427579E+00 1.1665033E-01 -1.1546295E+00 -9.2051066E-01 -1.2750379E+00 -8.2098605E-01
-1.0743751E+00 1.1972226E-01 -1.1930097E+00 -9.5637976E-01 -1.3148704E+00 -8.4408791E-01
-1.0918570E+00 1.3975880E-01 -1.2314820E+00 -9.5276662E-01 -1.3675078E+00 -8.2145929E-01
-1.0737838E+00 1.4308383E-01 -1.2162248E+00 -9.3000369E-01 -1.3542839E+00 -7.9708858E-01
-1.0152121E+00 1.4105212E-01 -1.1559850E+00 -8.7501576E-01 -1.2916751E+00 -7.3995182E-01
-9.3306406E-01 1.4459344E-01 -1.0774471E+00 -7.9084596E-01 -1.2183327E+00 -6.5230500E-01
-8.6419880E-01 1.5662698E-01 -1.0128473E+00 -7.0039058E-01 -1.1785027E+00 -5.6480069E-01
-8.4789132E-01 1.7453634E-01 -1.0221273E+00 -6.7440952E-01 -1.1946357E+00 -5.1137851E-01
-8.9730918E-01 1.9452146E-01 -1.0897895E+00 -7.0474594E-01 -1.2914241E+00 -5.3089779E-01
-9.9648421E-01 2.2145722E-01 -1.1969739E+00 -7.6293953E-01 -1.4309989E+00 -5.7081013E-01
-1.1248173E+00 2.6329969E-01 -1.3553165E+00 -8.4292599E-01 -1.6455554E+00 -6.2540867E-01
-1.2625257E+00 3.0958370E-01 -1.5197726E+00 -9.2470589E-01 -1.8804451E+00 -6.8155745E-01
-1.3938172E+00 3.5544093E-01 -1.6648538E+00 -9.8712284E-01 -2.1090995E+00 -7.5016876E-01
-1.5097510E+00 4.2629047E-01 -1.8268960E+00 -1.0024840E+00 -2.3821767E+00 -7.5514253E-01
-1.6014715E+00 5.4109926E-01 -2.0543273E+00 -9.6083013E-01 -2.6849375E+00 -6.2543935E-01
-1.6613750E+00 6.8717735E-01 -2.3224433E+00 -8.7684011E-01 -2.9872242E+00 -3.9651853E-01
-1.6915063E+00 8.1655375E-01 -2.5228966E+00 -7.7801156E-01 -3.2742448E+00 -2.3794247E-01
-1.7003471E+00 8.7524662E-01 -2.6626482E+00 -7.8301256E-01 -3.4488957E+00 -2.0362167E-01
