-1.2792784E+00 2.3500615E-01 -1.5112583E+00 -1.0448036E+00 -1.7401171E+00 -8.2199594E-01
-1.2343393E+00 1.7699940E-01 -1.4100082E+00 -1.0572958E+00 -1.5821737E+00 -8.9172298E-01
-1.1440408E+00 1.1338887E-01 -1.2557266E+00 -1.0325565E+00 -1.3713628E+00 -9.2264973E-01
-1.0475929E+00 1.2261530E-01 -1.1695436E+00 -9.2773634E-01 -1.2898266E+00 -8.0602070E-01
-9.7750765E-01 1.3938018E-01 -1.1175047E+00 -8.4030373E-01 -1.2507389E+00 -7.0416378E-01
-9.5074792E-01 1.3695525E-01 -1.0884173E+00 -8.1537421E-01 -1.2217042E+00 -6.8653667E-01
-9.7732676E-01 1.3639681E-01 -1.1139304E+00 -8.4081838E-01 -1.2470165E+00 -7.1423979E-01
-1.0426729E+00 1.4830074E-01 -1.1893263E+00 -8.9573594E-01 -1.3322093E+00 -7.4715607E-01
-1.1179183E+00 1.6276349E-01 -1.2797519E+00 -9.5712293E-01 -1.4437172E+00 -8.0479686E-01
-1.1647959E+00 1.8057446E-01 -1.3295944E+00 -9.7531190E-01 -1.5374341E+00 -8.2802835E-01
-1.1569445E+00 2.0825186E-01 -1.3462507E+00 -9.3858166E-01 -1.5855667E+00 -7.7095524E-01
-1.0978553E+00 2.4603284E-01 -1.3144748E+00 -8.3497497E-01 -1.5799043E+00 -6.3095669E-01
-1.0244437E+00 2.8270431E-01 -1.2693995E+00 -7.1946810E-01 -1.5847982E+00 -4.8680385E-01
-9.7843041E-01 3.0392821E-01 -1.2303922E+00 -6.4202750E-01 -1.5976162E+00 -4.1375441E-01
-9.9257224E-01 3.2041957E-01 -1.2376805E+00 -6.3475442E-01 -1.6471077E+00 -3.9842865E-01
-1.0685927E+00 3.7392846E-01 -1.3503910E+00 -6.5370674E-01 -1.8358005E+00 -3.7920510E-01
-1.1746228E+00 4.9102110E-01 -1.5760315E+00 -6.2150176E-01 -2.1715056E+00 -2.6602405E-01
-1.2747358E+00 6.4722529E-01 -1.8451106E+00 -5.3282718E-01 -2.5569607E+00 -7.3937102E-02
-1.3439952E+00 7.8823928E-01 -2.0769945E+00 -4.4730964E-01 -2.8754284E+00 1.4944038E-01
-1.3695840E+00 8.5517691E-01 -2.1821063E+00 -4.0467916E-01 -3.0227986E+00 2.8110060E-01
