-1.0361553E+00 2.3865772E-01 -1.2741260E+00 -7.9889617E-01 -1.5116373E+00 -5.7587090E-01
-1.0082785E+00 1.7995994E-01 -1.1898332E+00 -8.2878982E-01 -1.3625752E+00 -6.5993213E-01
-9.6410354E-01 1.1487210E-01 -1.0788627E+00 -8.4948215E-01 -1.1890462E+00 -7.4131610E-01
-9.4259979E-01 1.2109420E-01 -1.0618993E+00 -8.2383658E-01 -1.1833519E+00 -7.0540375E-01
-9.6990824E-01 1.3842509E-01 -1.1084977E+00 -8.3274173E-01 -1.2439226E+00 -7.0252042E-01
-1.0428617E+00 1.4159485E-01 -1.1839823E+00 -9.0205902E-01 -1.3238336E+00 -7.6789755E-01
-1.1251690E+00 1.4584508E-01 -1.2650428E+00 -9.7362295E-01 -1.4180020E+00 -8.4765662E-01
-1.1777843E+00 1.5919682E-01 -1.3346322E+00 -1.0200711E+00 -1.5023470E+00 -8.7440308E-01
-1.1838394E+00 1.7567051E-01 -1.3566155E+00 -1.0089953E+00 -1.5414220E+00 -8.5208900E-01
-1.1531166E+00 1.9421428E-01 -1.3312750E+00 -9.5151787E-01 -1.5594697E+00 -7.8998203E-01
-1.1176065E+00 2.1677025E-01 -1.3151209E+00 -8.8870023E-01 -1.5648448E+00 -7.1603755E-01
-1.0982152E+00 2.4235385E-01 -1.3167131E+00 -8.3773539E-01 -1.6053125E+00 -6.5537756E-01
-1.0906693E+00 2.6271217E-01 -1.3193504E+00 -8.0744224E-01 -1.6165991E+00 -5.9357308E-01
-1.0779697E+00 2.8008346E-01 -1.3164955E+00 -7.7547552E-01 -1.6360902E+00 -5.4070076E-01
-1.0476324E+00 3.0968324E-01 -1.2879856E+00 -7.0571305E-01 -1.6784040E+00 -4.7273809E-01
-9.9792847E-01 3.7773857E-01 -1.2666638E+00 -5.7509213E-01 -1.7721080E+00 -3.0568797E-01
-9.4249556E-01 4.9508395E-01 -1.2820339E+00 -3.7376393E-01 -1.9683871E+00 -6.0597411E-02
-8.9510684E-01 6.3718023E-01 -1.3068061E+00 -1.0828452E-01 -2.1857718E+00 2.0519929E-01
-8.6713604E-01 7.6092364E-01 -1.3398040E+00 1.2642527E-01 -2.3523152E+00 4.1745632E-01
-8.5884444E-01 8.1889850E-01 -1.3852638E+00 2.1260832E-01 -2.3999609E+00 5.0000000E-01
