-1.2325334E+00 2.3864112E-01 -1.4710848E+00 -9.9561546E-01 -1.7079662E+00 -7.7548574E-01
-1.2163921E+00 1.8120121E-01 -1.3967373E+00 -1.0373316E+00 -1.5777435E+00 -8.6737777E-01
-1.1784575E+00 1.1556916E-01 -1.2915081E+00 -1.0641182E+00 -1.4103993E+00 -9.5374703E-01
-1.1136956E+00 1.2221724E-01 -1.2343558E+00 -9.9210659E-01 -1.3562213E+00 -8.7461186E-01
-1.0246264E+00 1.4028427E-01 -1.1657713E+00 -8.8182234E-01 -1.3001829E+00 -7.5696140E-01
-9.4158613E-01 1.4132971E-01 -1.0813430E+00 -8.0176542E-01 -1.2208906E+00 -6.6587439E-01
-9.0935963E-01 1.4083073E-01 -1.0494498E+00 -7.6759166E-01 -1.1867823E+00 -6.3654302E-01
-9.5657818E-01 1.5045728E-01 -1.0992465E+00 -8.0001860E-01 -1.2625092E+00 -6.7273654E-01
-1.0656782E+00 1.6103975E-01 -1.2256379E+00 -9.0480772E-01 -1.3868356E+00 -7.5968410E-01
-1.1830540E+00 1.7908037E-01 -1.3596702E+00 -1.0048093E+00 -1.5442199E+00 -8.3986825E-01
-1.2538890E+00 2.1098526E-01 -1.4484189E+00 -1.0352623E+00 -1.6912493E+00 -8.5733406E-01
-1.2503470E+00 2.4475580E-01 -1.4673829E+00 -9.9267812E-01 -1.7414583E+00 -7.7975898E-01
-1.1776899E+00 2.7096148E-01 -1.4078845E+00 -8.8299476E-01 -1.7453769E+00 -6.8612859E-01
-1.0728247E+00 2.8737713E-01 -1.3198519E+00 -7.6895583E-01 -1.6904346E+00 -5.5048133E-01
-9.7734431E-01 3.0143535E-01 -1.2233801E+00 -6.4412376E-01 -1.5826650E+00 -4.0852593E-01
-9.1896872E-01 3.4871894E-01 -1.1985789E+00 -5.3522685E-01 -1.6179540E+00 -2.6338005E-01
-9.0335602E-01 4.5891930E-01 -1.2492120E+00 -3.7645925E-01 -1.8323530E+00 -6.6046331E-02
-9.2071786E-01 6.0772697E-01 -1.3668484E+00 -1.8736284E-01 -2.1419876E+00 1.5431216E-01
-9.4563058E-01 7.4366603E-01 -1.4979889E+00 -1.3474788E-02 -2.3756412E+00 3.6283171E-01
-9.5582454E-01 8.0851457E-01 -1.5719539E+00 5.7809875E-02 -2.4306720E+00 5.0000000E-01
