-1.4428335E+00 2.3455775E-01 -1.6778429E+00 -1.2097378E+00 -1.9063614E+00 -9.8839931E-01
-1.3684591E+00 1.7715719E-01 -1.5469527E+00 -1.1918798E+00 -1.7171414E+00 -1.0281728E+00
-1.2087286E+00 1.1589287E-01 -1.3243800E+00 -1.0940610E+00 -1.4406057E+00 -9.8619938E-01
-1.0271139E+00 1.2415364E-01 -1.1512123E+00 -9.0289229E-01 -1.2711430E+00 -7.8642177E-01
-8.9244412E-01 1.3998360E-01 -1.0314656E+00 -7.5201649E-01 -1.1660797E+00 -6.1873750E-01
-8.4769220E-01 1.3871974E-01 -9.8665442E-01 -7.0936710E-01 -1.1251732E+00 -5.8474263E-01
-8.9695412E-01 1.4382361E-01 -1.0391802E+00 -7.5299984E-01 -1.1804947E+00 -6.1774879E-01
-1.0032449E+00 1.5372247E-01 -1.1571440E+00 -8.5043016E-01 -1.3068317E+00 -7.0541831E-01
-1.1094140E+00 1.6437636E-01 -1.2648341E+00 -9.4006675E-01 -1.4439655E+00 -7.9692790E-01
-1.1647360E+00 1.8259349E-01 -1.3434552E+00 -9.8545697E-01 -1.5397814E+00 -8.1970213E-01
-1.1474831E+00 2.0969465E-01 -1.3309773E+00 -9.2005611E-01 -1.5865249E+00 -7.6284957E-01
-1.0711977E+00 2.4504318E-01 -1.2788306E+00 -8.0205584E-01 -1.5673066E+00 -6.1265156E-01
-9.7859802E-01 2.7987686E-01 -1.2078340E+00 -6.6944125E-01 -1.5451647E+00 -4.5528788E-01
-9.1942211E-01 2.9960794E-01 -1.1624577E+00 -5.8595507E-01 -1.5240186E+00 -3.5901882E-01
-9.2694203E-01 3.0594621E-01 -1.1691047E+00 -5.8866586E-01 -1.5488667E+00 -3.5721269E-01
-1.0089785E+00 3.4913858E-01 -1.2823580E+00 -6.1840930E-01 -1.7084439E+00 -3.5627960E-01
-1.1387732E+00 4.6605516E-01 -1.5401681E+00 -6.2659964E-01 -2.0647362E+00 -2.5396915E-01
-1.2722835E+00 6.2573588E-01 -1.8710904E+00 -5.9167512E-01 -2.4825339E+00 -8.3706015E-02
-1.3679120E+00 7.6746942E-01 -2.1619399E+00 -5.6114600E-01 -2.8906058E+00 6.4714725E-02
-1.4061189E+00 8.3430033E-01 -2.2735865E+00 -5.2627983E-01 -3.0513233E+00 1.6300860E-01
