-1.0949950E+00 2.3564841E-01 -1.3282413E+00 -8.5762608E-01 -1.5512459E+00 -6.2751557E-01
-1.0752280E+00 1.7887598E-01 -1.2528211E+00 -8.9431105E-01 -1.4184567E+00 -7.2173312E-01
-1.0339369E+00 1.1327462E-01 -1.1465014E+00 -9.2123991E-01 -1.2588235E+00 -8.1459941E-01
-9.9663830E-01 1.2310202E-01 -1.1198699E+00 -8.7520675E-01 -1.2375583E+00 -7.5599529E-01
-9.8786483E-01 1.4440048E-01 -1.1302838E+00 -8.4378247E-01 -1.2735000E+00 -7.0826577E-01
-1.0185771E+00 1.4424749E-01 -1.1504241E+00 -8.6655375E-01 -1.3154599E+00 -7.5074098E-01
-1.0847822E+00 1.4500884E-01 -1.2194545E+00 -9.3450284E-01 -1.3802492E+00 -8.0883263E-01
-1.1635359E+00 1.5801189E-01 -1.3202778E+00 -1.0057053E+00 -1.4790654E+00 -8.5889434E-01
-1.2185865E+00 1.7436887E-01 -1.3880094E+00 -1.0468002E+00 -1.5727859E+00 -8.7829555E-01
-1.2207675E+00 1.9649436E-01 -1.4028438E+00 -1.0133543E+00 -1.6203596E+00 -8.5513767E-01
-1.1611554E+00 2.2580725E-01 -1.3632974E+00 -9.1954111E-01 -1.6360490E+00 -7.4835568E-01
-1.0546107E+00 2.5680909E-01 -1.2785483E+00 -7.7433744E-01 -1.5677415E+00 -5.6766081E-01
-9.3634811E-01 2.8032167E-01 -1.1726844E+00 -6.2953509E-01 -1.4943224E+00 -4.0900447E-01
-8.4413689E-01 2.8799615E-01 -1.0781872E+00 -5.3322035E-01 -1.4181371E+00 -3.0164821E-01
-7.9838351E-01 2.9244083E-01 -1.0218584E+00 -4.8142181E-01 -1.3853026E+00 -2.5836437E-01
-7.9727938E-01 3.3800703E-01 -1.0573766E+00 -4.3008361E-01 -1.4880660E+00 -1.6516005E-01
-8.2330247E-01 4.5077097E-01 -1.1676623E+00 -3.1288332E-01 -1.7539130E+00 3.9442112E-03
-8.5634475E-01 5.9824027E-01 -1.3078269E+00 -1.3628634E-01 -2.0453286E+00 2.1368162E-01
-8.8291922E-01 7.2755239E-01 -1.4186125E+00 4.0638861E-02 -2.2621499E+00 3.9232515E-01
-8.9392398E-01 7.8982939E-01 -1.4805819E+00 1.1603990E-01 -2.3229617E+00 5.0000000E-01
