-1.0138509E+00 2.3235743E-01 -1.2440180E+00 -7.8076120E-01 -1.4715884E+00 -5.6380604E-01
-1.0281508E+00 1.7734037E-01 -1.2041067E+00 -8.5137642E-01 -1.3743870E+00 -6.8153431E-01
-1.0546070E+00 1.1302084E-01 -1.1679954E+00 -9.4169051E-01 -1.2782190E+00 -8.3469706E-01
-1.0715979E+00 1.1915408E-01 -1.1905449E+00 -9.5403457E-01 -1.3055195E+00 -8.3966123E-01
-1.0612388E+00 1.3752158E-01 -1.1991759E+00 -9.2398583E-01 -1.3298689E+00 -7.9450268E-01
-1.0214891E+00 1.3849676E-01 -1.1540062E+00 -8.7700840E-01 -1.2983414E+00 -7.5744167E-01
-9.7423543E-01 1.3650839E-01 -1.1105523E+00 -8.3761474E-01 -1.2439091E+00 -7.1093625E-01
-9.3644236E-01 1.4209643E-01 -1.0783817E+00 -7.9491709E-01 -1.2147781E+00 -6.5856948E-01
-9.1395907E-01 1.5373725E-01 -1.0682310E+00 -7.6037157E-01 -1.2139356E+00 -6.1577633E-01
-9.0987407E-01 1.6824971E-01 -1.0737181E+00 -7.4411775E-01 -1.2521989E+00 -5.8780244E-01
-9.2854750E-01 1.8994907E-01 -1.1040702E+00 -7.2943913E-01 -1.3171820E+00 -5.7236956E-01
-9.7942488E-01 2.2562022E-01 -1.1822102E+00 -7.3601791E-01 -1.4229061E+00 -5.5063799E-01
-1.0684315E+00 2.6440063E-01 -1.2945386E+00 -7.7966684E-01 -1.5976895E+00 -5.6787989E-01
-1.1986522E+00 2.9884078E-01 -1.4521035E+00 -8.7574228E-01 -1.7983572E+00 -6.2926941E-01
-1.3587162E+00 3.4072764E-01 -1.6248423E+00 -9.7392770E-01 -2.0448859E+00 -7.2732052E-01
-1.5220016E+00 4.1146652E-01 -1.8498567E+00 -1.0586347E+00 -2.3637601E+00 -7.6431156E-01
-1.6648181E+00 5.2605987E-01 -2.1480895E+00 -1.0825494E+00 -2.7410745E+00 -7.1334334E-01
-1.7698149E+00 6.7033736E-01 -2.4850049E+00 -1.0749092E+00 -3.0189808E+00 -4.9104340E-01
-1.8311778E+00 7.9787762E-01 -2.7383497E+00 -1.0374639E+00 -3.3289128E+00 -3.8715624E-01
-1.8520269E+00 8.5741126E-01 -2.8389908E+00 -1.0075681E+00 -3.5000000E+00 -3.8780783E-01
