-8.4695339E-01 2.3713232E-01 -1.0869532E+00 -6.0921741E-01 -1.3047097E+00 -3.8390438E-01
-8.8073291E-01 1.7690131E-01 -1.0587963E+00 -7.0505103E-01 -1.2240964E+00 -5.3564021E-01
-9.6517624E-01 1.1252318E-01 -1.0774389E+00 -8.5268726E-01 -1.1878778E+00 -7.4891219E-01
-1.0660972E+00 1.2010183E-01 -1.1866177E+00 -9.4704396E-01 -1.3028593E+00 -8.3597570E-01
-1.1393695E+00 1.3746189E-01 -1.2768748E+00 -1.0045211E+00 -1.4114283E+00 -8.7074398E-01
-1.1674662E+00 1.4179432E-01 -1.3084423E+00 -1.0271581E+00 -1.4480341E+00 -8.9169472E-01
-1.1578937E+00 1.4325604E-01 -1.2987514E+00 -1.0161663E+00 -1.4448784E+00 -8.8194157E-01
-1.1260191E+00 1.4782217E-01 -1.2717494E+00 -9.7927065E-01 -1.4173932E+00 -8.3617498E-01
-1.0765047E+00 1.6013313E-01 -1.2350156E+00 -9.1810048E-01 -1.3913460E+00 -7.6395125E-01
-1.0127941E+00 1.7933612E-01 -1.1815801E+00 -8.2535131E-01 -1.3707588E+00 -6.7241805E-01
-9.4830697E-01 2.0203548E-01 -1.1330704E+00 -7.3612617E-01 -1.3653721E+00 -5.7572973E-01
-9.0771042E-01 2.2742873E-01 -1.1121271E+00 -6.6328272E-01 -1.3555141E+00 -4.7517655E-01
-9.1267310E-01 2.5138874E-01 -1.1435835E+00 -6.4835316E-01 -1.4316526E+00 -4.5053270E-01
-9.6290310E-01 2.7590376E-01 -1.2014453E+00 -6.6788932E-01 -1.5134948E+00 -4.3117146E-01
-1.0421013E+00 3.0962955E-01 -1.2863716E+00 -7.0043182E-01 -1.6686381E+00 -4.6739812E-01
-1.1270550E+00 3.8128874E-01 -1.4175355E+00 -7.0550283E-01 -1.8959512E+00 -4.1545985E-01
-1.2003880E+00 5.0763226E-01 -1.6012525E+00 -6.2052734E-01 -2.2298892E+00 -2.6686889E-01
-1.2521298E+00 6.6477809E-01 -1.8196628E+00 -4.7748044E-01 -2.5675675E+00 -3.3624599E-02
-1.2785102E+00 8.0158390E-01 -2.0039436E+00 -3.4330670E-01 -2.8216181E+00 2.1867659E-01
-1.2862031E+00 8.6464653E-01 -2.0855414E+00 -2.8359040E-01 -2.9237406E+00 3.7091673E-01
