-1.2487285E+00 2.3925182E-01 -1.4866638E+00 -1.0080365E+00 -1.7108397E+00 -7.7926595E-01
-1.1973188E+00 1.8130622E-01 -1.3782191E+00 -1.0153688E+00 -1.5509240E+00 -8.4201111E-01
-1.0832399E+00 1.1523048E-01 -1.1980297E+00 -9.6873411E-01 -1.3107540E+00 -8.5673863E-01
-9.5783324E-01 1.2368670E-01 -1.0813310E+00 -8.3399285E-01 -1.2011861E+00 -7.1791685E-01
-8.8086607E-01 1.4151175E-01 -1.0205996E+00 -7.3960579E-01 -1.1629173E+00 -6.1156349E-01
-8.9489942E-01 1.4154912E-01 -1.0339468E+00 -7.5661194E-01 -1.1854207E+00 -6.2223285E-01
-1.0060977E+00 1.4532131E-01 -1.1486935E+00 -8.6224873E-01 -1.2957066E+00 -7.2826543E-01
-1.1799826E+00 1.6018689E-01 -1.3384421E+00 -1.0205945E+00 -1.5026674E+00 -8.7540139E-01
-1.3475368E+00 1.7768631E-01 -1.5132960E+00 -1.1633057E+00 -1.7120231E+00 -1.0111110E+00
-1.4307608E+00 2.0120917E-01 -1.6091897E+00 -1.2177705E+00 -1.8604604E+00 -1.0612679E+00
-1.3800984E+00 2.3035132E-01 -1.5753547E+00 -1.1306047E+00 -1.8459237E+00 -9.4431528E-01
-1.2011740E+00 2.5965229E-01 -1.4238249E+00 -9.2207658E-01 -1.7235506E+00 -7.0848545E-01
-9.5751949E-01 2.8206345E-01 -1.2037818E+00 -6.5504309E-01 -1.5178088E+00 -4.1750703E-01
-7.3143831E-01 2.8712032E-01 -9.8178693E-01 -4.1970562E-01 -1.3080766E+00 -1.8618798E-01
-5.8830507E-01 2.8377681E-01 -8.2205951E-01 -2.7197208E-01 -1.1593640E+00 -5.3401965E-02
-5.5315878E-01 3.1368955E-01 -8.0906196E-01 -2.1178741E-01 -1.1956021E+00 4.1016301E-02
-6.0499194E-01 4.0839792E-01 -9.3404259E-01 -1.4818763E-01 -1.4349106E+00 1.5602790E-01
-6.9366036E-01 5.4725567E-01 -1.1060475E+00 -2.7711301E-02 -1.7731474E+00 2.8498740E-01
-7.6910610E-01 6.7704541E-01 -1.2877037E+00 8.1839366E-02 -2.0432309E+00 4.2005239E-01
-8.0142248E-01 7.3869859E-01 -1.3926300E+00 1.1349709E-01 -2.1318018E+00 5.0000000E-01
