-1.1146914E+00 2.4035396E-01 -1.3536313E+00 -8.7589337E-01 -1.5900817E+00 -6.5110255E-01
-1.0923910E+00 1.8308579E-01 -1.2753503E+00 -9.1014707E-01 -1.4552293E+00 -7.3824063E-01
-1.0551949E+00 1.1731479E-01 -1.1718472E+00 -9.3642833E-01 -1.2865027E+00 -8.2985338E-01
-1.0282384E+00 1.2319734E-01 -1.1511348E+00 -9.0543240E-01 -1.2691067E+00 -7.8881618E-01
-1.0368958E+00 1.4451279E-01 -1.1803220E+00 -8.9173557E-01 -1.3193653E+00 -7.5614245E-01
-1.0782042E+00 1.4707294E-01 -1.2253030E+00 -9.3190610E-01 -1.3690734E+00 -7.9396717E-01
-1.1238156E+00 1.4601448E-01 -1.2612830E+00 -9.6928515E-01 -1.4176458E+00 -8.4855218E-01
-1.1484922E+00 1.5679556E-01 -1.3060402E+00 -9.9100284E-01 -1.4604931E+00 -8.5236145E-01
-1.1423706E+00 1.8066587E-01 -1.3079266E+00 -9.5468972E-01 -1.5170642E+00 -8.0070194E-01
-1.1106291E+00 2.0291921E-01 -1.2886516E+00 -8.9598075E-01 -1.5391935E+00 -7.3633991E-01
-1.0627802E+00 2.2062793E-01 -1.2556701E+00 -8.2959854E-01 -1.5087786E+00 -6.3675399E-01
-1.0064353E+00 2.3957064E-01 -1.2188863E+00 -7.5007057E-01 -1.4826804E+00 -5.4671178E-01
-9.5351189E-01 2.5702886E-01 -1.1888474E+00 -6.8171347E-01 -1.4592578E+00 -4.5842311E-01
-9.0687949E-01 2.6680671E-01 -1.1415772E+00 -6.2368123E-01 -1.4473295E+00 -3.9616302E-01
-8.6058272E-01 2.8422664E-01 -1.0960434E+00 -5.5341955E-01 -1.4382795E+00 -3.1879151E-01
-8.1506496E-01 3.3928197E-01 -1.0878108E+00 -4.4564965E-01 -1.5039734E+00 -1.7511850E-01
-7.7170394E-01 4.4368805E-01 -1.1116455E+00 -2.6823379E-01 -1.6725745E+00 3.7229783E-02
-7.3581796E-01 5.7398526E-01 -1.1365265E+00 -3.3290525E-02 -1.8753453E+00 2.6403373E-01
-7.1468939E-01 6.9120898E-01 -1.1246362E+00 2.1489406E-01 -2.0323626E+00 4.3195611E-01
-7.0790177E-01 7.4715334E-01 -1.1580941E+00 3.0428671E-01 -2.0822422E+00 5.0000000E-01
