-1.1020601E+00 2.2996600E-01 -1.3323382E+00 -8.7233168E-01 -1.5508932E+00 -6.5420906E-01
-1.0995775E+00 1.7580607E-01 -1.2747652E+00 -9.2668202E-01 -1.4431719E+00 -7.5395469E-01
-1.0959648E+00 1.1574789E-01 -1.2106369E+00 -9.8057134E-01 -1.3231665E+00 -8.6949486E-01
-1.0943545E+00 1.2145912E-01 -1.2128595E+00 -9.7595124E-01 -1.3335523E+00 -8.5399114E-01
-1.0903626E+00 1.3941110E-01 -1.2277654E+00 -9.5186803E-01 -1.3665800E+00 -8.1680015E-01
-1.0759622E+00 1.4009961E-01 -1.2158775E+00 -9.3629592E-01 -1.3519235E+00 -8.0523805E-01
-1.0489970E+00 1.4025159E-01 -1.1814630E+00 -9.0481456E-01 -1.3302290E+00 -7.7836134E-01
-1.0194984E+00 1.5171848E-01 -1.1693969E+00 -8.7064529E-01 -1.3225203E+00 -7.2520099E-01
-9.9767172E-01 1.6599932E-01 -1.1608278E+00 -8.3271548E-01 -1.3316138E+00 -6.7854521E-01
-9.8731808E-01 1.8019439E-01 -1.1569829E+00 -7.9921785E-01 -1.3540565E+00 -6.4735488E-01
-9.9232574E-01 2.0506544E-01 -1.1724745E+00 -7.7483678E-01 -1.4282348E+00 -6.1614141E-01
-1.0119833E+00 2.3772607E-01 -1.2188082E+00 -7.5790241E-01 -1.4824307E+00 -5.5835131E-01
-1.0437415E+00 2.6905514E-01 -1.2744234E+00 -7.5202504E-01 -1.5704193E+00 -5.3535891E-01
-1.0847936E+00 3.0000847E-01 -1.3224996E+00 -7.6044060E-01 -1.6817421E+00 -5.1661896E-01
-1.1296689E+00 3.3676103E-01 -1.3681836E+00 -7.6571365E-01 -1.8239521E+00 -5.0682976E-01
-1.1759336E+00 4.0254521E-01 -1.4386855E+00 -7.2878156E-01 -2.0318015E+00 -4.4679134E-01
-1.2239309E+00 5.1349750E-01 -1.5828090E+00 -6.2811209E-01 -2.3057648E+00 -3.0666089E-01
-1.2687320E+00 6.5658474E-01 -1.7999392E+00 -4.9562067E-01 -2.5973769E+00 -7.5256107E-02
-1.2991139E+00 7.8642495E-01 -2.0082277E+00 -3.9409934E-01 -2.8345852E+00 1.7710922E-01
-1.3105643E+00 8.4847519E-01 -2.1059871E+00 -3.4605542E-01 -2.9408702E+00 3.2095740E-01
