-1.2730755E+00 2.3318375E-01 -1.5048250E+00 -1.0403017E+00 -1.7281204E+00 -8.1775676E-01
-1.2331936E+00 1.7793399E-01 -1.4089227E+00 -1.0556797E+00 -1.5797323E+00 -8.8563671E-01
-1.1471716E+00 1.1608152E-01 -1.2620608E+00 -1.0305019E+00 -1.3741066E+00 -9.2053930E-01
-1.0427818E+00 1.2363085E-01 -1.1640394E+00 -9.2206241E-01 -1.2857243E+00 -7.9576023E-01
-9.5026834E-01 1.4085803E-01 -1.0900349E+00 -8.1217828E-01 -1.2322662E+00 -6.7489770E-01
-8.9557793E-01 1.4029310E-01 -1.0368039E+00 -7.5618883E-01 -1.1729172E+00 -6.2302742E-01
-8.9241544E-01 1.4282047E-01 -1.0369143E+00 -7.5100489E-01 -1.1740089E+00 -6.1545229E-01
-9.3377348E-01 1.5448816E-01 -1.0850760E+00 -7.7841774E-01 -1.2414303E+00 -6.3235506E-01
-1.0028119E+00 1.6519055E-01 -1.1669674E+00 -8.3951657E-01 -1.3301859E+00 -6.8129231E-01
-1.0806322E+00 1.8396727E-01 -1.2614980E+00 -8.9795805E-01 -1.4556873E+00 -7.3453489E-01
-1.1514157E+00 2.1770622E-01 -1.3462024E+00 -9.1774741E-01 -1.5806450E+00 -7.3651470E-01
-1.2087504E+00 2.5119917E-01 -1.4310923E+00 -9.4038228E-01 -1.7043885E+00 -7.2899728E-01
-1.2499598E+00 2.7983648E-01 -1.4979333E+00 -9.5481409E-01 -1.7957529E+00 -7.1370511E-01
-1.2689528E+00 3.1292249E-01 -1.5230279E+00 -9.3401035E-01 -1.8869294E+00 -6.7610658E-01
-1.2562818E+00 3.6150579E-01 -1.5156337E+00 -8.6008534E-01 -1.9829739E+00 -5.9538202E-01
-1.2143197E+00 4.4290105E-01 -1.5037481E+00 -7.0644127E-01 -2.1377430E+00 -4.3470562E-01
-1.1619025E+00 5.6610113E-01 -1.5325721E+00 -4.8698348E-01 -2.3601417E+00 -1.8394088E-01
-1.1185901E+00 7.0910906E-01 -1.6127192E+00 -2.4060008E-01 -2.5773624E+00 1.0092125E-01
-1.0917807E+00 8.3117441E-01 -1.6854001E+00 -1.8410861E-02 -2.7297991E+00 3.4560419E-01
-1.0817918E+00 8.8874985E-01 -1.7423254E+00 6.2630150E-02 -2.7446411E+00 5.0000000E-01
