-8.2592638E-01 2.3538072E-01 -1.0667434E+00 -6.0248034E-01 -1.2855807E+00 -3.5789125E-01
-8.5630078E-01 1.7902646E-01 -1.0312405E+00 -6.7814611E-01 -1.2081622E+00 -5.0041867E-01
-9.4436249E-01 1.1316035E-01 -1.0564241E+00 -8.3229214E-01 -1.1685711E+00 -7.2135669E-01
-1.0754752E+00 1.2116240E-01 -1.1905666E+00 -9.5054976E-01 -1.3179033E+00 -8.4291773E-01
-1.2018392E+00 1.4130259E-01 -1.3409766E+00 -1.0614907E+00 -1.4864271E+00 -9.3038203E-01
-1.2666149E+00 1.4164304E-01 -1.4076764E+00 -1.1246873E+00 -1.5512321E+00 -9.9868372E-01
-1.2422930E+00 1.4048743E-01 -1.3803876E+00 -1.1042037E+00 -1.5255676E+00 -9.7126231E-01
-1.1416869E+00 1.5085512E-01 -1.2833475E+00 -9.8520240E-01 -1.4458613E+00 -8.5639026E-01
-1.0011714E+00 1.6692557E-01 -1.1663633E+00 -8.3561447E-01 -1.3366577E+00 -6.8211688E-01
-8.6484560E-01 1.8107929E-01 -1.0467724E+00 -6.8472399E-01 -1.2286100E+00 -5.2057572E-01
-7.7870897E-01 1.9747332E-01 -9.5726834E-01 -5.6587837E-01 -1.1859889E+00 -4.1255190E-01
-7.6936819E-01 2.2168277E-01 -9.6955677E-01 -5.3119785E-01 -1.2261441E+00 -3.6026245E-01
-8.3273499E-01 2.4922161E-01 -1.0640781E+00 -5.6854393E-01 -1.3214649E+00 -3.5575365E-01
-9.4687367E-01 2.7448962E-01 -1.1874906E+00 -6.5233285E-01 -1.4909486E+00 -4.2362078E-01
-1.0856325E+00 3.0721223E-01 -1.3323411E+00 -7.4797365E-01 -1.7082661E+00 -5.0889477E-01
-1.2236659E+00 3.8261405E-01 -1.5267969E+00 -7.9404350E-01 -1.9996688E+00 -5.1113163E-01
-1.3408704E+00 5.1991971E-01 -1.7853331E+00 -7.4428268E-01 -2.3802731E+00 -3.8491008E-01
-1.4256068E+00 6.8475153E-01 -2.0586451E+00 -6.3758752E-01 -2.7998077E+00 -1.8907202E-01
-1.4735290E+00 8.2190661E-01 -2.2781276E+00 -5.4438015E-01 -3.0846892E+00 4.7074993E-02
-1.4886056E+00 8.8314400E-01 -2.3774691E+00 -5.0610902E-01 -3.2062606E+00 1.5986656E-01
