-1.1059419E+00 2.2904911E-01 -1.3345596E+00 -8.7723337E-01 -1.5521020E+00 -6.5433668E-01
-1.0876213E+00 1.7329810E-01 -1.2598638E+00 -9.1372875E-01 -1.4255499E+00 -7.4886147E-01
-1.0473166E+00 1.1021766E-01 -1.1574807E+00 -9.3813664E-01 -1.2648592E+00 -8.3337942E-01
-1.0016817E+00 1.1873774E-01 -1.1188488E+00 -8.8444991E-01 -1.2365206E+00 -7.6858003E-01
-9.6882544E-01 1.3517414E-01 -1.0957518E+00 -8.2731442E-01 -1.2417628E+00 -7.1184922E-01
-9.6364557E-01 1.3604029E-01 -1.0984296E+00 -8.2857400E-01 -1.2380874E+00 -7.0289381E-01
-9.9001994E-01 1.3759771E-01 -1.1170357E+00 -8.4383247E-01 -1.2674682E+00 -7.2878481E-01
-1.0366929E+00 1.4624492E-01 -1.1812066E+00 -8.8949716E-01 -1.3247905E+00 -7.5469617E-01
-1.0726461E+00 1.5786004E-01 -1.2282648E+00 -9.1596205E-01 -1.3857941E+00 -7.6391189E-01
-1.0738859E+00 1.7540903E-01 -1.2352871E+00 -8.8928050E-01 -1.4336003E+00 -7.4639610E-01
-1.0376245E+00 2.0147776E-01 -1.2150490E+00 -8.1774768E-01 -1.4409030E+00 -6.5392010E-01
-9.9196824E-01 2.2932884E-01 -1.1986160E+00 -7.5025784E-01 -1.4746048E+00 -5.6607038E-01
-9.7715354E-01 2.5476202E-01 -1.2002292E+00 -7.0140906E-01 -1.4908546E+00 -4.8618238E-01
-1.0193944E+00 2.7683036E-01 -1.2660896E+00 -7.2195586E-01 -1.5979254E+00 -5.0763563E-01
-1.1161205E+00 3.0380655E-01 -1.3789550E+00 -7.8014698E-01 -1.7272797E+00 -5.4632297E-01
-1.2447868E+00 3.6456079E-01 -1.5404020E+00 -8.3461802E-01 -1.9880461E+00 -5.7170074E-01
-1.3779292E+00 4.8313831E-01 -1.7935779E+00 -8.3664084E-01 -2.3962726E+00 -5.1595196E-01
-1.4898356E+00 6.3751194E-01 -2.0889070E+00 -7.8112443E-01 -2.7543053E+00 -2.9610865E-01
-1.5631040E+00 7.7509282E-01 -2.3391225E+00 -7.1850211E-01 -3.0673987E+00 -7.5928291E-02
-1.5910356E+00 8.3966310E-01 -2.4851887E+00 -7.1951689E-01 -3.2082032E+00 2.9713011E-02
