-1.4035042E+00 2.3893819E-01 -1.6411815E+00 -1.1669928E+00 -1.8734059E+00 -9.3651204E-01
-1.3606835E+00 1.8252622E-01 -1.5418109E+00 -1.1797895E+00 -1.7186833E+00 -1.0027148E+00
-1.2544303E+00 1.1780080E-01 -1.3725928E+00 -1.1368758E+00 -1.4863023E+00 -1.0263453E+00
-1.1149553E+00 1.2108960E-01 -1.2344863E+00 -9.9613394E-01 -1.3517924E+00 -8.7301648E-01
-9.8048142E-01 1.3891590E-01 -1.1131171E+00 -8.3727544E-01 -1.2567072E+00 -7.1185830E-01
-8.8308429E-01 1.4003421E-01 -1.0222623E+00 -7.4491546E-01 -1.1613765E+00 -6.1371946E-01
-8.4169550E-01 1.3749280E-01 -9.7102320E-01 -7.0188855E-01 -1.1204299E+00 -5.7728997E-01
-8.6524175E-01 1.5000918E-01 -1.0140377E+00 -7.1561931E-01 -1.1670651E+00 -5.7940718E-01
-9.4695139E-01 1.6771677E-01 -1.1132483E+00 -7.8109299E-01 -1.2858011E+00 -6.2727303E-01
-1.0603130E+00 1.8460942E-01 -1.2304697E+00 -8.6732356E-01 -1.4355733E+00 -7.1454652E-01
-1.1715210E+00 2.1279568E-01 -1.3603525E+00 -9.4703462E-01 -1.5925181E+00 -7.5988467E-01
-1.2440878E+00 2.5066112E-01 -1.4670802E+00 -9.7806578E-01 -1.7432120E+00 -7.6431180E-01
-1.2577473E+00 2.8516255E-01 -1.4991148E+00 -9.5036886E-01 -1.8275672E+00 -7.1233349E-01
-1.2143108E+00 3.1385549E-01 -1.4547293E+00 -8.6759222E-01 -1.8508844E+00 -6.2655219E-01
-1.1309796E+00 3.4815141E-01 -1.3804318E+00 -7.3956743E-01 -1.8525593E+00 -4.9459477E-01
-1.0343353E+00 4.0997561E-01 -1.3211102E+00 -5.7165116E-01 -1.9021454E+00 -2.9122061E-01
-9.5311746E-01 5.1292434E-01 -1.3157896E+00 -3.6137314E-01 -2.0182397E+00 -3.7714889E-02
-9.0102606E-01 6.4563217E-01 -1.3558476E+00 -1.1655729E-01 -2.1949431E+00 2.2336147E-01
-8.7374116E-01 7.6500937E-01 -1.3923079E+00 1.2065889E-01 -2.3378452E+00 4.2547789E-01
-8.6617069E-01 8.1948904E-01 -1.4300238E+00 2.1091641E-01 -2.3816825E+00 5.0000000E-01
