-1.4224334E+00 2.3605526E-01 -1.6554393E+00 -1.1909283E+00 -1.8968400E+00 -9.6375147E-01
-1.3689237E+00 1.8200607E-01 -1.5478157E+00 -1.1900746E+00 -1.7389301E+00 -1.0188202E+00
-1.2404195E+00 1.1697844E-01 -1.3577622E+00 -1.1255956E+00 -1.4724472E+00 -1.0129351E+00
-1.0662381E+00 1.2254237E-01 -1.1886744E+00 -9.4416422E-01 -1.3078877E+00 -8.2869688E-01
-8.9087255E-01 1.4042570E-01 -1.0314810E+00 -7.5147117E-01 -1.1708201E+00 -6.1908428E-01
-7.6384146E-01 1.3944627E-01 -9.0196857E-01 -6.2410920E-01 -1.0420991E+00 -4.9649153E-01
-7.2846251E-01 1.3914396E-01 -8.6686901E-01 -5.8960178E-01 -1.0055980E+00 -4.6237897E-01
-8.1110403E-01 1.5059061E-01 -9.6140165E-01 -6.6085393E-01 -1.1135069E+00 -5.2518796E-01
-1.0011202E+00 1.6988280E-01 -1.1614046E+00 -8.2396156E-01 -1.3469113E+00 -6.8076466E-01
-1.2417456E+00 1.9129803E-01 -1.4179335E+00 -1.0412788E+00 -1.6348282E+00 -8.8267440E-01
-1.4461621E+00 2.1659636E-01 -1.6424122E+00 -1.2137000E+00 -1.8942728E+00 -1.0481141E+00
-1.5319094E+00 2.5023641E-01 -1.7462218E+00 -1.2568134E+00 -2.0393966E+00 -1.0565015E+00
-1.4664893E+00 2.9006864E-01 -1.7082018E+00 -1.1539387E+00 -2.0486704E+00 -9.1749251E-01
-1.2793095E+00 3.3403145E-01 -1.5257685E+00 -9.1652579E-01 -1.9472872E+00 -6.6214317E-01
-1.0420105E+00 3.7671641E-01 -1.2781278E+00 -6.3957696E-01 -1.8163105E+00 -3.6964098E-01
-8.2573312E-01 4.2670211E-01 -1.0689668E+00 -3.7647433E-01 -1.6958517E+00 -8.7336132E-02
-6.7402327E-01 5.0185445E-01 -9.6032344E-01 -1.2884058E-01 -1.6777580E+00 1.8226240E-01
-5.9411689E-01 5.9820199E-01 -9.2014430E-01 1.0443044E-01 -1.7794314E+00 3.8975858E-01
-5.6498084E-01 6.8889240E-01 -8.6940522E-01 3.2845336E-01 -1.8992668E+00 4.9588172E-01
-5.6032960E-01 7.3424318E-01 -8.2902340E-01 4.6624500E-01 -1.9832951E+00 5.0000000E-01
