-1.2944037E+00 2.3474057E-01 -1.5252226E+00 -1.0621048E+00 -1.7670709E+00 -8.3905121E-01
-1.2389865E+00 1.7753354E-01 -1.4146311E+00 -1.0633477E+00 -1.5962149E+00 -8.9353797E-01
-1.1241100E+00 1.1415334E-01 -1.2383938E+00 -1.0106341E+00 -1.3461368E+00 -9.0026368E-01
-1.0075686E+00 1.2390553E-01 -1.1305286E+00 -8.8462316E-01 -1.2507382E+00 -7.6539567E-01
-9.4328120E-01 1.4054332E-01 -1.0832854E+00 -8.0485610E-01 -1.2209124E+00 -6.6836726E-01
-9.5134685E-01 1.3985195E-01 -1.0893923E+00 -8.1301006E-01 -1.2295096E+00 -6.8011630E-01
-1.0147142E+00 1.4485735E-01 -1.1588215E+00 -8.7099625E-01 -1.2965696E+00 -7.3366626E-01
-1.1018856E+00 1.5964502E-01 -1.2601492E+00 -9.4378687E-01 -1.4177710E+00 -7.9176152E-01
-1.1867200E+00 1.7324413E-01 -1.3594329E+00 -1.0134457E+00 -1.5318945E+00 -8.5791262E-01
-1.2504579E+00 1.9438903E-01 -1.4332674E+00 -1.0483801E+00 -1.6458552E+00 -8.8215992E-01
-1.2758756E+00 2.2446628E-01 -1.4802820E+00 -1.0389082E+00 -1.7390995E+00 -8.5964785E-01
-1.2489235E+00 2.4943531E-01 -1.4724684E+00 -9.8090740E-01 -1.7678804E+00 -7.8953486E-01
-1.1637916E+00 2.6725360E-01 -1.3967440E+00 -8.8118747E-01 -1.7040271E+00 -6.4743259E-01
-1.0273993E+00 2.8228837E-01 -1.2619959E+00 -7.2407804E-01 -1.5967491E+00 -4.8713880E-01
-8.6646549E-01 3.0146695E-01 -1.1023206E+00 -5.2959784E-01 -1.4718461E+00 -3.0613111E-01
-7.1300979E-01 3.4328920E-01 -9.7572247E-01 -3.4059420E-01 -1.3990471E+00 -7.5440497E-02
-5.9785209E-01 4.2563957E-01 -8.9533646E-01 -1.2365328E-01 -1.4477730E+00 1.7608129E-01
-5.3736825E-01 5.3566732E-01 -8.5905527E-01 1.1215391E-01 -1.5893686E+00 3.6316371E-01
-5.1946455E-01 6.4035832E-01 -8.2274742E-01 3.2408439E-01 -1.7416488E+00 4.7225404E-01
-5.2031464E-01 6.9189770E-01 -8.0077165E-01 4.4887407E-01 -1.8165432E+00 5.0000000E-01
