-1.2864743E+00 2.3471381E-01 -1.5214007E+00 -1.0557664E+00 -1.7412154E+00 -8.1846165E-01
-1.2540005E+00 1.7959961E-01 -1.4339731E+00 -1.0775021E+00 -1.6046860E+00 -8.9969948E-01
-1.1758739E+00 1.1764248E-01 -1.2923404E+00 -1.0581617E+00 -1.4082457E+00 -9.4737943E-01
-1.0720620E+00 1.2363476E-01 -1.1921415E+00 -9.5046098E-01 -1.3210381E+00 -8.3071728E-01
-9.7089527E-01 1.4051391E-01 -1.1101531E+00 -8.3169757E-01 -1.2468957E+00 -6.9744572E-01
-8.9797233E-01 1.3768615E-01 -1.0352464E+00 -7.6096789E-01 -1.1679678E+00 -6.3140396E-01
-8.6639983E-01 1.3745894E-01 -1.0051196E+00 -7.2959319E-01 -1.1414865E+00 -6.0426752E-01
-8.8501535E-01 1.5323924E-01 -1.0317041E+00 -7.2499245E-01 -1.1913944E+00 -5.9391978E-01
-9.5309639E-01 1.6911717E-01 -1.1126297E+00 -7.7880598E-01 -1.2949878E+00 -6.3260191E-01
-1.0578129E+00 1.8684574E-01 -1.2308477E+00 -8.6321145E-01 -1.4433717E+00 -7.0880246E-01
-1.1704269E+00 2.1376821E-01 -1.3585602E+00 -9.4211296E-01 -1.6203589E+00 -7.7929444E-01
-1.2613197E+00 2.4276894E-01 -1.4727354E+00 -1.0013752E+00 -1.7442770E+00 -7.9698285E-01
-1.3048588E+00 2.6619411E-01 -1.5309480E+00 -1.0227924E+00 -1.8434672E+00 -7.9276147E-01
-1.2844072E+00 2.9197709E-01 -1.5203905E+00 -9.6405586E-01 -1.8790462E+00 -7.2807433E-01
-1.1934191E+00 3.3464519E-01 -1.4478683E+00 -8.2276571E-01 -1.8793005E+00 -5.7370072E-01
-1.0521876E+00 4.0597694E-01 -1.3303544E+00 -5.9520388E-01 -1.8904991E+00 -3.2098739E-01
-9.0059903E-01 5.0854477E-01 -1.2176430E+00 -3.1392967E-01 -1.9585852E+00 -1.8223126E-02
-7.7392250E-01 6.3112682E-01 -1.1333985E+00 -7.9159524E-03 -2.0726439E+00 2.7188034E-01
-6.9466729E-01 7.3946029E-01 -1.0452756E+00 2.8105396E-01 -2.1525969E+00 4.5335969E-01
-6.6558707E-01 7.9292633E-01 -9.6482416E-01 4.6428583E-01 -2.1942093E+00 5.0000000E-01
