-1.3755016E+00 2.4390233E-01 -1.6188211E+00 -1.1335704E+00 -1.8627775E+00 -9.0363492E-01
-1.3416272E+00 1.8602403E-01 -1.5254866E+00 -1.1557394E+00 -1.7159597E+00 -9.8420609E-01
-1.2579372E+00 1.1878173E-01 -1.3712317E+00 -1.1359761E+00 -1.4990739E+00 -1.0307014E+00
-1.1364737E+00 1.2405080E-01 -1.2596991E+00 -1.0114180E+00 -1.3786651E+00 -8.9420868E-01
-1.0104546E+00 1.4032680E-01 -1.1488939E+00 -8.6991171E-01 -1.2879782E+00 -7.3892550E-01
-9.2947065E-01 1.4215985E-01 -1.0702096E+00 -7.8766846E-01 -1.2123921E+00 -6.5463923E-01
-9.3542479E-01 1.4622145E-01 -1.0799766E+00 -7.8900696E-01 -1.2226473E+00 -6.4953573E-01
-1.0350094E+00 1.6276523E-01 -1.1941547E+00 -8.7320477E-01 -1.3604196E+00 -7.2192758E-01
-1.1864471E+00 1.8312413E-01 -1.3550492E+00 -9.9465577E-01 -1.5648634E+00 -8.4368809E-01
-1.3162774E+00 2.0418943E-01 -1.5003836E+00 -1.1037360E+00 -1.7489486E+00 -9.3582362E-01
-1.3554297E+00 2.2585588E-01 -1.5579225E+00 -1.1148390E+00 -1.8306819E+00 -9.4148791E-01
-1.2776604E+00 2.4443094E-01 -1.4990589E+00 -1.0107320E+00 -1.7792218E+00 -8.3317850E-01
-1.0991953E+00 2.6148229E-01 -1.3355519E+00 -8.1820947E-01 -1.6429597E+00 -6.1570555E-01
-8.6976814E-01 2.7434404E-01 -1.1160150E+00 -5.8030220E-01 -1.4128416E+00 -3.4042572E-01
-6.5541409E-01 2.8570678E-01 -8.9214295E-01 -3.4834284E-01 -1.2307967E+00 -1.1295059E-01
-5.0606676E-01 3.1085742E-01 -7.4568684E-01 -1.7009854E-01 -1.1376010E+00 8.1719394E-02
-4.3542442E-01 3.7450533E-01 -7.0818608E-01 -2.1632561E-02 -1.1857309E+00 2.5701770E-01
-4.2741868E-01 4.7543634E-01 -7.3346648E-01 1.4656792E-01 -1.3598197E+00 3.8884046E-01
-4.4439848E-01 5.7873476E-01 -7.5115408E-01 3.2385091E-01 -1.5426556E+00 4.8312519E-01
-4.5608411E-01 6.3046055E-01 -7.5508165E-01 4.3038359E-01 -1.6386162E+00 5.0000000E-01
