-1.3422410E+00 2.3340873E-01 -1.5754364E+00 -1.1108158E+00 -1.7994638E+00 -8.7890715E-01
-1.3015500E+00 1.7607950E-01 -1.4771885E+00 -1.1245589E+00 -1.6464722E+00 -9.5839313E-01
-1.2083956E+00 1.1512594E-01 -1.3231526E+00 -1.0927591E+00 -1.4326101E+00 -9.8375077E-01
-1.0989680E+00 1.1923956E-01 -1.2175271E+00 -9.8045932E-01 -1.3367378E+00 -8.7013804E-01
-1.0094285E+00 1.3828132E-01 -1.1443769E+00 -8.7220792E-01 -1.2843931E+00 -7.3860625E-01
-9.6140764E-01 1.4522380E-01 -1.1047573E+00 -8.1475797E-01 -1.2485060E+00 -6.8193533E-01
-9.5144920E-01 1.4592625E-01 -1.0944636E+00 -8.0673727E-01 -1.2451750E+00 -6.7062405E-01
-9.6254023E-01 1.4904395E-01 -1.1101449E+00 -8.1315807E-01 -1.2575447E+00 -6.7497058E-01
-9.7679136E-01 1.5970369E-01 -1.1352626E+00 -8.1837339E-01 -1.2965767E+00 -6.7067662E-01
-9.8396871E-01 1.7694153E-01 -1.1490751E+00 -8.0319042E-01 -1.3431902E+00 -6.4208727E-01
-9.8502516E-01 1.9942090E-01 -1.1666495E+00 -7.7312386E-01 -1.3965819E+00 -6.1638660E-01
-9.8899270E-01 2.3026643E-01 -1.1980240E+00 -7.4692412E-01 -1.4470990E+00 -5.4487137E-01
-1.0108194E+00 2.6423512E-01 -1.2405419E+00 -7.2774072E-01 -1.5698456E+00 -5.2839370E-01
-1.0617642E+00 2.9373405E-01 -1.3102449E+00 -7.4345104E-01 -1.6505438E+00 -5.0100033E-01
-1.1387146E+00 3.2726021E-01 -1.3924002E+00 -7.7729950E-01 -1.7924286E+00 -5.3253244E-01
-1.2301208E+00 3.9310071E-01 -1.5108772E+00 -7.7763315E-01 -2.0203509E+00 -5.2260496E-01
-1.3203941E+00 5.1272132E-01 -1.7291075E+00 -7.2963517E-01 -2.3540103E+00 -3.8479826E-01
-1.3964592E+00 6.6650796E-01 -2.0016391E+00 -6.3932976E-01 -2.7035829E+00 -1.5668594E-01
-1.4469010E+00 8.0318512E-01 -2.2246973E+00 -5.4540834E-01 -3.0508358E+00 4.1518098E-02
-1.4654075E+00 8.6840065E-01 -2.3280826E+00 -5.0113704E-01 -3.1792291E+00 1.5719787E-01
