-9.8584249E-01 1.7362729E-01 -1.1543352E+00 -8.0472493E-01 -1.3268319E+00 -6.5187490E-01
-9.8598481E-01 1.4400534E-01 -1.1312432E+00 -8.4075121E-01 -1.2683440E+00 -7.1008498E-01
-9.8531404E-01 1.3669535E-01 -1.1225602E+00 -8.4758453E-01 -1.2520885E+00 -7.2193658E-01
-9.8673455E-01 1.1562842E-01 -1.1008856E+00 -8.7225251E-01 -1.2157975E+00 -7.6593439E-01
-9.9108269E-01 1.5288765E-01 -1.1331964E+00 -8.3270403E-01 -1.3051907E+00 -7.0442681E-01
-9.9841704E-01 1.8322461E-01 -1.1565523E+00 -8.0160458E-01 -1.3630952E+00 -6.5154701E-01
-1.0061702E+00 1.9724683E-01 -1.1673986E+00 -7.9342057E-01 -1.3966496E+00 -6.3269848E-01
-1.0136998E+00 1.9908828E-01 -1.1723640E+00 -7.9865279E-01 -1.4071091E+00 -6.4018888E-01
-1.0346521E+00 2.0860612E-01 -1.1997421E+00 -8.0944519E-01 -1.4492107E+00 -6.4013576E-01
-1.0443943E+00 2.2456980E-01 -1.2297516E+00 -8.0444124E-01 -1.4912038E+00 -6.1779413E-01
-1.0979374E+00 2.3357441E-01 -1.3093584E+00 -8.4947513E-01 -1.5794866E+00 -6.6416907E-01
-1.2196008E+00 3.2702235E-01 -1.5378845E+00 -9.0089563E-01 -1.8936682E+00 -5.9488215E-01
-1.3428865E+00 4.5614458E-01 -1.7499428E+00 -8.7021215E-01 -2.3175982E+00 -4.8859574E-01
-1.4684983E+00 6.0549064E-01 -1.9839943E+00 -7.7960953E-01 -2.7539666E+00 -3.9379790E-01
-1.5288368E+00 6.8442530E-01 -2.0991237E+00 -7.0677115E-01 -2.9147482E+00 -3.2141256E-01
-1.5278756E+00 6.8605967E-01 -2.1000188E+00 -6.9963588E-01 -2.9117486E+00 -3.2421680E-01
-1.5735605E+00 7.5100592E-01 -2.1685417E+00 -6.0002405E-01 -3.0506928E+00 -3.2406652E-01
-1.6080391E+00 8.2926855E-01 -2.2652048E+00 -4.9891848E-01 -3.2336005E+00 -2.4272537E-01
-1.6082659E+00 8.2878772E-01 -2.2734753E+00 -5.0305108E-01 -3.2323320E+00 -2.3697422E-01
-1.6178512E+00 8.5537437E-01 -2.3284853E+00 -4.9110877E-01 -3.1959199E+00 -1.2312932E-01
