-1.2239348E+00 1.7137225E-01 -1.3937090E+00 -1.0544635E+00 -1.5570063E+00 -8.8225540E-01
-1.2058025E+00 1.4883197E-01 -1.3544958E+00 -1.0585457E+00 -1.5023628E+00 -9.1465891E-01
-1.1986379E+00 1.4482011E-01 -1.3432801E+00 -1.0545821E+00 -1.4879275E+00 -9.2198546E-01
-1.1352123E+00 1.3028796E-01 -1.2460885E+00 -9.9111076E-01 -1.3984193E+00 -8.9083747E-01
-1.0062370E+00 1.6974624E-01 -1.1461228E+00 -8.2117416E-01 -1.3540679E+00 -6.8714361E-01
-9.0073224E-01 1.9672286E-01 -1.0512334E+00 -6.8509998E-01 -1.3058737E+00 -5.3614238E-01
-8.6707399E-01 2.0910073E-01 -1.0235025E+00 -6.4149403E-01 -1.2937545E+00 -4.8007564E-01
-8.6760758E-01 2.1036136E-01 -1.0205755E+00 -6.3773064E-01 -1.2969535E+00 -4.8273132E-01
-8.7582517E-01 2.1859851E-01 -1.0406011E+00 -6.3572986E-01 -1.3196070E+00 -4.7366534E-01
-8.7989159E-01 2.3395626E-01 -1.0688687E+00 -6.3076081E-01 -1.3550613E+00 -4.4222213E-01
-9.4159037E-01 2.3225640E-01 -1.1522011E+00 -6.9912803E-01 -1.3993187E+00 -4.9116054E-01
-1.1116127E+00 3.1707876E-01 -1.4118030E+00 -7.7937260E-01 -1.7580912E+00 -5.1840389E-01
-1.3051541E+00 4.6080178E-01 -1.7310819E+00 -8.1111065E-01 -2.2426666E+00 -4.4048249E-01
-1.5149695E+00 6.3031923E-01 -2.1654963E+00 -8.6502927E-01 -2.7638991E+00 -3.3164034E-01
-1.6190285E+00 7.1878390E-01 -2.3418941E+00 -8.3459601E-01 -3.0109567E+00 -2.6982569E-01
-1.6234596E+00 7.2088623E-01 -2.3438360E+00 -8.3151112E-01 -3.0134258E+00 -2.6625098E-01
-1.7013634E+00 7.8961702E-01 -2.5012335E+00 -7.7313813E-01 -3.1486032E+00 -2.8319537E-01
-1.7534419E+00 8.6909098E-01 -2.7399943E+00 -7.7594789E-01 -3.2862762E+00 -2.4182222E-01
-1.7515753E+00 8.6704454E-01 -2.7385858E+00 -7.7334365E-01 -3.2855892E+00 -2.5713401E-01
-1.7645240E+00 8.9238488E-01 -2.7815137E+00 -7.5924324E-01 -3.3428271E+00 -2.1633835E-01
