-8.2551539E-01 1.6471722E-01 -9.8952596E-01 -6.6395897E-01 -1.1542581E+00 -5.0530016E-01
-8.2587780E-01 1.3672905E-01 -9.5550291E-01 -6.8539067E-01 -1.0995392E+00 -5.6242882E-01
-8.2252564E-01 1.3098890E-01 -9.4645674E-01 -6.8930358E-01 -1.0867969E+00 -5.6979105E-01
-8.3341031E-01 1.1060081E-01 -9.3751622E-01 -7.2013629E-01 -1.0558165E+00 -6.2035466E-01
-8.8605709E-01 1.4721488E-01 -1.0314923E+00 -7.4119503E-01 -1.1832111E+00 -6.0715461E-01
-9.7468834E-01 1.7844201E-01 -1.1275840E+00 -7.8213907E-01 -1.3330163E+00 -6.3576864E-01
-1.0345651E+00 1.9634007E-01 -1.1936315E+00 -8.2585243E-01 -1.4299317E+00 -6.6525634E-01
-1.0600434E+00 1.9629212E-01 -1.2125969E+00 -8.4453906E-01 -1.4498584E+00 -6.9558781E-01
-1.1190019E+00 2.0598640E-01 -1.2815096E+00 -8.9367808E-01 -1.5231268E+00 -7.3516813E-01
-1.1456164E+00 2.2299890E-01 -1.3269788E+00 -9.0629064E-01 -1.5865629E+00 -7.2775287E-01
-1.2407082E+00 2.3536846E-01 -1.4460153E+00 -9.9230263E-01 -1.7394687E+00 -8.0968026E-01
-1.4328218E+00 3.3750561E-01 -1.7601053E+00 -1.0965092E+00 -2.1247028E+00 -7.9039586E-01
-1.6021787E+00 4.6958268E-01 -2.0341973E+00 -1.0986507E+00 -2.5585158E+00 -7.2903331E-01
-1.7426547E+00 6.2321501E-01 -2.3580541E+00 -1.0559567E+00 -2.9662171E+00 -6.0595764E-01
-1.7960082E+00 7.0759828E-01 -2.5142551E+00 -1.0069328E+00 -3.1411225E+00 -5.0074048E-01
-1.7959214E+00 7.0936546E-01 -2.5140739E+00 -9.9708766E-01 -3.1375808E+00 -4.9745649E-01
-1.8228436E+00 7.6822773E-01 -2.6125959E+00 -9.1469757E-01 -3.2291987E+00 -4.9185637E-01
-1.8355175E+00 8.4249997E-01 -2.8048647E+00 -8.9562237E-01 -3.3550640E+00 -4.1500940E-01
-1.8343681E+00 8.4364913E-01 -2.8056589E+00 -8.8990816E-01 -3.3577635E+00 -4.2293719E-01
-1.8373791E+00 8.6900540E-01 -2.8344662E+00 -8.6222196E-01 -3.4447622E+00 -4.1543348E-01
