-1.1816661E+00 1.7975770E-01 -1.3526281E+00 -9.9317533E-01 -1.5439300E+00 -8.3994958E-01
-1.1744599E+00 1.5318385E-01 -1.3182623E+00 -1.0153924E+00 -1.4907270E+00 -8.8712266E-01
-1.1752610E+00 1.4700175E-01 -1.3099853E+00 -1.0211275E+00 -1.4826203E+00 -8.9946846E-01
-1.1548867E+00 1.2673903E-01 -1.2638372E+00 -1.0198960E+00 -1.4296105E+00 -9.2057078E-01
-1.0868381E+00 1.6290267E-01 -1.2287813E+00 -9.1345474E-01 -1.4137148E+00 -7.7325561E-01
-9.9549854E-01 1.9546278E-01 -1.1508016E+00 -7.8708641E-01 -1.3923808E+00 -6.1898361E-01
-9.4582539E-01 2.0927358E-01 -1.1055769E+00 -7.1661187E-01 -1.3681950E+00 -5.4939504E-01
-9.2882544E-01 2.0787879E-01 -1.0912293E+00 -6.9947190E-01 -1.3445980E+00 -5.3667260E-01
-9.0879531E-01 2.1534074E-01 -1.0868654E+00 -6.7039510E-01 -1.3353396E+00 -5.0305800E-01
-8.9905213E-01 2.3228128E-01 -1.0997942E+00 -6.4679752E-01 -1.3694446E+00 -4.6145157E-01
-9.3194483E-01 2.3795504E-01 -1.1520366E+00 -6.7902586E-01 -1.4276375E+00 -4.8791090E-01
-1.0634525E+00 3.1951471E-01 -1.3826900E+00 -7.5313837E-01 -1.7084246E+00 -4.4796523E-01
-1.2424170E+00 4.5172644E-01 -1.6511997E+00 -7.6240410E-01 -2.1815759E+00 -3.8704246E-01
-1.4564608E+00 6.2582653E-01 -2.0516641E+00 -7.6820492E-01 -2.7050930E+00 -2.9535484E-01
-1.5683257E+00 7.2177130E-01 -2.2611809E+00 -7.3414873E-01 -2.9615963E+00 -2.5946851E-01
-1.5730596E+00 7.2343686E-01 -2.2696884E+00 -7.3595751E-01 -2.9648571E+00 -2.6730246E-01
-1.6589192E+00 7.9780957E-01 -2.4128724E+00 -6.5126309E-01 -3.1186358E+00 -2.7588694E-01
-1.7217169E+00 8.8029180E-01 -2.6282959E+00 -6.4759683E-01 -3.2904225E+00 -2.1023502E-01
-1.7214524E+00 8.7990007E-01 -2.6477729E+00 -6.6510495E-01 -3.2924806E+00 -2.0479508E-01
-1.7354450E+00 9.0554354E-01 -2.6954483E+00 -6.5381548E-01 -3.3152073E+00 -1.3075895E-01
