-1.2121037E+00 1.8211813E-01 -1.3937265E+00 -1.0301846E+00 -1.5707071E+00 -8.6150695E-01
-1.2027517E+00 1.5533688E-01 -1.3581319E+00 -1.0496169E+00 -1.5112347E+00 -9.0510529E-01
-1.2012333E+00 1.4796096E-01 -1.3426952E+00 -1.0468542E+00 -1.4945118E+00 -9.1898653E-01
-1.1547852E+00 1.2707135E-01 -1.2718635E+00 -1.0182154E+00 -1.4119573E+00 -9.1746021E-01
-1.0401173E+00 1.7194012E-01 -1.1894729E+00 -8.5533173E-01 -1.4010358E+00 -7.2627987E-01
-9.2020068E-01 2.1290577E-01 -1.0855558E+00 -6.9069998E-01 -1.3372350E+00 -5.1604321E-01
-8.6865683E-01 2.3004849E-01 -1.0331700E+00 -6.1607027E-01 -1.3230792E+00 -4.4802916E-01
-8.6050779E-01 2.2938086E-01 -1.0164564E+00 -6.0878534E-01 -1.3133477E+00 -4.4676372E-01
-8.5487733E-01 2.3436008E-01 -1.0198386E+00 -5.9975061E-01 -1.3222041E+00 -4.2173329E-01
-8.5464299E-01 2.4704553E-01 -1.0426603E+00 -5.8851328E-01 -1.3509641E+00 -3.8907325E-01
-8.9572740E-01 2.4356059E-01 -1.1095820E+00 -6.3892603E-01 -1.3831343E+00 -4.2488673E-01
-1.0170394E+00 3.1875057E-01 -1.3334376E+00 -6.9668458E-01 -1.6438901E+00 -4.0265315E-01
-1.1605028E+00 4.5021111E-01 -1.5777476E+00 -6.9268349E-01 -2.0874394E+00 -3.0637764E-01
-1.3191037E+00 6.1059534E-01 -1.8782553E+00 -6.4834539E-01 -2.5736343E+00 -2.0743121E-01
-1.4019930E+00 6.9472602E-01 -2.0184558E+00 -5.9567128E-01 -2.7680915E+00 -1.1768796E-01
-1.4051783E+00 6.9615636E-01 -2.0219524E+00 -5.9484090E-01 -2.8243161E+00 -1.7101381E-01
-1.4778499E+00 7.5558379E-01 -2.0873328E+00 -5.0706623E-01 -2.9988105E+00 -2.0082811E-01
-1.5330523E+00 8.2687974E-01 -2.1166883E+00 -3.8842221E-01 -3.2038430E+00 -2.0108143E-01
-1.5335813E+00 8.2728286E-01 -2.1367797E+00 -4.0275571E-01 -3.2060843E+00 -2.0503098E-01
-1.5483304E+00 8.5202069E-01 -2.1913533E+00 -3.9967854E-01 -3.2725092E+00 -1.6658859E-01
