-1.3292687E+00 1.8977256E-01 -1.5134397E+00 -1.1420414E+00 -1.7133206E+00 -9.7088316E-01
-1.3044861E+00 1.6481360E-01 -1.4568922E+00 -1.1371591E+00 -1.6478163E+00 -9.9631976E-01
-1.2953971E+00 1.5721053E-01 -1.4409667E+00 -1.1332176E+00 -1.6252418E+00 -9.9965158E-01
-1.2147109E+00 1.4288657E-01 -1.3334701E+00 -1.0589643E+00 -1.5073691E+00 -9.4402172E-01
-1.0627506E+00 1.8344359E-01 -1.2206779E+00 -8.6451131E-01 -1.4314276E+00 -7.1092486E-01
-9.5851169E-01 2.1450402E-01 -1.1301216E+00 -7.1677344E-01 -1.4111669E+00 -5.6547094E-01
-9.3962872E-01 2.2671937E-01 -1.1173978E+00 -6.8090719E-01 -1.4070300E+00 -5.2685175E-01
-9.5225951E-01 2.2569718E-01 -1.1290035E+00 -6.9293775E-01 -1.4121740E+00 -5.3924941E-01
-9.7555664E-01 2.3077704E-01 -1.1685760E+00 -7.1090373E-01 -1.4388276E+00 -5.5076368E-01
-9.9420329E-01 2.4443535E-01 -1.2028886E+00 -7.1786289E-01 -1.5017630E+00 -5.5373205E-01
-1.0338032E+00 2.4317530E-01 -1.2562920E+00 -7.7211428E-01 -1.5284643E+00 -5.8289668E-01
-1.1000826E+00 3.2284878E-01 -1.4199373E+00 -7.7621170E-01 -1.7282358E+00 -4.7732814E-01
-1.1487080E+00 4.4339150E-01 -1.5618354E+00 -6.9079031E-01 -2.0496080E+00 -3.1063714E-01
-1.1894340E+00 5.8644786E-01 -1.6841226E+00 -5.2908278E-01 -2.3878419E+00 -1.0775455E-01
-1.2094250E+00 6.6202468E-01 -1.7130890E+00 -4.0717768E-01 -2.5622226E+00 -4.2762196E-02
-1.2096214E+00 6.6417555E-01 -1.7127873E+00 -4.0186591E-01 -2.5675590E+00 -4.4353008E-02
-1.2245557E+00 7.2376073E-01 -1.7047863E+00 -2.9021767E-01 -2.6890670E+00 -3.7233892E-02
-1.2365683E+00 7.9748591E-01 -1.6789321E+00 -1.1162457E-01 -2.7964745E+00 2.3403619E-02
-1.2395238E+00 7.9529945E-01 -1.6564946E+00 -1.0202219E-01 -2.7782783E+00 -8.4966171E-04
-1.2453560E+00 8.1803787E-01 -1.6234658E+00 -2.8363119E-02 -2.8011027E+00 6.7890873E-03
