-1.1672834E+00 1.7957504E-01 -1.3432166E+00 -9.8667509E-01 -1.5347279E+00 -8.2630892E-01
-1.1580358E+00 1.5399497E-01 -1.3073285E+00 -1.0046786E+00 -1.4737820E+00 -8.6520904E-01
-1.1586815E+00 1.4879107E-01 -1.3032670E+00 -1.0104799E+00 -1.4684936E+00 -8.7774933E-01
-1.1263798E+00 1.3500032E-01 -1.2467160E+00 -9.8208513E-01 -1.3949109E+00 -8.6689061E-01
-1.0436027E+00 1.7421133E-01 -1.1934609E+00 -8.5619341E-01 -1.4119821E+00 -7.2564847E-01
-9.5581616E-01 2.0543558E-01 -1.1134508E+00 -7.3000217E-01 -1.3821511E+00 -5.7008125E-01
-9.1659194E-01 2.2223367E-01 -1.0822454E+00 -6.7298609E-01 -1.3944435E+00 -5.0444417E-01
-9.0798540E-01 2.2217832E-01 -1.0701643E+00 -6.6461229E-01 -1.3810305E+00 -4.9063177E-01
-8.9080983E-01 2.3122078E-01 -1.0657281E+00 -6.4310235E-01 -1.3694107E+00 -4.5828722E-01
-8.8241061E-01 2.4547734E-01 -1.0710266E+00 -6.1640228E-01 -1.3861320E+00 -4.1479457E-01
-8.8775632E-01 2.4800970E-01 -1.1037205E+00 -6.2427739E-01 -1.3870328E+00 -4.0884012E-01
-9.4872975E-01 3.2312648E-01 -1.2518945E+00 -6.1562332E-01 -1.6023289E+00 -3.2665865E-01
-1.0566954E+00 4.3624898E-01 -1.4417332E+00 -5.9242709E-01 -1.9670665E+00 -2.4370382E-01
-1.2002368E+00 5.8033657E-01 -1.7179234E+00 -5.5188579E-01 -2.3497034E+00 -1.1047102E-01
-1.2815431E+00 6.6136807E-01 -1.8804378E+00 -5.3368933E-01 -2.5820532E+00 -5.8087472E-02
-1.2837221E+00 6.6315379E-01 -1.8791189E+00 -5.3083450E-01 -2.5908638E+00 -6.4602255E-02
-1.3683509E+00 7.2731252E-01 -1.9276345E+00 -4.2787909E-01 -2.8042562E+00 -1.3199255E-01
-1.4372957E+00 8.0703668E-01 -2.0468512E+00 -3.6702607E-01 -2.9853324E+00 -8.3152044E-02
-1.4407563E+00 8.0595870E-01 -2.0662483E+00 -3.8711113E-01 -2.9735756E+00 -8.4132441E-02
-1.4588345E+00 8.3228839E-01 -2.1074341E+00 -3.6030121E-01 -3.0012602E+00 -3.6522875E-02
