-1.1552719E+00 1.8593663E-01 -1.3312079E+00 -9.6286076E-01 -1.5361423E+00 -8.0481703E-01
-1.1581124E+00 1.6354573E-01 -1.3039343E+00 -9.8330881E-01 -1.4998221E+00 -8.5293001E-01
-1.1622298E+00 1.5740689E-01 -1.2999625E+00 -9.9374334E-01 -1.4950092E+00 -8.7384283E-01
-1.1751023E+00 1.4097556E-01 -1.2945093E+00 -1.0221967E+00 -1.4559799E+00 -9.0636433E-01
-1.1804859E+00 1.8788618E-01 -1.3389579E+00 -9.7510593E-01 -1.5562155E+00 -8.2515984E-01
-1.1434467E+00 2.3798759E-01 -1.3260313E+00 -8.7834079E-01 -1.6243196E+00 -7.0342098E-01
-1.1013628E+00 2.6148521E-01 -1.2961678E+00 -8.0962456E-01 -1.6360349E+00 -6.2089573E-01
-1.0748212E+00 2.6491284E-01 -1.2684696E+00 -7.7881219E-01 -1.6217035E+00 -5.9091681E-01
-1.0227650E+00 2.7185569E-01 -1.2204707E+00 -7.1275997E-01 -1.5846757E+00 -5.2904285E-01
-9.9408584E-01 2.8563980E-01 -1.2130039E+00 -6.6917121E-01 -1.5741710E+00 -4.7056967E-01
-9.2795123E-01 2.7591491E-01 -1.1639456E+00 -6.1757661E-01 -1.4771438E+00 -4.1191050E-01
-8.4372478E-01 3.2783821E-01 -1.1676640E+00 -5.1812838E-01 -1.5161992E+00 -2.2253972E-01
-8.2870434E-01 4.3399915E-01 -1.2400875E+00 -3.8637158E-01 -1.7071210E+00 -1.7393593E-02
-8.7702183E-01 5.7202274E-01 -1.3485961E+00 -2.4601152E-01 -2.1186607E+00 1.4891354E-01
-9.3150999E-01 6.4594919E-01 -1.4288589E+00 -1.9061217E-01 -2.2996217E+00 2.2401223E-01
-9.3984592E-01 6.4407575E-01 -1.4319880E+00 -1.9880444E-01 -2.3050996E+00 2.0626112E-01
-1.0231784E+00 6.9829943E-01 -1.4569704E+00 -1.5151021E-01 -2.5033913E+00 1.0620648E-01
-1.0945007E+00 7.7350461E-01 -1.4807196E+00 -6.7679390E-02 -2.6561786E+00 5.3052920E-02
-1.0983565E+00 7.7333191E-01 -1.4569201E+00 -6.0596377E-02 -2.6458105E+00 2.1164273E-02
-1.1178110E+00 7.9645516E-01 -1.4676911E+00 -3.5339458E-02 -2.6757975E+00 -9.1417912E-03
