-1.3304663E+00 1.6838379E-01 -1.4998856E+00 -1.1632041E+00 -1.6585357E+00 -1.0030293E+00
-1.2985452E+00 1.4165819E-01 -1.4420235E+00 -1.1584551E+00 -1.5767300E+00 -1.0255082E+00
-1.2887737E+00 1.3579576E-01 -1.4203909E+00 -1.1485864E+00 -1.5562457E+00 -1.0299595E+00
-1.1728624E+00 1.1698524E-01 -1.2887936E+00 -1.0558382E+00 -1.4074920E+00 -9.5007777E-01
-9.3591863E-01 1.5047527E-01 -1.0828301E+00 -7.8520831E-01 -1.2390017E+00 -6.5218858E-01
-7.5430867E-01 1.6964712E-01 -9.0370682E-01 -5.7501105E-01 -1.1116398E+00 -4.4196712E-01
-7.1443216E-01 1.7544122E-01 -8.6647922E-01 -5.2718314E-01 -1.0583264E+00 -3.7600911E-01
-7.3577754E-01 1.7241877E-01 -8.8755835E-01 -5.5395074E-01 -1.0739351E+00 -4.0483767E-01
-7.8644630E-01 1.8253077E-01 -9.4668922E-01 -5.9093088E-01 -1.1455147E+00 -4.3889484E-01
-8.1871861E-01 2.0088998E-01 -1.0004966E+00 -6.0625510E-01 -1.2171624E+00 -4.3596116E-01
-9.5661771E-01 2.1838174E-01 -1.1597958E+00 -7.3156897E-01 -1.4027190E+00 -5.4340116E-01
-1.2606024E+00 3.1398944E-01 -1.5712718E+00 -9.5158063E-01 -1.8963398E+00 -6.6072136E-01
-1.5484032E+00 4.3049189E-01 -1.9571281E+00 -1.0907088E+00 -2.4139893E+00 -7.4142322E-01
-1.8115445E+00 5.6418523E-01 -2.3957234E+00 -1.2338875E+00 -2.9066662E+00 -7.4353936E-01
-1.9247238E+00 6.3639500E-01 -2.5948740E+00 -1.2576654E+00 -3.1147756E+00 -6.9627955E-01
-1.9247920E+00 6.3717285E-01 -2.5963943E+00 -1.2554502E+00 -3.1156656E+00 -6.8850063E-01
-1.9954024E+00 6.9889251E-01 -2.8427602E+00 -1.3361501E+00 -3.2481240E+00 -6.9579772E-01
-2.0404090E+00 7.7820408E-01 -3.0778896E+00 -1.3865631E+00 -3.4055688E+00 -6.3225947E-01
-2.0396034E+00 7.7836715E-01 -3.0845439E+00 -1.3910814E+00 -3.4010340E+00 -6.3068866E-01
-2.0489537E+00 8.0507342E-01 -3.1219718E+00 -1.3759118E+00 -3.5000000E+00 -6.3852534E-01
