-1.1048116E+00 3.2957599E-01 -1.4319858E+00 -7.7417054E-01 -1.7495864E+00 -4.5457440E-01
-1.1139068E+00 2.2312168E-01 -1.3357095E+00 -8.9325853E-01 -1.5516810E+00 -6.7407867E-01
-1.1168498E+00 1.4273086E-01 -1.2559493E+00 -9.7683338E-01 -1.4019913E+00 -8.3801209E-01
-1.0826787E+00 1.8761984E-01 -1.2688823E+00 -8.9348282E-01 -1.4537458E+00 -7.2038410E-01
-1.0204202E+00 1.9228319E-01 -1.2119644E+00 -8.2987901E-01 -1.3966782E+00 -6.4438916E-01
-9.5845434E-01 1.8500565E-01 -1.1407075E+00 -7.7437810E-01 -1.3210257E+00 -5.9395987E-01
-9.1951257E-01 2.0168868E-01 -1.1184221E+00 -7.1866704E-01 -1.3163397E+00 -5.2437874E-01
-9.2077994E-01 2.1390304E-01 -1.1297143E+00 -7.1166812E-01 -1.3499012E+00 -4.9868210E-01
-9.6101975E-01 2.1539502E-01 -1.1713639E+00 -7.5121549E-01 -1.4003050E+00 -5.4245099E-01
-1.0316366E+00 2.3176352E-01 -1.2535074E+00 -7.9254019E-01 -1.4942100E+00 -5.8483139E-01
-1.1044042E+00 2.6303744E-01 -1.3475035E+00 -8.2861845E-01 -1.6451298E+00 -6.1289164E-01
-1.1362047E+00 2.9819463E-01 -1.4011541E+00 -8.2108813E-01 -1.7664462E+00 -5.8479481E-01
-1.1104487E+00 3.4054997E-01 -1.4019930E+00 -7.4130741E-01 -1.8314659E+00 -4.8846393E-01
-1.0727919E+00 3.9154238E-01 -1.4085550E+00 -6.4630393E-01 -1.8585473E+00 -3.2627870E-01
-1.0760536E+00 4.2735849E-01 -1.4320097E+00 -6.1056413E-01 -1.9307300E+00 -2.6691970E-01
-1.1549632E+00 4.6028652E-01 -1.5223325E+00 -6.4115481E-01 -2.0827401E+00 -2.9709340E-01
-1.2948728E+00 5.5249539E-01 -1.7738476E+00 -6.7973980E-01 -2.4636551E+00 -2.9438129E-01
-1.4320089E+00 7.2563757E-01 -2.1379127E+00 -6.0506746E-01 -2.8366494E+00 -1.0826351E-01
-1.5264967E+00 9.1212209E-01 -2.5490240E+00 -5.2484716E-01 -3.1567487E+00 1.2434709E-01
-1.5654566E+00 1.0115739E+00 -2.7041258E+00 -4.4853892E-01 -3.5000000E+00 5.0000000E-01
