-1.3626234E+00 3.2704655E-01 -1.6894306E+00 -1.0361438E+00 -1.9932904E+00 -7.1660439E-01
-1.3217015E+00 2.1958633E-01 -1.5420554E+00 -1.1027246E+00 -1.7495512E+00 -8.9449763E-01
-1.2198999E+00 1.5017266E-01 -1.3695532E+00 -1.0690318E+00 -1.5122395E+00 -9.2533655E-01
-1.0987502E+00 1.9043362E-01 -1.2872755E+00 -9.1032414E-01 -1.4782734E+00 -7.2876150E-01
-1.0156184E+00 1.9342629E-01 -1.2094772E+00 -8.2206794E-01 -1.3959144E+00 -6.4095053E-01
-9.8820667E-01 1.8615442E-01 -1.1740681E+00 -8.0277704E-01 -1.3570571E+00 -6.2759112E-01
-9.9066735E-01 2.0727240E-01 -1.1942056E+00 -7.8340394E-01 -1.4032799E+00 -5.9123923E-01
-9.9502577E-01 2.2442182E-01 -1.2189440E+00 -7.7239504E-01 -1.4377894E+00 -5.6281229E-01
-9.9616401E-01 2.2914294E-01 -1.2234157E+00 -7.6793109E-01 -1.4533627E+00 -5.5773905E-01
-1.0202181E+00 2.4515362E-01 -1.2632028E+00 -7.7665846E-01 -1.5149769E+00 -5.5412428E-01
-1.0844272E+00 2.7780715E-01 -1.3557329E+00 -8.1329475E-01 -1.6478231E+00 -5.5632449E-01
-1.1756615E+00 3.1629540E-01 -1.4646457E+00 -8.4308644E-01 -1.7935055E+00 -5.6705983E-01
-1.2607583E+00 3.5414700E-01 -1.5586925E+00 -8.7488326E-01 -1.9710813E+00 -5.9008780E-01
-1.2952651E+00 4.0397621E-01 -1.6207132E+00 -8.5947152E-01 -2.1309852E+00 -5.2838998E-01
-1.2598627E+00 4.6450297E-01 -1.5915258E+00 -7.4820718E-01 -2.2420906E+00 -4.0127101E-01
-1.1668533E+00 5.4177652E-01 -1.5338111E+00 -5.6057094E-01 -2.3031568E+00 -1.8644887E-01
-1.0620914E+00 6.4438759E-01 -1.5048473E+00 -3.1042041E-01 -2.3971294E+00 8.4216825E-02
-9.8130369E-01 7.6680597E-01 -1.4579135E+00 5.6939386E-03 -2.5341261E+00 2.8995001E-01
-9.3361598E-01 8.9146206E-01 -1.3994051E+00 2.8009159E-01 -2.6957961E+00 4.4991754E-01
-9.1551280E-01 9.6251553E-01 -1.2969129E+00 5.0000000E-01 -2.7779544E+00 5.0000000E-01
