-1.3571529E+00 3.2865955E-01 -1.6813824E+00 -1.0273388E+00 -2.0100217E+00 -7.1996796E-01
-1.3997576E+00 2.2173647E-01 -1.6176844E+00 -1.1778227E+00 -1.8396221E+00 -9.7108734E-01
-1.3891801E+00 1.4369903E-01 -1.5319199E+00 -1.2481256E+00 -1.6749822E+00 -1.1123095E+00
-1.2339845E+00 1.8931320E-01 -1.4240553E+00 -1.0455283E+00 -1.6007969E+00 -8.6369600E-01
-9.7395496E-01 1.9570437E-01 -1.1705242E+00 -7.7693643E-01 -1.3563034E+00 -5.9855368E-01
-7.5515720E-01 1.8439830E-01 -9.3679005E-01 -5.7118297E-01 -1.1206966E+00 -3.9773702E-01
-7.0321857E-01 2.0232556E-01 -9.0371164E-01 -5.0041133E-01 -1.1059650E+00 -3.1251492E-01
-8.2780893E-01 2.1668424E-01 -1.0417433E+00 -6.1291961E-01 -1.2644474E+00 -4.0947086E-01
-1.0333456E+00 2.2026899E-01 -1.2545015E+00 -8.1358792E-01 -1.4694880E+00 -6.0821165E-01
-1.1986238E+00 2.3760334E-01 -1.4353354E+00 -9.6331451E-01 -1.6742162E+00 -7.4820329E-01
-1.2529949E+00 2.7248502E-01 -1.5067186E+00 -9.7018548E-01 -1.8115383E+00 -7.4010010E-01
-1.2130223E+00 3.0978049E-01 -1.4875860E+00 -8.8502564E-01 -1.8628275E+00 -6.4244807E-01
-1.1345237E+00 3.4962261E-01 -1.4400714E+00 -7.5761864E-01 -1.8290801E+00 -4.6508817E-01
-1.0687580E+00 3.8346235E-01 -1.4076454E+00 -6.5140277E-01 -1.8298329E+00 -3.4297356E-01
-1.0367946E+00 4.0687992E-01 -1.3810967E+00 -5.9954193E-01 -1.8562257E+00 -2.5250914E-01
-1.0360915E+00 4.5580819E-01 -1.3995001E+00 -5.3283095E-01 -1.9726622E+00 -1.7468661E-01
-1.0640926E+00 5.6752376E-01 -1.5250451E+00 -4.0846143E-01 -2.2166173E+00 -2.2797536E-02
-1.1139579E+00 7.3067439E-01 -1.7198346E+00 -2.0611509E-01 -2.5323437E+00 1.7492526E-01
-1.1615267E+00 9.0023426E-01 -1.8158955E+00 9.3672868E-02 -2.8460398E+00 3.5044246E-01
-1.1817129E+00 9.9153572E-01 -1.9055205E+00 2.1744383E-01 -3.5000000E+00 5.0000000E-01
