-1.1976673E+00 3.1857046E-01 -1.5093923E+00 -8.8128654E-01 -1.8215317E+00 -5.6340751E-01
-1.1882754E+00 2.1193297E-01 -1.3967792E+00 -9.7905519E-01 -1.6014372E+00 -7.6487496E-01
-1.1563714E+00 1.4445521E-01 -1.3015244E+00 -1.0121723E+00 -1.4380185E+00 -8.7533076E-01
-1.0915324E+00 1.8174898E-01 -1.2725969E+00 -9.0957152E-01 -1.4495652E+00 -7.4144249E-01
-1.0037547E+00 1.8890204E-01 -1.1892652E+00 -8.1769661E-01 -1.3818133E+00 -6.3771847E-01
-9.2185651E-01 1.8506285E-01 -1.1073385E+00 -7.3696295E-01 -1.2898969E+00 -5.6917756E-01
-8.7358102E-01 1.9917209E-01 -1.0728397E+00 -6.7561508E-01 -1.2640197E+00 -4.8599993E-01
-8.7844665E-01 2.0921492E-01 -1.0844524E+00 -6.7113158E-01 -1.2877822E+00 -4.6708009E-01
-9.3001917E-01 2.1581687E-01 -1.1429759E+00 -7.1470728E-01 -1.3636322E+00 -5.1360611E-01
-1.0023662E+00 2.3131869E-01 -1.2306679E+00 -7.7339807E-01 -1.4651076E+00 -5.5895133E-01
-1.0567515E+00 2.5914912E-01 -1.2940284E+00 -7.9310021E-01 -1.5931895E+00 -5.6717470E-01
-1.0713370E+00 3.0017492E-01 -1.3285842E+00 -7.5643629E-01 -1.6676059E+00 -4.9058874E-01
-1.0643608E+00 3.5197939E-01 -1.3496175E+00 -6.8006278E-01 -1.7727706E+00 -3.9497668E-01
-1.0805288E+00 4.0757303E-01 -1.3988872E+00 -6.2731552E-01 -1.9110328E+00 -3.2557915E-01
-1.1588695E+00 4.5010352E-01 -1.5106350E+00 -6.6522104E-01 -2.0717890E+00 -3.2651269E-01
-1.3021050E+00 4.9413554E-01 -1.6900503E+00 -7.5637609E-01 -2.3114183E+00 -3.7959119E-01
-1.4829926E+00 5.7208747E-01 -1.9823087E+00 -8.5681287E-01 -2.6462750E+00 -4.0133266E-01
-1.6492983E+00 7.0750075E-01 -2.3971570E+00 -9.0905538E-01 -2.9711177E+00 -2.8729421E-01
-1.7569902E+00 8.6884632E-01 -2.8738593E+00 -1.0080171E+00 -3.2907008E+00 -1.3432213E-01
-1.7970152E+00 9.6201613E-01 -3.0549174E+00 -9.7294330E-01 -3.5000000E+00 -1.0324681E-01
