-1.4015882E+00 3.2119994E-01 -1.7263868E+00 -1.0776690E+00 -2.0255822E+00 -7.7805344E-01
-1.3190867E+00 2.1366355E-01 -1.5343962E+00 -1.1069131E+00 -1.7369656E+00 -9.0487445E-01
-1.1503781E+00 1.5011771E-01 -1.2996919E+00 -1.0017515E+00 -1.4486743E+00 -8.6226236E-01
-9.9080434E-01 1.8992027E-01 -1.1805887E+00 -8.0346606E-01 -1.3691702E+00 -6.2508436E-01
-9.1319560E-01 1.8923379E-01 -1.1006845E+00 -7.2494770E-01 -1.2877050E+00 -5.4324055E-01
-9.0918718E-01 1.8667740E-01 -1.0931906E+00 -7.2246030E-01 -1.2777534E+00 -5.4418471E-01
-9.1311693E-01 1.9857483E-01 -1.1116961E+00 -7.1465065E-01 -1.3006652E+00 -5.3100978E-01
-8.7857603E-01 2.0839812E-01 -1.0859594E+00 -6.7084013E-01 -1.2896128E+00 -4.7123966E-01
-8.2407013E-01 2.1727476E-01 -1.0398492E+00 -6.0882801E-01 -1.2580509E+00 -4.0506563E-01
-8.0724041E-01 2.2803508E-01 -1.0296238E+00 -5.8128545E-01 -1.2612032E+00 -3.6273295E-01
-8.7743293E-01 2.4928821E-01 -1.1225215E+00 -6.3042256E-01 -1.3775705E+00 -3.9748561E-01
-1.0362278E+00 2.8212807E-01 -1.3158931E+00 -7.5190717E-01 -1.5957548E+00 -5.0295905E-01
-1.2409956E+00 3.3199029E-01 -1.5368712E+00 -8.8689763E-01 -1.9329228E+00 -6.2714884E-01
-1.4282795E+00 3.9578483E-01 -1.7687459E+00 -1.0032233E+00 -2.2328004E+00 -6.6992599E-01
-1.5506556E+00 4.5978193E-01 -1.9155716E+00 -1.0363985E+00 -2.4871881E+00 -6.9472292E-01
-1.5938937E+00 5.3163715E-01 -1.9927800E+00 -9.9248653E-01 -2.7195782E+00 -6.2356517E-01
-1.5752004E+00 6.3335254E-01 -2.0773960E+00 -8.3399030E-01 -2.8934052E+00 -4.2380343E-01
-1.5322254E+00 7.7552558E-01 -2.2466840E+00 -6.0220180E-01 -3.0290642E+00 -1.2937815E-01
-1.4951007E+00 9.3330164E-01 -2.5398754E+00 -4.5383627E-01 -3.1850618E+00 1.4189744E-01
-1.4794592E+00 1.0228304E+00 -2.6294612E+00 -3.2741888E-01 -3.5000000E+00 5.0000000E-01
