-1.3002637E+00 3.2329785E-01 -1.6227193E+00 -9.7427859E-01 -1.9307678E+00 -6.7074913E-01
-1.2914902E+00 2.2002526E-01 -1.5101053E+00 -1.0698097E+00 -1.7206735E+00 -8.6239057E-01
-1.2640672E+00 1.4551602E-01 -1.4100085E+00 -1.1198768E+00 -1.5516592E+00 -9.8470148E-01
-1.2153892E+00 1.8805131E-01 -1.4041394E+00 -1.0288276E+00 -1.5765651E+00 -8.4599584E-01
-1.1548733E+00 1.9694873E-01 -1.3495614E+00 -9.5951210E-01 -1.5413559E+00 -7.6526037E-01
-1.0829339E+00 1.9023564E-01 -1.2736490E+00 -8.9194087E-01 -1.4584403E+00 -7.1817412E-01
-1.0002533E+00 2.0268454E-01 -1.2013875E+00 -7.9800987E-01 -1.4021177E+00 -6.0743911E-01
-9.2364231E-01 2.1861688E-01 -1.1413455E+00 -7.0903606E-01 -1.3560473E+00 -4.9869435E-01
-8.7264662E-01 2.1841747E-01 -1.0891826E+00 -6.5630667E-01 -1.3047478E+00 -4.4388373E-01
-8.5193699E-01 2.3104208E-01 -1.0770155E+00 -6.2315496E-01 -1.3147411E+00 -4.0427465E-01
-8.5349754E-01 2.5792256E-01 -1.1071774E+00 -5.9812141E-01 -1.3726921E+00 -3.6240477E-01
-8.9008249E-01 2.8386028E-01 -1.1548113E+00 -5.9662862E-01 -1.4745701E+00 -3.5040092E-01
-9.8005794E-01 3.1756934E-01 -1.2616293E+00 -6.4017052E-01 -1.6470548E+00 -3.9650770E-01
-1.1206388E+00 3.7151643E-01 -1.4479835E+00 -7.2465348E-01 -1.8497923E+00 -4.0611470E-01
-1.2852557E+00 4.2794370E-01 -1.6299157E+00 -8.1825119E-01 -2.1528467E+00 -4.8123995E-01
-1.4378714E+00 4.9410814E-01 -1.8111031E+00 -8.8348119E-01 -2.4564817E+00 -5.2944611E-01
-1.5503648E+00 5.9019262E-01 -2.0483576E+00 -8.9457955E-01 -2.7644377E+00 -4.3942683E-01
-1.6225518E+00 7.4180299E-01 -2.4158307E+00 -8.3530163E-01 -3.0238502E+00 -2.4444171E-01
-1.6653139E+00 9.1401276E-01 -2.8282856E+00 -8.0615502E-01 -3.2699111E+00 -1.3830913E-02
-1.6816122E+00 1.0056002E+00 -2.9791417E+00 -7.4826229E-01 -3.5000000E+00 5.0000000E-01
