-1.4380037E+00 3.2086265E-01 -1.7556480E+00 -1.1197326E+00 -2.0676477E+00 -8.1263548E-01
-1.3741051E+00 2.1375082E-01 -1.5861600E+00 -1.1600978E+00 -1.7910363E+00 -9.5746013E-01
-1.2325319E+00 1.4484651E-01 -1.3775892E+00 -1.0868448E+00 -1.5190659E+00 -9.5396210E-01
-1.0640883E+00 1.8684407E-01 -1.2527827E+00 -8.7907356E-01 -1.4303543E+00 -6.9945633E-01
-9.2526092E-01 1.9166666E-01 -1.1173308E+00 -7.3451322E-01 -1.3044454E+00 -5.5791165E-01
-8.5349020E-01 1.8654048E-01 -1.0375609E+00 -6.6710639E-01 -1.2222497E+00 -4.9350302E-01
-8.5814903E-01 1.9796040E-01 -1.0549834E+00 -6.6218188E-01 -1.2507024E+00 -4.7171969E-01
-9.2581146E-01 2.0662415E-01 -1.1279678E+00 -7.2248181E-01 -1.3355076E+00 -5.1909487E-01
-1.0117230E+00 2.1384902E-01 -1.2224963E+00 -8.0107932E-01 -1.4445366E+00 -6.0047705E-01
-1.0757528E+00 2.3594478E-01 -1.3087068E+00 -8.4195763E-01 -1.5453952E+00 -6.1767908E-01
-1.1086719E+00 2.6722106E-01 -1.3570333E+00 -8.2340534E-01 -1.6529730E+00 -6.1301323E-01
-1.1322276E+00 3.0819086E-01 -1.4106041E+00 -8.0964165E-01 -1.7794404E+00 -5.5908175E-01
-1.1841452E+00 3.5994825E-01 -1.4776089E+00 -7.9344050E-01 -1.9026897E+00 -5.0561110E-01
-1.2746009E+00 4.1632155E-01 -1.6020920E+00 -8.2636139E-01 -2.1134660E+00 -4.9544553E-01
-1.3726809E+00 4.7213240E-01 -1.7266913E+00 -8.4275982E-01 -2.3423650E+00 -5.0012471E-01
-1.4404280E+00 5.3257837E-01 -1.8300621E+00 -8.3120190E-01 -2.5518996E+00 -4.7742992E-01
-1.4726038E+00 6.2422885E-01 -1.9779477E+00 -7.5796434E-01 -2.7602543E+00 -3.2507388E-01
-1.4846688E+00 7.6649144E-01 -2.2016763E+00 -5.9069335E-01 -3.0195351E+00 -1.3013050E-01
-1.4922010E+00 9.2589502E-01 -2.4467725E+00 -4.0008416E-01 -3.1830680E+00 1.4956430E-01
-1.4959226E+00 1.0130585E+00 -2.6373556E+00 -3.7527562E-01 -3.5000000E+00 5.0000000E-01
