-9.2453743E-01 3.1996423E-01 -1.2442776E+00 -6.0295732E-01 -1.5478462E+00 -2.9807410E-01
-8.7485411E-01 2.1415285E-01 -1.0870087E+00 -6.6348064E-01 -1.2960202E+00 -4.5630668E-01
-8.3742814E-01 1.4666003E-01 -9.8271639E-01 -6.9355792E-01 -1.1302882E+00 -5.4957784E-01
-9.0888868E-01 1.8630237E-01 -1.0953877E+00 -7.2078148E-01 -1.2720522E+00 -5.4807479E-01
-1.0972733E+00 1.8624249E-01 -1.2839223E+00 -9.1288970E-01 -1.4612336E+00 -7.3662632E-01
-1.2832548E+00 1.8335342E-01 -1.4673887E+00 -1.0993278E+00 -1.6430776E+00 -9.3023071E-01
-1.3200153E+00 1.9777238E-01 -1.5170259E+00 -1.1246615E+00 -1.7139814E+00 -9.3947251E-01
-1.1726059E+00 2.1159169E-01 -1.3749994E+00 -9.5321000E-01 -1.5944068E+00 -7.6931056E-01
-9.5576104E-01 2.2505306E-01 -1.1785912E+00 -7.3364734E-01 -1.4057822E+00 -5.2237127E-01
-8.3708084E-01 2.4699156E-01 -1.0713481E+00 -5.8101913E-01 -1.3329399E+00 -3.6762817E-01
-8.9509291E-01 2.7722539E-01 -1.1556254E+00 -6.0121756E-01 -1.4589552E+00 -3.8009658E-01
-1.0847361E+00 3.1488533E-01 -1.3624875E+00 -7.4748466E-01 -1.7427182E+00 -5.0802801E-01
-1.2876839E+00 3.5180016E-01 -1.5772120E+00 -9.0126018E-01 -2.0026703E+00 -6.2911263E-01
-1.3939246E+00 3.9486288E-01 -1.7121617E+00 -9.7290841E-01 -2.1794836E+00 -6.4143808E-01
-1.3651278E+00 4.5777336E-01 -1.7081940E+00 -8.7364851E-01 -2.2842327E+00 -4.9862760E-01
-1.2412447E+00 5.3370776E-01 -1.6114852E+00 -6.4972494E-01 -2.3426213E+00 -2.6103044E-01
-1.1082541E+00 6.2378675E-01 -1.5637146E+00 -4.0879982E-01 -2.4207203E+00 3.8040189E-02
-1.0291087E+00 7.4473035E-01 -1.5507469E+00 -1.0382496E-01 -2.5431102E+00 2.7272891E-01
-1.0039487E+00 8.8362028E-01 -1.5279812E+00 2.1060646E-01 -2.7315894E+00 4.3515327E-01
-1.0018319E+00 9.6425385E-01 -1.4116957E+00 4.9504683E-01 -2.8249960E+00 5.0000000E-01
