-1.1921830E+00 3.1467141E-01 -1.5012745E+00 -8.8437874E-01 -1.8043796E+00 -5.6026174E-01
-1.0784202E+00 2.1035424E-01 -1.2872430E+00 -8.7323843E-01 -1.4898390E+00 -6.5658731E-01
-8.7709466E-01 1.4253184E-01 -1.0195448E+00 -7.3714780E-01 -1.1534659E+00 -5.9432446E-01
-7.6307445E-01 1.8012968E-01 -9.3827189E-01 -5.8624170E-01 -1.1257669E+00 -4.1259469E-01
-8.4987093E-01 1.8559184E-01 -1.0345395E+00 -6.6728905E-01 -1.2182339E+00 -4.8656441E-01
-1.0714660E+00 1.8560428E-01 -1.2575394E+00 -8.8753573E-01 -1.4311166E+00 -7.0247665E-01
-1.2458968E+00 2.0073560E-01 -1.4444987E+00 -1.0464867E+00 -1.6415244E+00 -8.5290021E-01
-1.2508141E+00 2.1016687E-01 -1.4576224E+00 -1.0446052E+00 -1.6701834E+00 -8.3826243E-01
-1.1044308E+00 2.1729960E-01 -1.3222106E+00 -8.8948280E-01 -1.5316435E+00 -6.7735595E-01
-9.2553454E-01 2.3467500E-01 -1.1555201E+00 -6.9611794E-01 -1.3931338E+00 -4.7151925E-01
-8.3360908E-01 2.5776883E-01 -1.0731479E+00 -5.6563706E-01 -1.3647811E+00 -3.4816808E-01
-8.6271387E-01 2.8167544E-01 -1.1134843E+00 -5.6952516E-01 -1.4240129E+00 -3.1405350E-01
-9.6897901E-01 3.1714328E-01 -1.2381068E+00 -6.3497280E-01 -1.6369240E+00 -3.9056360E-01
-1.1032600E+00 3.7939790E-01 -1.4167898E+00 -6.9507159E-01 -1.8554586E+00 -3.9008301E-01
-1.2521328E+00 4.4095067E-01 -1.6051221E+00 -7.6683735E-01 -2.1453979E+00 -4.2812874E-01
-1.4086006E+00 4.8269139E-01 -1.7867245E+00 -8.7077277E-01 -2.4087869E+00 -5.1527988E-01
-1.5669694E+00 5.4888495E-01 -2.0326903E+00 -9.4528299E-01 -2.6797202E+00 -5.4378915E-01
-1.7054176E+00 6.8633228E-01 -2.4314830E+00 -9.8453034E-01 -2.9773307E+00 -3.8626615E-01
-1.7873606E+00 8.6057849E-01 -2.9260829E+00 -1.0774306E+00 -3.2784945E+00 -1.8349104E-01
-1.8126898E+00 9.6336923E-01 -3.0755811E+00 -9.9889104E-01 -3.5000000E+00 -1.1520967E-01
