-1.1020168E+00 3.2032138E-01 -1.4192369E+00 -7.8225648E-01 -1.7319027E+00 -4.7807762E-01
-1.0398387E+00 2.1548003E-01 -1.2544326E+00 -8.2613709E-01 -1.4642746E+00 -6.1880022E-01
-9.4711290E-01 1.4600839E-01 -1.0928557E+00 -8.0082943E-01 -1.2374343E+00 -6.6379641E-01
-9.2236647E-01 1.8090903E-01 -1.1017487E+00 -7.4280632E-01 -1.2825831E+00 -5.6931355E-01
-9.9675250E-01 1.8632267E-01 -1.1818675E+00 -8.0914266E-01 -1.3682642E+00 -6.3619944E-01
-1.1186821E+00 1.8882616E-01 -1.3069704E+00 -9.2832286E-01 -1.4893672E+00 -7.5191220E-01
-1.1928147E+00 2.0328147E-01 -1.3948420E+00 -9.9131231E-01 -1.5931227E+00 -7.8912550E-01
-1.1587013E+00 2.1137833E-01 -1.3709530E+00 -9.4715594E-01 -1.5785623E+00 -7.5095319E-01
-1.0461607E+00 2.1673578E-01 -1.2619530E+00 -8.3149067E-01 -1.4740522E+00 -6.2339415E-01
-9.2136132E-01 2.2676127E-01 -1.1490884E+00 -6.9559656E-01 -1.3643768E+00 -4.7701970E-01
-8.2641416E-01 2.4781911E-01 -1.0595277E+00 -5.7023077E-01 -1.3262453E+00 -3.5067052E-01
-8.0265810E-01 2.8182334E-01 -1.0646803E+00 -5.0922380E-01 -1.3801709E+00 -2.7478630E-01
-8.9273679E-01 3.2149489E-01 -1.1803466E+00 -5.5035870E-01 -1.5669015E+00 -2.9654932E-01
-1.0952644E+00 3.6208592E-01 -1.4184197E+00 -7.1058375E-01 -1.8613163E+00 -4.3164577E-01
-1.3548251E+00 4.1000600E-01 -1.7030254E+00 -9.1686289E-01 -2.1910161E+00 -5.6830349E-01
-1.5852507E+00 4.8056853E-01 -1.9893613E+00 -1.0574462E+00 -2.5675409E+00 -6.7923634E-01
-1.7257776E+00 5.9244753E-01 -2.2714687E+00 -1.0689974E+00 -2.9413287E+00 -6.3666827E-01
-1.7717069E+00 7.4609451E-01 -2.5734471E+00 -9.6744031E-01 -3.1388856E+00 -3.6238139E-01
-1.7676487E+00 9.0315195E-01 -2.9727446E+00 -1.0040780E+00 -3.3430058E+00 -1.1632926E-01
-1.7569439E+00 9.9111002E-01 -3.1114946E+00 -9.4966015E-01 -3.5000000E+00 5.0000000E-01
