-1.8887255E+00 3.1555753E-01 -2.2005099E+00 -1.5747991E+00 -2.5112947E+00 -1.2699592E+00
-1.7235972E+00 2.1642255E-01 -1.9385969E+00 -1.5065418E+00 -2.1467609E+00 -1.3018495E+00
-1.3460786E+00 1.4993009E-01 -1.4942073E+00 -1.1957118E+00 -1.6451353E+00 -1.0586279E+00
-9.4979121E-01 1.8724857E-01 -1.1363791E+00 -7.6412116E-01 -1.3174561E+00 -5.8451852E-01
-7.5291883E-01 1.8839841E-01 -9.4053833E-01 -5.6480080E-01 -1.1246758E+00 -3.8878184E-01
-8.2578090E-01 1.8324499E-01 -1.0067151E+00 -6.4351202E-01 -1.1846669E+00 -4.6919533E-01
-1.0551180E+00 2.0820709E-01 -1.2605754E+00 -8.4910998E-01 -1.4666622E+00 -6.4950724E-01
-1.2416554E+00 2.1621970E-01 -1.4576231E+00 -1.0265957E+00 -1.6708677E+00 -8.2316784E-01
-1.2641440E+00 2.2372351E-01 -1.4847119E+00 -1.0425797E+00 -1.7061430E+00 -8.2684287E-01
-1.1340904E+00 2.5008498E-01 -1.3700379E+00 -8.7521390E-01 -1.6367304E+00 -6.6003344E-01
-9.6471388E-01 2.7594218E-01 -1.2131916E+00 -6.7353736E-01 -1.5323981E+00 -4.4855605E-01
-8.7562147E-01 2.9938561E-01 -1.1401033E+00 -5.5971356E-01 -1.4625352E+00 -2.9865610E-01
-9.1305984E-01 3.4327626E-01 -1.2245069E+00 -5.6112431E-01 -1.6139921E+00 -2.8501201E-01
-1.0516043E+00 3.9820573E-01 -1.3820888E+00 -6.3006055E-01 -1.8344529E+00 -2.9017778E-01
-1.2168270E+00 4.4460299E-01 -1.5419436E+00 -7.3188202E-01 -2.1299654E+00 -3.9363691E-01
-1.3418993E+00 5.0077499E-01 -1.7011907E+00 -7.7983522E-01 -2.4137057E+00 -4.2814581E-01
-1.4148399E+00 6.0400530E-01 -1.9001503E+00 -7.2342937E-01 -2.6650914E+00 -3.0519514E-01
-1.4540124E+00 7.6204720E-01 -2.1768156E+00 -5.6765591E-01 -2.9205519E+00 -7.2281686E-02
-1.4751464E+00 9.3062928E-01 -2.4295844E+00 -3.6516648E-01 -3.1726545E+00 1.5644165E-01
-1.4809676E+00 1.0200088E+00 -2.5697311E+00 -2.8731138E-01 -3.5000000E+00 5.0000000E-01
