-1.6408556E+00 3.2968083E-01 -1.9714936E+00 -1.3143690E+00 -2.2901643E+00 -1.0002283E+00
-1.4908507E+00 2.2549519E-01 -1.7151757E+00 -1.2645961E+00 -1.9386856E+00 -1.0585663E+00
-1.1806562E+00 1.5104382E-01 -1.3308418E+00 -1.0318664E+00 -1.4875499E+00 -8.9126446E-01
-8.7832558E-01 1.8715042E-01 -1.0641512E+00 -6.9310301E-01 -1.2487210E+00 -5.1402479E-01
-7.3254556E-01 1.9254346E-01 -9.2325979E-01 -5.4082121E-01 -1.1135704E+00 -3.5542517E-01
-7.8884084E-01 1.8806138E-01 -9.6867141E-01 -5.9553839E-01 -1.1693090E+00 -4.2906202E-01
-9.8564733E-01 2.0690581E-01 -1.1893658E+00 -7.7965564E-01 -1.4018180E+00 -5.8678828E-01
-1.2182595E+00 2.2529495E-01 -1.4428439E+00 -9.9011799E-01 -1.6614679E+00 -7.8448859E-01
-1.3837872E+00 2.3883416E-01 -1.6099902E+00 -1.1359958E+00 -1.8665731E+00 -9.2880094E-01
-1.4324544E+00 2.6339766E-01 -1.6763213E+00 -1.1603989E+00 -1.9718456E+00 -9.3295629E-01
-1.3686955E+00 2.9564713E-01 -1.6337241E+00 -1.0566608E+00 -1.9900442E+00 -8.2032991E-01
-1.2164449E+00 3.3045686E-01 -1.4945880E+00 -8.6403195E-01 -1.8773710E+00 -5.8464723E-01
-1.0181368E+00 3.7056978E-01 -1.3214165E+00 -6.3467072E-01 -1.7482265E+00 -3.0874683E-01
-8.3823074E-01 3.9939070E-01 -1.1606966E+00 -4.2956365E-01 -1.6009482E+00 -7.1696932E-02
-7.3733896E-01 4.1843568E-01 -1.0626765E+00 -3.0005291E-01 -1.5602442E+00 5.6175155E-02
-7.5008229E-01 4.4926467E-01 -1.0902144E+00 -2.6569588E-01 -1.6749362E+00 9.7455943E-02
-8.6344253E-01 5.3411793E-01 -1.2856439E+00 -2.6419284E-01 -1.9465806E+00 1.3504355E-01
-1.0138024E+00 6.8865489E-01 -1.5906498E+00 -1.9148265E-01 -2.3556792E+00 2.3659408E-01
-1.1288040E+00 8.6728748E-01 -1.7923104E+00 3.3286579E-02 -2.7575376E+00 3.7221793E-01
-1.1735928E+00 9.6677083E-01 -1.9140906E+00 1.3980107E-01 -3.5000000E+00 5.0000000E-01
