-1.4190939E+00 3.2007773E-01 -1.7399466E+00 -1.1013310E+00 -2.0443739E+00 -7.9069497E-01
-1.3701551E+00 2.1665000E-01 -1.5865099E+00 -1.1587569E+00 -1.7969491E+00 -9.4137331E-01
-1.2558414E+00 1.4585851E-01 -1.4014642E+00 -1.1112738E+00 -1.5457602E+00 -9.7144292E-01
-1.1005684E+00 1.8272108E-01 -1.2808398E+00 -9.1992628E-01 -1.4630363E+00 -7.4357462E-01
-9.4588432E-01 1.8850089E-01 -1.1334152E+00 -7.6011547E-01 -1.3154943E+00 -5.7792223E-01
-8.3287144E-01 1.8653186E-01 -1.0166952E+00 -6.4601213E-01 -1.1978590E+00 -4.6613447E-01
-7.9258335E-01 2.0062392E-01 -9.9367118E-01 -5.9193060E-01 -1.1829703E+00 -3.9983994E-01
-8.5158692E-01 2.1608633E-01 -1.0683826E+00 -6.3674897E-01 -1.2807592E+00 -4.3548129E-01
-1.0194960E+00 2.1991181E-01 -1.2386071E+00 -8.0002197E-01 -1.4575980E+00 -5.9653830E-01
-1.2337734E+00 2.3553797E-01 -1.4556223E+00 -9.8780629E-01 -1.7046349E+00 -7.8569093E-01
-1.3817439E+00 2.6741442E-01 -1.6249711E+00 -1.1032024E+00 -1.9341515E+00 -8.7368378E-01
-1.3765976E+00 3.0477091E-01 -1.6451071E+00 -1.0516648E+00 -1.9867925E+00 -7.8811994E-01
-1.2253916E+00 3.5517123E-01 -1.5311439E+00 -8.4155983E-01 -1.9453304E+00 -5.5308677E-01
-1.0189454E+00 4.1117921E-01 -1.3631674E+00 -5.6717466E-01 -1.8457643E+00 -2.4357760E-01
-8.7299944E-01 4.4541500E-01 -1.2430411E+00 -3.8532045E-01 -1.7613954E+00 -3.0818293E-02
-8.6985679E-01 4.6148692E-01 -1.2252442E+00 -3.5066674E-01 -1.8032528E+00 -2.1483366E-02
-1.0095993E+00 5.3109256E-01 -1.4387419E+00 -4.1655760E-01 -2.0925560E+00 -1.5368309E-02
-1.2125737E+00 6.9309338E-01 -1.8540473E+00 -4.1493367E-01 -2.5516458E+00 7.1654041E-02
-1.3798895E+00 8.7653250E-01 -2.3445498E+00 -4.2550646E-01 -2.9946178E+00 2.0652361E-01
-1.4526264E+00 9.7401775E-01 -2.5258889E+00 -3.8473812E-01 -3.5000000E+00 5.0000000E-01
