-1.1739006E+00 3.2811203E-01 -1.4973453E+00 -8.5050279E-01 -1.8187007E+00 -5.1675315E-01
-1.1533746E+00 2.2033197E-01 -1.3710538E+00 -9.3430658E-01 -1.5923848E+00 -7.2384523E-01
-1.1182114E+00 1.4560780E-01 -1.2608991E+00 -9.7463941E-01 -1.4064144E+00 -8.3260007E-01
-1.0778834E+00 1.8687799E-01 -1.2630441E+00 -8.9596589E-01 -1.4479806E+00 -7.1034659E-01
-1.0340879E+00 1.9392809E-01 -1.2283538E+00 -8.4115031E-01 -1.4143580E+00 -6.5456609E-01
-1.0018416E+00 1.8860570E-01 -1.1870228E+00 -8.1568571E-01 -1.3812042E+00 -6.3800629E-01
-9.9548945E-01 2.0527550E-01 -1.1968788E+00 -7.9324679E-01 -1.4021852E+00 -5.9612985E-01
-1.0057724E+00 2.1803019E-01 -1.2193309E+00 -7.8648298E-01 -1.4401923E+00 -5.8815316E-01
-1.0215930E+00 2.2352896E-01 -1.2338261E+00 -7.8851444E-01 -1.4686314E+00 -6.0086224E-01
-1.0407164E+00 2.3793038E-01 -1.2772598E+00 -8.0603817E-01 -1.5095956E+00 -5.7826371E-01
-1.0658269E+00 2.6203964E-01 -1.3240241E+00 -8.0875074E-01 -1.5972330E+00 -5.6501289E-01
-1.0831160E+00 2.9218753E-01 -1.3688354E+00 -7.9636668E-01 -1.6868869E+00 -5.2833711E-01
-1.0663813E+00 3.3000866E-01 -1.3651892E+00 -7.2519482E-01 -1.7246417E+00 -4.2666895E-01
-1.0257503E+00 3.7583597E-01 -1.3479013E+00 -6.1497068E-01 -1.7745356E+00 -3.1024680E-01
-1.0016961E+00 4.2019316E-01 -1.3502118E+00 -5.4530388E-01 -1.8467414E+00 -2.0796917E-01
-1.0358458E+00 4.6344867E-01 -1.4085555E+00 -5.4275859E-01 -1.9886449E+00 -1.5874338E-01
-1.1360179E+00 5.5167767E-01 -1.5888131E+00 -5.1697690E-01 -2.2603340E+00 -1.0853607E-01
-1.2651670E+00 7.1157190E-01 -1.9257766E+00 -4.4205204E-01 -2.6397032E+00 4.2622695E-02
-1.3697676E+00 8.9531696E-01 -2.2491270E+00 -2.8317920E-01 -3.0151643E+00 2.1860562E-01
-1.4091587E+00 9.9767920E-01 -2.4228976E+00 -2.0711428E-01 -3.5000000E+00 5.0000000E-01
