-1.2687163E+00 3.2621630E-01 -1.5934122E+00 -9.4063630E-01 -1.9032820E+00 -6.2596767E-01
-1.2046011E+00 2.1963801E-01 -1.4245082E+00 -9.8462877E-01 -1.6305688E+00 -7.6959522E-01
-1.0743775E+00 1.4352459E-01 -1.2190857E+00 -9.3166483E-01 -1.3550901E+00 -7.9351415E-01
-9.6170162E-01 1.8424011E-01 -1.1459910E+00 -7.7768678E-01 -1.3215132E+00 -6.0330121E-01
-9.3031448E-01 1.8713291E-01 -1.1171092E+00 -7.4852316E-01 -1.3017823E+00 -5.6521886E-01
-9.8978861E-01 1.8760486E-01 -1.1746273E+00 -8.0337158E-01 -1.3599741E+00 -6.2252292E-01
-1.0874237E+00 2.0244733E-01 -1.2888836E+00 -8.8624619E-01 -1.4874411E+00 -6.9214697E-01
-1.1628208E+00 2.1290833E-01 -1.3722999E+00 -9.5255459E-01 -1.5839009E+00 -7.4381184E-01
-1.1766858E+00 2.1981284E-01 -1.3919949E+00 -9.6012538E-01 -1.6163978E+00 -7.4545383E-01
-1.1133536E+00 2.4009262E-01 -1.3519634E+00 -8.7584867E-01 -1.5842512E+00 -6.4306025E-01
-9.8684775E-01 2.6280681E-01 -1.2349016E+00 -7.1725265E-01 -1.5207585E+00 -4.8426914E-01
-8.6011307E-01 2.8329645E-01 -1.1217923E+00 -5.6819062E-01 -1.4440069E+00 -3.2665745E-01
-8.0833735E-01 3.2049271E-01 -1.0988146E+00 -4.6820795E-01 -1.4404501E+00 -1.9132198E-01
-8.7143992E-01 3.6101543E-01 -1.1856623E+00 -4.7037426E-01 -1.5870854E+00 -1.9099990E-01
-1.0313644E+00 3.9651649E-01 -1.3754366E+00 -6.0510806E-01 -1.8202255E+00 -2.7668427E-01
-1.2315917E+00 4.5062325E-01 -1.6027972E+00 -7.3810135E-01 -2.1348112E+00 -3.7729241E-01
-1.4252135E+00 5.6518730E-01 -1.9148038E+00 -7.9385336E-01 -2.5559534E+00 -3.5769942E-01
-1.5759958E+00 7.3887839E-01 -2.3604532E+00 -7.8238753E-01 -2.9574833E+00 -2.0036907E-01
-1.6614440E+00 9.1672287E-01 -2.8660097E+00 -8.4589090E-01 -3.2559183E+00 1.3523959E-02
-1.6909925E+00 1.0095688E+00 -3.0334450E+00 -7.9796203E-01 -3.5000000E+00 5.0000000E-01
