-1.2428042E+00 3.3175616E-01 -1.5741073E+00 -9.1193034E-01 -1.8943637E+00 -6.0477470E-01
-1.2171628E+00 2.2469888E-01 -1.4427177E+00 -9.9340913E-01 -1.6578709E+00 -7.8126021E-01
-1.1428285E+00 1.4490028E-01 -1.2862102E+00 -9.9759300E-01 -1.4304995E+00 -8.6118190E-01
-1.0262085E+00 1.8267956E-01 -1.2069803E+00 -8.4723165E-01 -1.3958243E+00 -6.7132517E-01
-8.9929802E-01 1.9150328E-01 -1.0871917E+00 -7.1319687E-01 -1.2848314E+00 -5.2399159E-01
-8.1857901E-01 1.9020850E-01 -1.0105407E+00 -6.2805112E-01 -1.1906108E+00 -4.4744117E-01
-8.4379881E-01 2.0184623E-01 -1.0416725E+00 -6.4507452E-01 -1.2415845E+00 -4.4288853E-01
-9.8513207E-01 2.1304913E-01 -1.1993223E+00 -7.7452045E-01 -1.4041776E+00 -5.7100156E-01
-1.1638894E+00 2.2086214E-01 -1.3880006E+00 -9.4295537E-01 -1.5993463E+00 -7.4218247E-01
-1.2590664E+00 2.4173111E-01 -1.4977615E+00 -1.0237732E+00 -1.7442420E+00 -7.8768783E-01
-1.2217277E+00 2.7583034E-01 -1.4778800E+00 -9.3852619E-01 -1.7870639E+00 -6.9723771E-01
-1.1005940E+00 3.2161618E-01 -1.3840182E+00 -7.6183421E-01 -1.7367415E+00 -4.8418084E-01
-9.9837564E-01 3.6650730E-01 -1.3017725E+00 -5.9870073E-01 -1.7389148E+00 -3.0255467E-01
-9.8586109E-01 3.8735710E-01 -1.3279966E+00 -5.7424107E-01 -1.7599009E+00 -2.3801956E-01
-1.0715294E+00 4.0753096E-01 -1.4161453E+00 -6.3378005E-01 -1.9036219E+00 -2.8379007E-01
-1.2121300E+00 4.6703329E-01 -1.5862580E+00 -6.9507318E-01 -2.1816760E+00 -3.3879918E-01
-1.3460514E+00 5.8525692E-01 -1.8483440E+00 -7.0145963E-01 -2.5360788E+00 -2.3125170E-01
-1.4391540E+00 7.5448059E-01 -2.1539542E+00 -5.6805723E-01 -2.9279610E+00 -8.3903729E-02
-1.4862369E+00 9.3229448E-01 -2.4609716E+00 -3.7987867E-01 -3.1684619E+00 1.5330745E-01
-1.5005357E+00 1.0302556E+00 -2.6639847E+00 -3.3801520E-01 -3.5000000E+00 5.0000000E-01
