-8.7148288E-01 1.6926641E-01 -1.0384779E+00 -7.0455372E-01 -1.2057670E+00 -5.3813047E-01
-8.5674467E-01 1.4360723E-01 -9.9793214E-01 -7.1457829E-01 -1.1383202E+00 -5.7189457E-01
-8.3787154E-01 1.3815749E-01 -9.7285989E-01 -7.0147382E-01 -1.1111884E+00 -5.6503307E-01
-8.4150443E-01 1.1972110E-01 -9.5946711E-01 -7.2212744E-01 -1.0769988E+00 -6.0788799E-01
-9.3800134E-01 1.6251153E-01 -1.0905476E+00 -7.6588442E-01 -1.2666814E+00 -6.3189038E-01
-1.1152841E+00 1.9965393E-01 -1.2917909E+00 -8.9655487E-01 -1.5135782E+00 -7.3607512E-01
-1.2184996E+00 2.1701564E-01 -1.4031392E+00 -9.7439612E-01 -1.6720153E+00 -8.2685903E-01
-1.2459809E+00 2.1765083E-01 -1.4335411E+00 -1.0047611E+00 -1.6978837E+00 -8.4951086E-01
-1.2854504E+00 2.2485514E-01 -1.4893895E+00 -1.0421251E+00 -1.7460903E+00 -8.7002997E-01
-1.2960905E+00 2.3948155E-01 -1.5198698E+00 -1.0409021E+00 -1.7835133E+00 -8.4959608E-01
-1.2804390E+00 2.4138544E-01 -1.5062929E+00 -1.0289599E+00 -1.7682875E+00 -8.2076742E-01
-1.2025211E+00 3.2631320E-01 -1.4988529E+00 -8.6400538E-01 -1.8740997E+00 -5.8538831E-01
-1.1039821E+00 4.5743132E-01 -1.5304555E+00 -6.2351205E-01 -1.9865018E+00 -2.2297997E-01
-1.0074146E+00 6.2316632E-01 -1.5461813E+00 -2.8665199E-01 -2.2168668E+00 1.5221085E-01
-9.6775879E-01 7.1358346E-01 -1.5414078E+00 -9.5748473E-02 -2.3630230E+00 3.2298393E-01
-9.6624191E-01 7.1392277E-01 -1.5301356E+00 -8.4015728E-02 -2.3643352E+00 3.1198933E-01
-9.4844570E-01 7.9052755E-01 -1.4669682E+00 1.2092980E-01 -2.4880473E+00 3.6747826E-01
-9.4364111E-01 8.7918763E-01 -1.4394401E+00 3.1782675E-01 -2.5920752E+00 4.8650861E-01
-9.4792893E-01 8.8058008E-01 -1.4182127E+00 3.4068067E-01 -2.6118056E+00 4.6212165E-01
-9.4870317E-01 9.0858246E-01 -1.4436109E+00 3.7943721E-01 -2.6395023E+00 5.0000000E-01
