-1.1048873E+00 1.7920270E-01 -1.2844532E+00 -9.2652969E-01 -1.4612046E+00 -7.6229806E-01
-1.0951083E+00 1.5471402E-01 -1.2489729E+00 -9.4155535E-01 -1.4049075E+00 -7.9997425E-01
-1.0945567E+00 1.4932296E-01 -1.2411501E+00 -9.4545746E-01 -1.3976218E+00 -8.0982828E-01
-1.0585025E+00 1.2951898E-01 -1.1787649E+00 -9.2426787E-01 -1.3259542E+00 -8.1401572E-01
-9.7905697E-01 1.6465774E-01 -1.1297582E+00 -8.0425952E-01 -1.3152138E+00 -6.6935447E-01
-9.1283698E-01 1.9661484E-01 -1.0875848E+00 -7.0063143E-01 -1.3240680E+00 -5.5328094E-01
-8.9364178E-01 2.1014284E-01 -1.0744409E+00 -6.6299812E-01 -1.3156539E+00 -4.9641739E-01
-8.9744488E-01 2.0825092E-01 -1.0740633E+00 -6.6582851E-01 -1.3144815E+00 -5.0464467E-01
-9.0706344E-01 2.0997140E-01 -1.0983005E+00 -6.8200557E-01 -1.3452440E+00 -5.1894767E-01
-9.1674450E-01 2.2389627E-01 -1.1390949E+00 -6.9268855E-01 -1.3690545E+00 -4.9042224E-01
-9.4793892E-01 2.2690637E-01 -1.1725108E+00 -7.2302377E-01 -1.3974942E+00 -5.0536593E-01
-1.0030023E+00 3.1757377E-01 -1.3073534E+00 -6.8719462E-01 -1.6587956E+00 -4.0228459E-01
-1.0365821E+00 4.5916886E-01 -1.4517245E+00 -5.6128190E-01 -1.9472123E+00 -1.3231067E-01
-1.0510929E+00 6.4230625E-01 -1.5995322E+00 -3.1892198E-01 -2.3113134E+00 1.5318747E-01
-1.0550003E+00 7.4575617E-01 -1.6553937E+00 -1.5197102E-01 -2.5043861E+00 2.9759709E-01
-1.0544369E+00 7.4974492E-01 -1.6476830E+00 -1.3573432E-01 -2.5133117E+00 2.9341096E-01
-1.0641799E+00 8.3872632E-01 -1.6288166E+00 7.3426347E-02 -2.6857284E+00 3.3656871E-01
-1.0739032E+00 9.3205688E-01 -1.6370130E+00 2.7315757E-01 -2.8199882E+00 4.6531264E-01
-1.0739531E+00 9.3182919E-01 -1.6148064E+00 2.9495474E-01 -2.8218843E+00 4.4444925E-01
-1.0762603E+00 9.5741436E-01 -1.6600648E+00 3.1582849E-01 -2.8329069E+00 5.0000000E-01
