-1.2222488E+00 1.6834178E-01 -1.3862178E+00 -1.0534333E+00 -1.5559417E+00 -8.9413018E-01
-1.2033039E+00 1.4445065E-01 -1.3430211E+00 -1.0593347E+00 -1.4943934E+00 -9.2421497E-01
-1.1990264E+00 1.3958806E-01 -1.3351126E+00 -1.0614487E+00 -1.4828365E+00 -9.2849094E-01
-1.1314287E+00 1.2302793E-01 -1.2448314E+00 -1.0046913E+00 -1.3857712E+00 -8.9943228E-01
-9.7549144E-01 1.5719629E-01 -1.1253713E+00 -8.2246905E-01 -1.2998696E+00 -6.7823861E-01
-8.3208358E-01 1.7855897E-01 -9.8812863E-01 -6.4415456E-01 -1.1887650E+00 -4.8790028E-01
-7.8444522E-01 1.8852824E-01 -9.4465838E-01 -5.7995503E-01 -1.1635934E+00 -4.2430405E-01
-7.8631324E-01 1.8745379E-01 -9.4520086E-01 -5.8100578E-01 -1.1652812E+00 -4.3138266E-01
-8.0771752E-01 1.9445834E-01 -9.8157412E-01 -5.9946630E-01 -1.1979603E+00 -4.3480458E-01
-8.2332560E-01 2.1057724E-01 -1.0170351E+00 -6.0226573E-01 -1.2640173E+00 -4.3208471E-01
-9.2326336E-01 2.1831406E-01 -1.1249543E+00 -6.9739234E-01 -1.3693743E+00 -5.1176512E-01
-1.1662478E+00 3.2155675E-01 -1.4573509E+00 -8.2848075E-01 -1.8295823E+00 -5.6434925E-01
-1.4146266E+00 4.6845727E-01 -1.8575324E+00 -9.2024561E-01 -2.3598329E+00 -5.2827180E-01
-1.6495718E+00 6.4198976E-01 -2.3130206E+00 -9.9240566E-01 -2.8838079E+00 -3.8237439E-01
-1.7497961E+00 7.3822352E-01 -2.5667653E+00 -1.0311784E+00 -3.1488446E+00 -3.2916687E-01
-1.7498157E+00 7.4052107E-01 -2.5778401E+00 -1.0334552E+00 -3.1445029E+00 -3.2685904E-01
-1.8066814E+00 8.2840663E-01 -2.8482877E+00 -1.0847901E+00 -3.2859947E+00 -2.4922308E-01
-1.8394170E+00 9.2561180E-01 -3.1830631E+00 -1.1013697E+00 -3.4491802E+00 -1.7270889E-01
-1.8366117E+00 9.2641031E-01 -3.2325085E+00 -1.1034362E+00 -3.4296178E+00 -1.6683320E-01
-1.8432832E+00 9.5682205E-01 -3.1562084E+00 -1.0866197E+00 -3.5000000E+00 -1.6368543E-01
