-1.2589732E+00 1.7588310E-01 -1.4356656E+00 -1.0817099E+00 -1.6032273E+00 -9.1962820E-01
-1.2399777E+00 1.4942297E-01 -1.3902355E+00 -1.0909272E+00 -1.5335000E+00 -9.4911123E-01
-1.2338164E+00 1.4224566E-01 -1.3747522E+00 -1.0918651E+00 -1.5155655E+00 -9.5733880E-01
-1.1678914E+00 1.2206345E-01 -1.2893446E+00 -1.0458012E+00 -1.4137834E+00 -9.3795665E-01
-1.0315989E+00 1.6046070E-01 -1.1893537E+00 -8.7397312E-01 -1.3567293E+00 -7.2543031E-01
-9.1685982E-01 1.9002550E-01 -1.0828324E+00 -7.0703503E-01 -1.3142470E+00 -5.7312050E-01
-8.8225486E-01 2.0532201E-01 -1.0557605E+00 -6.5395432E-01 -1.2947385E+00 -4.9701883E-01
-8.8698636E-01 2.0687097E-01 -1.0610816E+00 -6.5746752E-01 -1.3059335E+00 -5.0233641E-01
-9.0276488E-01 2.1411216E-01 -1.0840376E+00 -6.6384539E-01 -1.3539204E+00 -5.1886421E-01
-9.1480206E-01 2.3019733E-01 -1.1154349E+00 -6.5817475E-01 -1.3924963E+00 -4.9970420E-01
-9.7271557E-01 2.3435152E-01 -1.1885254E+00 -7.2037584E-01 -1.4466531E+00 -5.3732464E-01
-1.1096887E+00 3.2681008E-01 -1.4088273E+00 -7.7017757E-01 -1.7818348E+00 -5.0383809E-01
-1.2460672E+00 4.7321873E-01 -1.6705302E+00 -7.3889154E-01 -2.2261487E+00 -3.6800337E-01
-1.3718726E+00 6.6163412E-01 -1.9847528E+00 -6.4571501E-01 -2.7052784E+00 -1.3348090E-01
-1.4255220E+00 7.6664308E-01 -2.1643852E+00 -5.7166399E-01 -2.9409605E+00 -9.9755422E-04
-1.4268757E+00 7.6878272E-01 -2.1713256E+00 -5.6787444E-01 -2.9422193E+00 -1.6096191E-03
-1.4539528E+00 8.5609563E-01 -2.3222813E+00 -4.6881791E-01 -3.0727530E+00 7.8479382E-02
-1.4694884E+00 9.5143433E-01 -2.5234304E+00 -4.2240737E-01 -3.2314034E+00 2.2461302E-01
-1.4691028E+00 9.5238898E-01 -2.5290863E+00 -4.2100046E-01 -3.2322770E+00 2.2692485E-01
-1.4704319E+00 9.8155254E-01 -2.5629228E+00 -3.9047446E-01 -3.5000000E+00 5.0000000E-01
