-1.3692309E+00 1.8103532E-01 -1.5472571E+00 -1.1899629E+00 -1.7326743E+00 -1.0238304E+00
-1.3394491E+00 1.5700202E-01 -1.4872210E+00 -1.1786502E+00 -1.6565917E+00 -1.0379366E+00
-1.3257513E+00 1.5101495E-01 -1.4677659E+00 -1.1704558E+00 -1.6293338E+00 -1.0354859E+00
-1.2377808E+00 1.3333536E-01 -1.3606952E+00 -1.0966112E+00 -1.5107663E+00 -9.8882417E-01
-1.0787291E+00 1.6734534E-01 -1.2367240E+00 -9.0370526E-01 -1.4192252E+00 -7.6396775E-01
-9.6615932E-01 1.9588919E-01 -1.1408699E+00 -7.5556543E-01 -1.3538945E+00 -5.9321614E-01
-9.3612790E-01 2.1055640E-01 -1.1189424E+00 -7.0922123E-01 -1.3566494E+00 -5.3504745E-01
-9.3543454E-01 2.0927080E-01 -1.1173038E+00 -7.1097166E-01 -1.3592156E+00 -5.3705387E-01
-9.2163596E-01 2.1480812E-01 -1.1147251E+00 -6.9054238E-01 -1.3495739E+00 -5.1143951E-01
-9.1608929E-01 2.2942149E-01 -1.1304641E+00 -6.6939889E-01 -1.3807220E+00 -4.9425657E-01
-9.0585718E-01 2.3341730E-01 -1.1414151E+00 -6.7177975E-01 -1.3701406E+00 -4.6287742E-01
-9.0055375E-01 3.1382643E-01 -1.1936651E+00 -5.7007746E-01 -1.5389071E+00 -3.1372120E-01
-9.1879234E-01 4.3702301E-01 -1.3286353E+00 -4.5187962E-01 -1.8066804E+00 -1.0784681E-01
-9.6771867E-01 5.9933128E-01 -1.5044281E+00 -2.8534433E-01 -2.1388142E+00 1.5529283E-01
-1.0059968E+00 6.9582303E-01 -1.5775962E+00 -1.5584463E-01 -2.3631479E+00 2.5677495E-01
-1.0087614E+00 6.9947609E-01 -1.5789158E+00 -1.5030444E-01 -2.3755689E+00 2.5220441E-01
-1.0537679E+00 7.8717693E-01 -1.6436882E+00 -2.4083442E-02 -2.5761704E+00 3.0018507E-01
-1.0930787E+00 8.8615058E-01 -1.7385467E+00 1.1090841E-01 -2.7460292E+00 4.3558072E-01
-1.0936647E+00 8.8837205E-01 -1.7491232E+00 1.0738169E-01 -2.7449314E+00 4.3092731E-01
-1.1037031E+00 9.2133644E-01 -1.8049458E+00 1.2801674E-01 -2.7683407E+00 5.0000000E-01
