-1.1377973E+00 1.6437251E-01 -1.3026904E+00 -9.7250382E-01 -1.4571978E+00 -8.1911655E-01
-1.1151398E+00 1.3838764E-01 -1.2535267E+00 -9.7861221E-01 -1.3869756E+00 -8.4440421E-01
-1.1082435E+00 1.3208591E-01 -1.2411516E+00 -9.7829803E-01 -1.3687061E+00 -8.4794166E-01
-1.0291753E+00 1.1501395E-01 -1.1383822E+00 -9.1129238E-01 -1.2618711E+00 -8.0735750E-01
-8.6159175E-01 1.4667437E-01 -1.0007733E+00 -7.1007040E-01 -1.1584920E+00 -5.8324516E-01
-7.3031207E-01 1.6371523E-01 -8.8447097E-01 -5.6025087E-01 -1.0622489E+00 -4.2210432E-01
-7.0482225E-01 1.7240284E-01 -8.6273890E-01 -5.2333804E-01 -1.0582362E+00 -3.8466271E-01
-7.2342499E-01 1.6976981E-01 -8.7372138E-01 -5.4185481E-01 -1.0798757E+00 -4.1212656E-01
-7.8111929E-01 1.7829812E-01 -9.4309976E-01 -5.9309711E-01 -1.1353748E+00 -4.4047842E-01
-8.1703564E-01 1.9609834E-01 -9.9612710E-01 -6.0923395E-01 -1.2187837E+00 -4.5477764E-01
-9.8744924E-01 2.1296486E-01 -1.1963185E+00 -7.7648109E-01 -1.4166730E+00 -5.8619163E-01
-1.3518640E+00 3.1453088E-01 -1.6484828E+00 -1.0310214E+00 -1.9915741E+00 -7.5376370E-01
-1.6793101E+00 4.4475535E-01 -2.1197829E+00 -1.2352077E+00 -2.5555985E+00 -7.9411605E-01
-1.9507576E+00 6.0266652E-01 -2.6415948E+00 -1.4322840E+00 -3.0774953E+00 -7.3895342E-01
-2.0470329E+00 6.9492329E-01 -2.8896204E+00 -1.4964027E+00 -3.3132151E+00 -6.5833926E-01
-2.0428092E+00 6.9889470E-01 -2.8935306E+00 -1.4906402E+00 -3.3102012E+00 -6.4949386E-01
-2.0745358E+00 7.8495340E-01 -3.1227850E+00 -1.5641055E+00 -3.3986113E+00 -5.3528938E-01
-2.0849180E+00 8.7993800E-01 -3.3481889E+00 -1.6173490E+00 -3.5000000E+00 -4.2634307E-01
-2.0816596E+00 8.8010530E-01 -3.3696810E+00 -1.6442477E+00 -3.4660125E+00 -3.9814519E-01
-2.0806852E+00 9.1021728E-01 -3.4573402E+00 -1.6626952E+00 -3.5000000E+00 -3.6848765E-01
