-1.3515348E+00 1.7692690E-01 -1.5285096E+00 -1.1755826E+00 -1.6938091E+00 -1.0048407E+00
-1.3374294E+00 1.5226301E-01 -1.4878514E+00 -1.1863908E+00 -1.6411747E+00 -1.0437436E+00
-1.3352691E+00 1.4662904E-01 -1.4809235E+00 -1.1900435E+00 -1.6311978E+00 -1.0543329E+00
-1.2746541E+00 1.3098264E-01 -1.3946590E+00 -1.1367007E+00 -1.5448154E+00 -1.0291305E+00
-1.1256563E+00 1.7046873E-01 -1.2741332E+00 -9.3765120E-01 -1.4812337E+00 -8.1557443E-01
-9.7481075E-01 1.9881253E-01 -1.1477505E+00 -7.5692974E-01 -1.3726528E+00 -6.0052699E-01
-9.1472598E-01 2.1011278E-01 -1.1011866E+00 -6.8699477E-01 -1.3257155E+00 -5.1196730E-01
-9.1030928E-01 2.0766919E-01 -1.0961521E+00 -6.8351600E-01 -1.3176568E+00 -5.1644557E-01
-9.0338583E-01 2.0982609E-01 -1.0994712E+00 -6.7917821E-01 -1.3303893E+00 -5.1667580E-01
-9.0889381E-01 2.2389671E-01 -1.1235855E+00 -6.7371234E-01 -1.3558914E+00 -4.8655288E-01
-9.2368337E-01 2.2737210E-01 -1.1514829E+00 -6.9651318E-01 -1.3748134E+00 -4.8913760E-01
-9.4784529E-01 3.2176523E-01 -1.2612778E+00 -6.2811285E-01 -1.6018917E+00 -3.3548330E-01
-9.5814824E-01 4.6373719E-01 -1.3798257E+00 -4.7268643E-01 -1.8600719E+00 -4.9007123E-02
-9.5836859E-01 6.3901608E-01 -1.4914597E+00 -2.1739975E-01 -2.1822855E+00 2.3824365E-01
-9.6090069E-01 7.3430398E-01 -1.5273967E+00 -5.7154341E-02 -2.3541507E+00 3.7056738E-01
-9.5981889E-01 7.3773177E-01 -1.5264042E+00 -4.7534808E-02 -2.3660773E+00 3.6599050E-01
-9.8133573E-01 8.1606102E-01 -1.5194676E+00 1.0254521E-01 -2.5774133E+00 3.7938900E-01
-1.0059120E+00 9.0174802E-01 -1.5194606E+00 2.7842236E-01 -2.7285634E+00 4.5759064E-01
-1.0073978E+00 9.0312028E-01 -1.4982338E+00 2.9814024E-01 -2.7354012E+00 4.3796125E-01
-1.0127686E+00 9.3267507E-01 -1.5480341E+00 3.2731365E-01 -2.7515698E+00 5.0000000E-01
