-1.1916549E+00 1.8296170E-01 -1.3731419E+00 -1.0097340E+00 -1.5565014E+00 -8.4071427E-01
-1.1985901E+00 1.5804599E-01 -1.3464193E+00 -1.0322968E+00 -1.5170483E+00 -9.0243653E-01
-1.2026062E+00 1.5379407E-01 -1.3478708E+00 -1.0424064E+00 -1.5140841E+00 -9.1205116E-01
-1.2214457E+00 1.3725558E-01 -1.3489497E+00 -1.0767221E+00 -1.5008850E+00 -9.6295331E-01
-1.2433731E+00 1.7305800E-01 -1.4038283E+00 -1.0595799E+00 -1.5956522E+00 -9.1765764E-01
-1.2315534E+00 2.0318392E-01 -1.4335804E+00 -1.0265405E+00 -1.6383889E+00 -8.4504544E-01
-1.2022249E+00 2.1584535E-01 -1.4191295E+00 -9.8215187E-01 -1.6316515E+00 -7.9392805E-01
-1.1790350E+00 2.1343492E-01 -1.3949733E+00 -9.6139705E-01 -1.6005510E+00 -7.7510637E-01
-1.1181187E+00 2.1882362E-01 -1.3381027E+00 -8.9448595E-01 -1.5493296E+00 -6.9665213E-01
-1.0852936E+00 2.3332641E-01 -1.3186558E+00 -8.4788507E-01 -1.5412269E+00 -6.3273948E-01
-9.6544051E-01 2.3631240E-01 -1.2047837E+00 -7.2809837E-01 -1.4225169E+00 -5.0668424E-01
-7.4147021E-01 3.0565619E-01 -1.0181726E+00 -4.1333547E-01 -1.3635263E+00 -1.6962531E-01
-5.7655794E-01 4.0646189E-01 -9.1775625E-01 -1.2472248E-01 -1.3756709E+00 1.8726834E-01
-4.7842919E-01 5.3324836E-01 -8.2569773E-01 1.8432508E-01 -1.5015097E+00 4.4530325E-01
-4.6677855E-01 6.0414572E-01 -8.0435892E-01 2.9596875E-01 -1.6221118E+00 5.0000000E-01
-4.7374730E-01 6.0396455E-01 -7.9895847E-01 2.9379710E-01 -1.6326125E+00 5.0000000E-01
-5.1004275E-01 6.6766947E-01 -8.0140394E-01 3.2715612E-01 -1.8425868E+00 4.9916909E-01
-5.5220510E-01 7.4919065E-01 -8.3684366E-01 4.1230335E-01 -2.0514751E+00 5.0000000E-01
-5.5741589E-01 7.5014528E-01 -8.2989852E-01 4.1302012E-01 -2.0607028E+00 4.9863174E-01
-5.6905462E-01 7.7784741E-01 -8.0361409E-01 5.0000000E-01 -2.1208092E+00 5.0000000E-01
