-1.0580052E+00 1.7476595E-01 -1.2313565E+00 -8.8548337E-01 -1.4056989E+00 -7.1750055E-01
-1.0414998E+00 1.4727606E-01 -1.1878412E+00 -8.9563168E-01 -1.3367759E+00 -7.5906114E-01
-1.0369755E+00 1.4014274E-01 -1.1751783E+00 -8.9827749E-01 -1.3188629E+00 -7.7033048E-01
-9.8514806E-01 1.1488466E-01 -1.0922237E+00 -8.6484650E-01 -1.2180807E+00 -7.7004098E-01
-8.7930119E-01 1.5107579E-01 -1.0283551E+00 -7.2865175E-01 -1.1853706E+00 -5.9521160E-01
-7.9946580E-01 1.7372149E-01 -9.5285820E-01 -6.1827289E-01 -1.1472578E+00 -4.6533754E-01
-7.8446638E-01 1.8123189E-01 -9.4280676E-01 -5.9232615E-01 -1.1473343E+00 -4.3780217E-01
-7.9602427E-01 1.7690108E-01 -9.5082181E-01 -6.0780972E-01 -1.1509035E+00 -4.5646508E-01
-8.3589769E-01 1.8407888E-01 -9.9848462E-01 -6.4257041E-01 -1.2075572E+00 -4.8034441E-01
-8.5897627E-01 2.0127051E-01 -1.0400694E+00 -6.4895254E-01 -1.2843523E+00 -4.8557745E-01
-9.8025388E-01 2.2058091E-01 -1.1860519E+00 -7.5027420E-01 -1.4319390E+00 -5.6671467E-01
-1.2474779E+00 3.2926499E-01 -1.5594458E+00 -9.0258473E-01 -1.9149226E+00 -6.2633042E-01
-1.5018658E+00 4.5976340E-01 -1.9709948E+00 -1.0359738E+00 -2.4146392E+00 -6.3071832E-01
-1.7401204E+00 6.1529791E-01 -2.3700797E+00 -1.1119287E+00 -2.8912350E+00 -5.0451407E-01
-1.8442280E+00 7.0248912E-01 -2.6347396E+00 -1.1897739E+00 -3.1703662E+00 -4.8201408E-01
-1.8443612E+00 7.0517878E-01 -2.6450876E+00 -1.1920702E+00 -3.1702894E+00 -4.8283680E-01
-1.9129866E+00 7.8545311E-01 -2.9251707E+00 -1.2954980E+00 -3.3106090E+00 -4.2936290E-01
-1.9595234E+00 8.7724386E-01 -3.2026029E+00 -1.3773732E+00 -3.4650144E+00 -3.5074334E-01
-1.9583492E+00 8.7775198E-01 -3.2223923E+00 -1.3951759E+00 -3.4407412E+00 -3.4211114E-01
-1.9683217E+00 9.0644198E-01 -3.2394751E+00 -1.3450289E+00 -3.5000000E+00 -3.3703668E-01
