-1.1230527E+00 1.8477390E-01 -1.3070823E+00 -9.3829814E-01 -1.4883407E+00 -7.6803478E-01
-1.1389514E+00 1.5894656E-01 -1.2965085E+00 -9.8151806E-01 -1.4622047E+00 -8.3655365E-01
-1.1471577E+00 1.5379357E-01 -1.2918409E+00 -9.8934976E-01 -1.4618494E+00 -8.5573223E-01
-1.2004272E+00 1.3700901E-01 -1.3248974E+00 -1.0550467E+00 -1.4833723E+00 -9.4643867E-01
-1.2698899E+00 1.7377959E-01 -1.4364524E+00 -1.0872060E+00 -1.6175901E+00 -9.4284538E-01
-1.2541491E+00 2.0484905E-01 -1.4437522E+00 -1.0357735E+00 -1.6735211E+00 -8.7114919E-01
-1.1934733E+00 2.1901685E-01 -1.3951794E+00 -9.5961651E-01 -1.6412006E+00 -7.8264673E-01
-1.1432762E+00 2.1708669E-01 -1.3484637E+00 -9.1275344E-01 -1.5797218E+00 -7.3348945E-01
-1.0304263E+00 2.2461750E-01 -1.2557127E+00 -8.0390061E-01 -1.4722681E+00 -6.0192076E-01
-9.6622898E-01 2.4075283E-01 -1.2073858E+00 -7.2339308E-01 -1.4371968E+00 -5.0298925E-01
-7.8375157E-01 2.4317927E-01 -1.0218315E+00 -5.3968293E-01 -1.2693565E+00 -3.1648220E-01
-4.9028661E-01 2.9184702E-01 -7.8105315E-01 -2.0031390E-01 -1.0795631E+00 6.5867800E-02
-3.3363631E-01 3.6772697E-01 -6.4608966E-01 8.1649462E-02 -1.0499610E+00 3.6104166E-01
-3.0915623E-01 4.8388936E-01 -5.9312670E-01 2.9893882E-01 -1.2117564E+00 5.0000000E-01
-3.5591901E-01 5.6293499E-01 -6.1454633E-01 3.6976208E-01 -1.4253364E+00 5.0000000E-01
-3.6960157E-01 5.6550195E-01 -6.2672040E-01 3.5614997E-01 -1.4458486E+00 5.0000000E-01
-4.6467528E-01 6.4576102E-01 -7.3573351E-01 3.4227782E-01 -1.7367114E+00 4.8656589E-01
-5.4796139E-01 7.3870244E-01 -8.3114184E-01 4.0697832E-01 -1.9957884E+00 5.0000000E-01
-5.5116385E-01 7.3974493E-01 -8.2240865E-01 4.1254221E-01 -1.9999479E+00 4.9652097E-01
-5.7233565E-01 7.6948814E-01 -8.3366373E-01 4.7157798E-01 -2.0734124E+00 5.0000000E-01
