-1.1323156E+00 1.6858931E-01 -1.2992538E+00 -9.6685037E-01 -1.4663267E+00 -8.0488160E-01
-1.1191259E+00 1.4191897E-01 -1.2539888E+00 -9.7300783E-01 -1.4041594E+00 -8.4779325E-01
-1.1129989E+00 1.3563469E-01 -1.2477328E+00 -9.7821156E-01 -1.3859666E+00 -8.5574961E-01
-1.0698754E+00 1.1694789E-01 -1.1840036E+00 -9.5316992E-01 -1.3072451E+00 -8.4507673E-01
-9.9792201E-01 1.5526107E-01 -1.1383873E+00 -8.3555376E-01 -1.3171733E+00 -7.1131768E-01
-9.6239982E-01 1.8221408E-01 -1.1157762E+00 -7.6790070E-01 -1.3272278E+00 -6.1454367E-01
-9.6522825E-01 1.9568904E-01 -1.1247365E+00 -7.5134849E-01 -1.3593852E+00 -5.9625431E-01
-9.7669605E-01 1.9776805E-01 -1.1351252E+00 -7.5828865E-01 -1.3810721E+00 -6.0659768E-01
-1.0050971E+00 2.0677070E-01 -1.1750938E+00 -7.7670253E-01 -1.4256615E+00 -6.1649116E-01
-1.0200973E+00 2.2360814E-01 -1.2132287E+00 -7.7587808E-01 -1.4688799E+00 -5.9834927E-01
-1.0781185E+00 2.2927926E-01 -1.2851562E+00 -8.3026612E-01 -1.5489747E+00 -6.5714193E-01
-1.2002315E+00 3.2444470E-01 -1.5082614E+00 -8.6327937E-01 -1.8507358E+00 -5.7782445E-01
-1.3120961E+00 4.6629099E-01 -1.7480934E+00 -8.3159217E-01 -2.2676446E+00 -4.1201042E-01
-1.4162993E+00 6.4467992E-01 -2.0222807E+00 -7.0898379E-01 -2.7043114E+00 -2.1663356E-01
-1.4651387E+00 7.4379405E-01 -2.1858404E+00 -6.2632901E-01 -2.9116041E+00 -9.6054971E-02
-1.4645184E+00 7.4609302E-01 -2.1900177E+00 -6.2021395E-01 -2.9095533E+00 -9.1257743E-02
-1.5029499E+00 8.3448115E-01 -2.3568814E+00 -5.4625508E-01 -3.0496137E+00 1.3433231E-02
-1.5329307E+00 9.3337155E-01 -2.5790844E+00 -5.1955738E-01 -3.2625389E+00 1.3032130E-01
-1.5323062E+00 9.3493121E-01 -2.5208024E+00 -4.6185711E-01 -3.2700590E+00 1.2333533E-01
-1.5390893E+00 9.6690368E-01 -2.6183961E+00 -4.8350873E-01 -3.5000000E+00 5.0000000E-01
