-9.9805140E-01 1.7073624E-01 -1.1677783E+00 -8.2984960E-01 -1.3378643E+00 -6.6379109E-01
-1.0029023E+00 1.4376089E-01 -1.1452614E+00 -8.6118584E-01 -1.2920583E+00 -7.2563853E-01
-1.0055124E+00 1.3718700E-01 -1.1408048E+00 -8.6971055E-01 -1.2831047E+00 -7.4192675E-01
-1.0115861E+00 1.2121368E-01 -1.1248580E+00 -8.8508130E-01 -1.2591295E+00 -7.8265626E-01
-1.0130660E+00 1.6105395E-01 -1.1726100E+00 -8.5255890E-01 -1.3347233E+00 -7.0212433E-01
-1.0027982E+00 1.8712779E-01 -1.1689724E+00 -7.9837665E-01 -1.3896542E+00 -6.6131454E-01
-9.9645467E-01 1.9964848E-01 -1.1735281E+00 -7.7637529E-01 -1.3960616E+00 -6.2232424E-01
-9.9701752E-01 1.9983535E-01 -1.1763441E+00 -7.8046997E-01 -1.3976956E+00 -6.1855082E-01
-1.0049002E+00 2.0827464E-01 -1.1944490E+00 -7.8065344E-01 -1.4333847E+00 -6.1947399E-01
-1.0104123E+00 2.2462178E-01 -1.2166097E+00 -7.6879020E-01 -1.4695268E+00 -5.9288935E-01
-1.0402841E+00 2.2914376E-01 -1.2678501E+00 -8.1021723E-01 -1.5016198E+00 -6.0312217E-01
-1.1124842E+00 3.2154816E-01 -1.4120086E+00 -7.7791636E-01 -1.7689537E+00 -5.0094735E-01
-1.1892904E+00 4.6622367E-01 -1.6272856E+00 -7.1054450E-01 -2.1476941E+00 -2.9923086E-01
-1.2649295E+00 6.4597522E-01 -1.8768788E+00 -5.5939575E-01 -2.5648501E+00 -5.3440774E-02
-1.2977166E+00 7.4617919E-01 -2.0299777E+00 -4.6168389E-01 -2.7618506E+00 6.2725021E-02
-1.2986275E+00 7.5000527E-01 -2.0357826E+00 -4.5592383E-01 -2.7659983E+00 6.0112383E-02
-1.3247612E+00 8.3834958E-01 -2.1515808E+00 -3.3097361E-01 -2.8787838E+00 1.8843802E-01
-1.3434440E+00 9.3123804E-01 -2.2733701E+00 -2.3437444E-01 -3.0205939E+00 3.7056636E-01
-1.3428755E+00 9.3167923E-01 -2.2712895E+00 -2.3507234E-01 -3.0028657E+00 3.7899482E-01
-1.3467052E+00 9.5980333E-01 -2.3181408E+00 -2.2032523E-01 -3.5000000E+00 5.0000000E-01
