-1.0652611E+00 1.7353564E-01 -1.2390683E+00 -8.8940284E-01 -1.4101586E+00 -7.3763030E-01
-1.0514248E+00 1.4817892E-01 -1.1944829E+00 -8.9740904E-01 -1.3485082E+00 -7.7390556E-01
-1.0417437E+00 1.4344849E-01 -1.1766910E+00 -8.9042737E-01 -1.3301641E+00 -7.7209308E-01
-1.0264647E+00 1.2327026E-01 -1.1418495E+00 -8.9804600E-01 -1.2787722E+00 -7.9523054E-01
-1.0351256E+00 1.6062346E-01 -1.1796981E+00 -8.6647143E-01 -1.3696148E+00 -7.3513090E-01
-1.0845415E+00 1.9617304E-01 -1.2575478E+00 -8.7413251E-01 -1.4985088E+00 -7.2478466E-01
-1.1181886E+00 2.1108928E-01 -1.3066001E+00 -8.8536775E-01 -1.5530329E+00 -7.3593964E-01
-1.1278631E+00 2.0909508E-01 -1.3166113E+00 -8.9667885E-01 -1.5425794E+00 -7.3703781E-01
-1.1321409E+00 2.1625311E-01 -1.3269305E+00 -8.9219643E-01 -1.5755140E+00 -7.3800521E-01
-1.1275953E+00 2.3257879E-01 -1.3403602E+00 -8.7267274E-01 -1.6042269E+00 -7.0049353E-01
-1.0954318E+00 2.3376679E-01 -1.3140731E+00 -8.4811536E-01 -1.5717794E+00 -6.5753275E-01
-1.0323969E+00 3.1482182E-01 -1.3414141E+00 -7.2469299E-01 -1.6674244E+00 -4.3368665E-01
-9.9477608E-01 4.4692748E-01 -1.4031679E+00 -5.2299845E-01 -1.9222397E+00 -1.7114291E-01
-9.9364433E-01 6.1231578E-01 -1.5266440E+00 -2.9925859E-01 -2.2054787E+00 1.5655993E-01
-1.0146499E+00 7.0390996E-01 -1.6210141E+00 -1.8961946E-01 -2.3888366E+00 2.8656610E-01
-1.0198951E+00 7.0596693E-01 -1.6287623E+00 -1.9010158E-01 -2.3927294E+00 2.8071534E-01
-1.0606750E+00 7.8650773E-01 -1.6904705E+00 -6.1145554E-02 -2.5630569E+00 3.2950881E-01
-1.0988986E+00 8.7719401E-01 -1.7943844E+00 4.6228669E-02 -2.7155575E+00 4.4348567E-01
-1.0999214E+00 8.7893412E-01 -1.8040807E+00 3.8795245E-02 -2.7212447E+00 4.3175039E-01
-1.1087038E+00 9.0780917E-01 -1.8361199E+00 7.3854895E-02 -2.7356434E+00 5.0000000E-01
