-1.1050149E+00 1.7324587E-01 -1.2758771E+00 -9.3213773E-01 -1.4429996E+00 -7.6128518E-01
-1.0925312E+00 1.4596480E-01 -1.2360470E+00 -9.4651331E-01 -1.3773477E+00 -8.0463239E-01
-1.0821750E+00 1.3924452E-01 -1.2193452E+00 -9.4358039E-01 -1.3565357E+00 -8.1114548E-01
-1.0537078E+00 1.2066135E-01 -1.1635493E+00 -9.2817420E-01 -1.3044981E+00 -8.2650371E-01
-1.0357245E+00 1.6101968E-01 -1.1875859E+00 -8.6988018E-01 -1.3638320E+00 -7.2937408E-01
-1.0656153E+00 1.9267463E-01 -1.2303142E+00 -8.5445879E-01 -1.4795840E+00 -7.1746453E-01
-1.0949484E+00 2.0961980E-01 -1.2704150E+00 -8.6126329E-01 -1.5449605E+00 -7.2006205E-01
-1.1066460E+00 2.1087363E-01 -1.2844399E+00 -8.6984246E-01 -1.5544903E+00 -7.2933364E-01
-1.1142028E+00 2.1741678E-01 -1.3097246E+00 -8.7381569E-01 -1.5586526E+00 -7.1629808E-01
-1.1129991E+00 2.3104109E-01 -1.3352316E+00 -8.6862320E-01 -1.5765123E+00 -6.8279136E-01
-1.0936947E+00 2.3471720E-01 -1.3276482E+00 -8.5900060E-01 -1.5638317E+00 -6.4341321E-01
-1.0515519E+00 3.2113870E-01 -1.3615851E+00 -7.3865378E-01 -1.7156966E+00 -4.3041122E-01
-1.0223275E+00 4.4452747E-01 -1.4239947E+00 -5.6118790E-01 -1.9569651E+00 -1.8691872E-01
-1.0106704E+00 6.0402901E-01 -1.5410661E+00 -3.4169392E-01 -2.2032339E+00 1.4343139E-01
-1.0135704E+00 6.9801041E-01 -1.6198585E+00 -2.0869177E-01 -2.3709388E+00 2.9935045E-01
-1.0149826E+00 7.0208357E-01 -1.6242108E+00 -2.0359729E-01 -2.3779485E+00 3.0258943E-01
-1.0300256E+00 7.8452245E-01 -1.6408660E+00 -3.7773805E-02 -2.5369079E+00 3.7218135E-01
-1.0440570E+00 8.7520639E-01 -1.6758708E+00 1.3153415E-01 -2.6587227E+00 4.8085708E-01
-1.0440541E+00 8.7555049E-01 -1.6733953E+00 1.3883025E-01 -2.6722214E+00 4.5201700E-01
-1.0480461E+00 9.0420440E-01 -1.6941557E+00 1.8579559E-01 -2.6927273E+00 5.0000000E-01
