-1.3029791E+00 1.7230831E-01 -1.4755281E+00 -1.1289326E+00 -1.6383650E+00 -9.7161693E-01
-1.2706078E+00 1.4657578E-01 -1.4167919E+00 -1.1250877E+00 -1.5621329E+00 -9.9062583E-01
-1.2578886E+00 1.4109434E-01 -1.3914183E+00 -1.1117486E+00 -1.5425043E+00 -9.8890511E-01
-1.1610644E+00 1.2200098E-01 -1.2751698E+00 -1.0334603E+00 -1.4085991E+00 -9.3296484E-01
-9.8655494E-01 1.5940908E-01 -1.1354398E+00 -8.2202943E-01 -1.3120888E+00 -6.8562085E-01
-8.7494612E-01 1.8607517E-01 -1.0389767E+00 -6.7825806E-01 -1.2464427E+00 -5.1739088E-01
-8.5872782E-01 1.9580752E-01 -1.0262180E+00 -6.5038933E-01 -1.2485857E+00 -4.8263948E-01
-8.7548081E-01 1.9435701E-01 -1.0387523E+00 -6.6574020E-01 -1.2632802E+00 -5.0546077E-01
-9.0450256E-01 2.0257962E-01 -1.0786685E+00 -6.8563659E-01 -1.3038773E+00 -5.1827937E-01
-9.2154842E-01 2.2159832E-01 -1.1187008E+00 -6.8322486E-01 -1.3757434E+00 -5.1716233E-01
-9.8840552E-01 2.2832898E-01 -1.2134000E+00 -7.6227983E-01 -1.4454736E+00 -5.5978275E-01
-1.1299597E+00 3.2045811E-01 -1.4431728E+00 -8.1178858E-01 -1.7810887E+00 -5.2171433E-01
-1.2605463E+00 4.6356287E-01 -1.6929130E+00 -7.7607836E-01 -2.2139913E+00 -3.8786207E-01
-1.3794937E+00 6.4807738E-01 -2.0003780E+00 -6.7274973E-01 -2.6853576E+00 -1.8714617E-01
-1.4318718E+00 7.5254558E-01 -2.1675459E+00 -5.9179756E-01 -2.9155158E+00 -5.5188194E-02
-1.4319588E+00 7.5606806E-01 -2.1702277E+00 -5.8667752E-01 -2.9240848E+00 -5.3108480E-02
-1.4685114E+00 8.4771212E-01 -2.3125156E+00 -4.7510745E-01 -3.0779546E+00 3.3282453E-02
-1.4943458E+00 9.4433822E-01 -2.4237048E+00 -3.3887036E-01 -3.2783526E+00 1.3100110E-01
-1.4945865E+00 9.4440440E-01 -2.4192266E+00 -3.3296716E-01 -3.2888714E+00 1.1269228E-01
-1.4998731E+00 9.7270657E-01 -2.4707820E+00 -3.2261953E-01 -3.5000000E+00 5.0000000E-01
