-1.0148862E+00 1.7933965E-01 -1.1903302E+00 -8.3524935E-01 -1.3707265E+00 -6.6806849E-01
-1.0274555E+00 1.5300149E-01 -1.1755949E+00 -8.7524852E-01 -1.3351274E+00 -7.3084895E-01
-1.0300218E+00 1.4658562E-01 -1.1708882E+00 -8.8507858E-01 -1.3286132E+00 -7.4808683E-01
-1.0808173E+00 1.2766572E-01 -1.1978335E+00 -9.5143126E-01 -1.3455530E+00 -8.3647531E-01
-1.1865389E+00 1.6567986E-01 -1.3405653E+00 -1.0155630E+00 -1.5227054E+00 -8.7323033E-01
-1.2662349E+00 2.0791542E-01 -1.4535518E+00 -1.0430513E+00 -1.7005528E+00 -8.8693828E-01
-1.2790103E+00 2.2855498E-01 -1.4856361E+00 -1.0299342E+00 -1.7329392E+00 -8.4361465E-01
-1.2666048E+00 2.2766798E-01 -1.4753918E+00 -1.0211685E+00 -1.7151206E+00 -8.2925268E-01
-1.2273347E+00 2.3246887E-01 -1.4498080E+00 -9.8159081E-01 -1.6919333E+00 -7.9292777E-01
-1.2043017E+00 2.4485352E-01 -1.4514830E+00 -9.5444748E-01 -1.6849961E+00 -7.4418488E-01
-1.1073908E+00 2.4025322E-01 -1.3469482E+00 -8.6577164E-01 -1.5813729E+00 -6.4578758E-01
-9.1113119E-01 3.0582364E-01 -1.2079641E+00 -6.0889385E-01 -1.5250361E+00 -3.1747992E-01
-7.5221980E-01 4.1345300E-01 -1.1185467E+00 -3.1232739E-01 -1.5703174E+00 4.4922219E-02
-6.4855616E-01 5.6115692E-01 -1.0491774E+00 3.4111337E-02 -1.7451196E+00 3.5906578E-01
-6.3234443E-01 6.4968297E-01 -1.0387889E+00 1.9087426E-01 -1.8573409E+00 4.9402548E-01
-6.4046165E-01 6.5176004E-01 -1.0383243E+00 1.9014017E-01 -1.9004086E+00 4.5416339E-01
-6.6970559E-01 7.3019091E-01 -1.0294466E+00 2.8413112E-01 -2.1063937E+00 4.6171959E-01
-7.0315842E-01 8.2076875E-01 -1.0417952E+00 4.0740532E-01 -2.2900145E+00 5.0000000E-01
-7.0405427E-01 8.2004834E-01 -1.0325221E+00 4.0729658E-01 -2.3000160E+00 4.9045165E-01
-7.1418327E-01 8.4817182E-01 -1.0061834E+00 4.9429664E-01 -2.3618888E+00 5.0000000E-01
