-1.2844900E+00 1.8929944E-01 -1.4620636E+00 -1.0890364E+00 -1.6640474E+00 -9.2256927E-01
-1.2877123E+00 1.6590433E-01 -1.4419584E+00 -1.1145304E+00 -1.6228347E+00 -9.7445017E-01
-1.2983441E+00 1.6112983E-01 -1.4474799E+00 -1.1296865E+00 -1.6240011E+00 -9.9531441E-01
-1.2805086E+00 1.4180888E-01 -1.4043035E+00 -1.1253181E+00 -1.5779766E+00 -1.0207493E+00
-1.1692772E+00 1.7435626E-01 -1.3288700E+00 -9.8688065E-01 -1.5311852E+00 -8.3709357E-01
-9.7893340E-01 2.0812043E-01 -1.1605002E+00 -7.5095093E-01 -1.4105254E+00 -5.9950959E-01
-8.6114777E-01 2.2152650E-01 -1.0538467E+00 -6.1330440E-01 -1.3020496E+00 -4.4971040E-01
-8.1979393E-01 2.2045398E-01 -1.0058575E+00 -5.6856917E-01 -1.2608288E+00 -4.1289079E-01
-7.4661468E-01 2.1965832E-01 -9.3732983E-01 -5.0479023E-01 -1.1846319E+00 -3.3258418E-01
-7.1293873E-01 2.3009483E-01 -9.2235146E-01 -4.6665672E-01 -1.1668633E+00 -2.7148373E-01
-6.6766385E-01 2.2085409E-01 -8.7595293E-01 -4.3718109E-01 -1.1241870E+00 -2.5248415E-01
-6.4973084E-01 2.9407167E-01 -9.4514332E-01 -3.5747309E-01 -1.2307696E+00 -8.3860263E-02
-7.0162449E-01 4.3151048E-01 -1.1101785E+00 -2.3952402E-01 -1.5352502E+00 1.3450202E-01
-7.9981572E-01 6.1140145E-01 -1.3488013E+00 -9.6972637E-02 -1.9507680E+00 3.4095026E-01
-8.6558463E-01 7.1329168E-01 -1.4521359E+00 1.6531376E-02 -2.1804857E+00 4.3095474E-01
-8.7016894E-01 7.1783878E-01 -1.4514940E+00 2.5850662E-02 -2.1995474E+00 4.2342222E-01
-9.4556808E-01 8.0723488E-01 -1.4989529E+00 1.5225267E-01 -2.4625790E+00 4.2634025E-01
-1.0109739E+00 9.0184252E-01 -1.5490242E+00 2.9734399E-01 -2.6706858E+00 4.9598835E-01
-1.0145058E+00 9.0328063E-01 -1.5238115E+00 3.2474658E-01 -2.6965831E+00 4.6686738E-01
-1.0314377E+00 9.3350952E-01 -1.6018835E+00 3.2055853E-01 -2.7451968E+00 5.0000000E-01
