-1.1827981E+00 1.6990542E-01 -1.3522792E+00 -1.0135838E+00 -1.5224627E+00 -8.6175506E-01
-1.1639605E+00 1.4247254E-01 -1.3053594E+00 -1.0206109E+00 -1.4503155E+00 -8.9409368E-01
-1.1571900E+00 1.3583551E-01 -1.2852705E+00 -1.0152550E+00 -1.4303192E+00 -9.0010151E-01
-1.0990565E+00 1.1994924E-01 -1.2111405E+00 -9.7368539E-01 -1.3433406E+00 -8.7382780E-01
-9.8056264E-01 1.5887264E-01 -1.1277233E+00 -8.1510005E-01 -1.3057129E+00 -6.8084853E-01
-8.8492276E-01 1.8299033E-01 -1.0426907E+00 -6.8496932E-01 -1.2550252E+00 -5.4207962E-01
-8.5729782E-01 1.9484428E-01 -1.0167895E+00 -6.3480759E-01 -1.2551438E+00 -4.9898560E-01
-8.6020082E-01 1.9508184E-01 -1.0180570E+00 -6.3635846E-01 -1.2575168E+00 -5.0108816E-01
-8.7078267E-01 2.0371542E-01 -1.0454065E+00 -6.4414999E-01 -1.2799233E+00 -4.8784066E-01
-8.7930749E-01 2.2020609E-01 -1.0729430E+00 -6.3504147E-01 -1.3180715E+00 -4.6379039E-01
-9.3420611E-01 2.2686609E-01 -1.1446095E+00 -6.9360919E-01 -1.4026429E+00 -5.1055838E-01
-1.0714953E+00 3.1718795E-01 -1.3812087E+00 -7.6103404E-01 -1.7091356E+00 -4.5258340E-01
-1.2217331E+00 4.5891771E-01 -1.6830447E+00 -7.6704124E-01 -2.1403541E+00 -3.3527981E-01
-1.3788762E+00 6.4411131E-01 -2.0532041E+00 -7.1867399E-01 -2.6320083E+00 -1.4918875E-01
-1.4546006E+00 7.5050200E-01 -2.2531171E+00 -6.6267384E-01 -2.8808202E+00 -4.1140906E-02
-1.4565996E+00 7.5380333E-01 -2.2604948E+00 -6.5672074E-01 -2.8861395E+00 -4.4481860E-02
-1.5116892E+00 8.4679162E-01 -2.4400357E+00 -5.8867704E-01 -3.0601817E+00 5.2559997E-02
-1.5500495E+00 9.4893113E-01 -2.6838410E+00 -5.8087236E-01 -3.2358869E+00 2.0785462E-01
-1.5512461E+00 9.5127818E-01 -2.7010045E+00 -5.9233452E-01 -3.2718029E+00 1.6953282E-01
-1.5591815E+00 9.8416526E-01 -2.7453512E+00 -5.6044132E-01 -3.5000000E+00 5.0000000E-01
