-1.0314868E+00 2.4523192E-01 -1.2891946E+00 -8.0178473E-01 -1.5054845E+00 -5.4094918E-01
-1.0451156E+00 2.1427766E-01 -1.2579701E+00 -8.3128464E-01 -1.4592997E+00 -6.2215403E-01
-1.0645466E+00 1.7859831E-01 -1.2411172E+00 -8.8488717E-01 -1.4124826E+00 -7.1175994E-01
-1.0915476E+00 1.3693072E-01 -1.2274152E+00 -9.5519454E-01 -1.3543344E+00 -8.1769159E-01
-1.1138656E+00 1.2259523E-01 -1.2391742E+00 -9.9970091E-01 -1.3488706E+00 -8.6587405E-01
-1.1308749E+00 1.3642587E-01 -1.2642617E+00 -9.9771045E-01 -1.3963338E+00 -8.5535579E-01
-1.1383437E+00 1.5693547E-01 -1.2932011E+00 -9.8177718E-01 -1.4505933E+00 -8.3067034E-01
-1.1357079E+00 1.7189805E-01 -1.3063029E+00 -9.6502913E-01 -1.4792478E+00 -8.0091135E-01
-1.1216741E+00 1.8217775E-01 -1.3006326E+00 -9.3798926E-01 -1.4747395E+00 -7.6581999E-01
-1.0948029E+00 1.9008096E-01 -1.2830707E+00 -9.0219791E-01 -1.4650877E+00 -7.2650434E-01
-1.0546924E+00 1.9866790E-01 -1.2493226E+00 -8.6007683E-01 -1.4558802E+00 -6.6498552E-01
-1.0019090E+00 2.0864386E-01 -1.2049058E+00 -8.0213338E-01 -1.4245643E+00 -5.8832159E-01
-9.4237833E-01 2.1773213E-01 -1.1512256E+00 -7.3620694E-01 -1.3823208E+00 -4.9643337E-01
-8.7927158E-01 2.2702777E-01 -1.0923111E+00 -6.6219781E-01 -1.3400902E+00 -4.1658157E-01
-8.1759931E-01 2.3851804E-01 -1.0454117E+00 -5.8341984E-01 -1.3012225E+00 -3.5221286E-01
-7.6451674E-01 2.4883131E-01 -1.0054707E+00 -5.1718983E-01 -1.2543014E+00 -2.7504285E-01
-7.2894647E-01 2.5816142E-01 -9.6008677E-01 -4.5317091E-01 -1.2532318E+00 -2.3950691E-01
-7.1831384E-01 2.6766939E-01 -9.5058500E-01 -4.2643585E-01 -1.2592257E+00 -2.1596372E-01
-7.3944767E-01 2.7598736E-01 -9.8805324E-01 -4.4154814E-01 -1.2841216E+00 -2.0876438E-01
-7.9314247E-01 2.8527046E-01 -1.0544758E+00 -4.9106769E-01 -1.3804005E+00 -2.6517579E-01
-8.8033801E-01 2.9891498E-01 -1.1513729E+00 -5.6926993E-01 -1.5022907E+00 -3.2804531E-01
-9.9783029E-01 3.2390500E-01 -1.2738213E+00 -6.6190606E-01 -1.6862266E+00 -4.0913310E-01
-1.1330214E+00 3.6905373E-01 -1.4278177E+00 -7.4222155E-01 -1.8783621E+00 -4.3359911E-01
-1.2762768E+00 4.3815574E-01 -1.6089950E+00 -7.7978202E-01 -2.1581804E+00 -4.7674321E-01
-1.4148727E+00 5.2995635E-01 -1.8269130E+00 -7.8712691E-01 -2.4658024E+00 -4.5945945E-01
-1.5366171E+00 6.3474182E-01 -2.0858470E+00 -8.0393166E-01 -2.8001555E+00 -3.8164965E-01
-1.6302545E+00 7.3395530E-01 -2.2986867E+00 -8.1094183E-01 -3.0794531E+00 -2.6382549E-01
-1.6977682E+00 8.1708429E-01 -2.4650790E+00 -7.9812609E-01 -3.3844022E+00 -2.0736892E-01
-1.7293360E+00 8.6186052E-01 -2.5465404E+00 -7.8146006E-01 -3.4960495E+00 -1.3752820E-01
-1.7480662E+00 8.9436278E-01 -2.6051406E+00 -7.7056861E-01 -3.5688560E+00 -8.9569504E-02
