-1.0554571E+00 2.4576276E-01 -1.2966278E+00 -8.1067608E-01 -1.5339055E+00 -5.7149385E-01
-1.0582717E+00 2.1425607E-01 -1.2694276E+00 -8.4357918E-01 -1.4775601E+00 -6.3857896E-01
-1.0632047E+00 1.7825955E-01 -1.2400266E+00 -8.8448005E-01 -1.4132644E+00 -7.1514856E-01
-1.0660818E+00 1.3733558E-01 -1.2024888E+00 -9.3035504E-01 -1.3427269E+00 -8.0048619E-01
-1.0619320E+00 1.2388632E-01 -1.1810625E+00 -9.3412635E-01 -1.3092714E+00 -8.2289690E-01
-1.0467312E+00 1.3531681E-01 -1.1849824E+00 -9.1036663E-01 -1.3102062E+00 -7.8484809E-01
-1.0190870E+00 1.5346823E-01 -1.1728308E+00 -8.6043401E-01 -1.3156448E+00 -7.2500036E-01
-9.7493850E-01 1.6782531E-01 -1.1434188E+00 -8.0269120E-01 -1.3042145E+00 -6.5763242E-01
-9.1320595E-01 1.7572895E-01 -1.0890884E+00 -7.3427629E-01 -1.2629886E+00 -5.7858156E-01
-8.3925105E-01 1.8009391E-01 -1.0208183E+00 -6.5773231E-01 -1.1931667E+00 -4.9348476E-01
-7.6569588E-01 1.8449751E-01 -9.4955106E-01 -5.7886053E-01 -1.1227455E+00 -4.0246039E-01
-7.0491677E-01 1.8924849E-01 -8.9400868E-01 -5.1586074E-01 -1.0722807E+00 -3.3117429E-01
-6.7040168E-01 1.9434041E-01 -8.5335854E-01 -4.6607968E-01 -1.0584864E+00 -2.9800105E-01
-6.6526736E-01 2.0392973E-01 -8.5094501E-01 -4.4745836E-01 -1.0830312E+00 -2.8675689E-01
-6.9068720E-01 2.1810840E-01 -8.8929096E-01 -4.5665845E-01 -1.1414085E+00 -2.8836834E-01
-7.4551665E-01 2.3543873E-01 -9.6065967E-01 -4.9020227E-01 -1.2271366E+00 -3.0999669E-01
-8.2626668E-01 2.5547192E-01 -1.0585353E+00 -5.5104470E-01 -1.3580059E+00 -3.5117244E-01
-9.2539827E-01 2.7477898E-01 -1.1732037E+00 -6.3695040E-01 -1.4753883E+00 -3.7989646E-01
-1.0349189E+00 2.8627056E-01 -1.2997084E+00 -7.4000625E-01 -1.5979628E+00 -4.6838271E-01
-1.1525328E+00 2.8946252E-01 -1.4198867E+00 -8.5022470E-01 -1.7420369E+00 -6.1645561E-01
-1.2731202E+00 2.9534083E-01 -1.5659112E+00 -9.8576001E-01 -1.8628648E+00 -7.0610794E-01
-1.3955723E+00 3.2401763E-01 -1.6966558E+00 -1.0622838E+00 -2.0545188E+00 -7.6906015E-01
-1.5143847E+00 3.8925349E-01 -1.8781827E+00 -1.0987796E+00 -2.2791835E+00 -7.6558694E-01
-1.6239812E+00 4.8537652E-01 -2.0754820E+00 -1.0784994E+00 -2.5504138E+00 -7.2454712E-01
-1.7190589E+00 5.9487099E-01 -2.2928856E+00 -1.0369584E+00 -2.8228467E+00 -6.2088215E-01
-1.7984268E+00 7.0395232E-01 -2.5025759E+00 -9.9817382E-01 -3.1019710E+00 -5.1485684E-01
-1.8573532E+00 8.0280842E-01 -2.7210746E+00 -9.8338846E-01 -3.3644786E+00 -4.0556732E-01
-1.9002404E+00 8.8661019E-01 -2.8535658E+00 -9.4397321E-01 -3.5539707E+00 -2.5836663E-01
-1.9198761E+00 9.3048361E-01 -2.9198693E+00 -9.2346370E-01 -3.6489571E+00 -1.6865546E-01
-1.9303750E+00 9.6089384E-01 -2.9621978E+00 -9.1002629E-01 -3.7811829E+00 -1.7345716E-01
