-5.6292103E-01 2.5026016E-01 -8.1139060E-01 -3.1506206E-01 -1.0517611E+00 -7.1225207E-02
-5.9753616E-01 2.1930381E-01 -8.1660933E-01 -3.7822121E-01 -1.0239606E+00 -1.6530491E-01
-6.4730320E-01 1.8480472E-01 -8.3181548E-01 -4.6122956E-01 -1.0040998E+00 -2.8421020E-01
-7.4455760E-01 1.4454703E-01 -8.8784437E-01 -5.9861298E-01 -1.0246750E+00 -4.6299207E-01
-8.5855818E-01 1.2722099E-01 -9.8807703E-01 -7.3211789E-01 -1.1042127E+00 -6.0609563E-01
-9.7395471E-01 1.3606676E-01 -1.1106517E+00 -8.3762583E-01 -1.2366987E+00 -7.0583096E-01
-1.0699743E+00 1.5529612E-01 -1.2273311E+00 -9.1389788E-01 -1.3718832E+00 -7.7075814E-01
-1.1333134E+00 1.7251795E-01 -1.3008333E+00 -9.5425440E-01 -1.4730176E+00 -8.0025417E-01
-1.1597718E+00 1.8486815E-01 -1.3436367E+00 -9.7499481E-01 -1.5260200E+00 -8.0237821E-01
-1.1477442E+00 1.9384542E-01 -1.3362128E+00 -9.5768954E-01 -1.5411826E+00 -7.6752123E-01
-1.1026318E+00 2.0034266E-01 -1.3004869E+00 -9.0752507E-01 -1.5050653E+00 -7.1117384E-01
-1.0338616E+00 2.0721333E-01 -1.2443584E+00 -8.2571306E-01 -1.4383051E+00 -6.3523054E-01
-9.5502645E-01 2.1925773E-01 -1.1742657E+00 -7.3401308E-01 -1.3911134E+00 -5.3112024E-01
-8.8111716E-01 2.3756234E-01 -1.1235974E+00 -6.4290397E-01 -1.3538203E+00 -4.2643919E-01
-8.2480080E-01 2.5878091E-01 -1.0712023E+00 -5.5066059E-01 -1.3471827E+00 -3.4072819E-01
-7.9542181E-01 2.7605151E-01 -1.0563196E+00 -4.9436496E-01 -1.3603610E+00 -2.8687917E-01
-7.9407529E-01 2.8833334E-01 -1.0603839E+00 -4.7102578E-01 -1.3841115E+00 -2.7057880E-01
-8.1972838E-01 2.9252513E-01 -1.0860282E+00 -4.9292311E-01 -1.4098910E+00 -2.8858793E-01
-8.6420416E-01 2.8906545E-01 -1.1313124E+00 -5.5101403E-01 -1.4610674E+00 -3.3412950E-01
-9.1603330E-01 2.8247409E-01 -1.1814769E+00 -6.2182251E-01 -1.4920023E+00 -3.8268740E-01
-9.6814122E-01 2.7996950E-01 -1.2423965E+00 -6.8949942E-01 -1.5256951E+00 -4.2798660E-01
-1.0145500E+00 2.9400239E-01 -1.3041700E+00 -7.2339930E-01 -1.6060874E+00 -4.4494842E-01
-1.0496830E+00 3.3688636E-01 -1.3565268E+00 -6.7851042E-01 -1.7423165E+00 -4.3222089E-01
-1.0731313E+00 4.0736964E-01 -1.4320872E+00 -6.1003137E-01 -1.8782751E+00 -3.1288052E-01
-1.0868242E+00 4.9690946E-01 -1.4825295E+00 -4.8683257E-01 -2.0959394E+00 -2.1047634E-01
-1.0917719E+00 5.9456200E-01 -1.5216583E+00 -3.3562118E-01 -2.2930880E+00 -6.7305819E-02
-1.0931807E+00 6.8783890E-01 -1.5881366E+00 -2.0308280E-01 -2.4624614E+00 9.2288254E-02
-1.0910503E+00 7.6704394E-01 -1.6554573E+00 -1.0882414E-01 -2.5975808E+00 2.4679169E-01
-1.0866035E+00 8.0853981E-01 -1.6848139E+00 -5.0098845E-02 -2.6552911E+00 3.3915633E-01
-1.0809940E+00 8.3787869E-01 -1.7124717E+00 -1.7060446E-02 -2.6829746E+00 4.2524808E-01
