-9.5191247E-01 2.5901937E-01 -1.2103181E+00 -6.9427995E-01 -1.4454982E+00 -4.3346942E-01
-9.4951363E-01 2.2506581E-01 -1.1722973E+00 -7.2369786E-01 -1.3777689E+00 -5.0139071E-01
-9.4637612E-01 1.8683526E-01 -1.1383240E+00 -7.6531542E-01 -1.3048086E+00 -5.7937406E-01
-9.4755158E-01 1.4128108E-01 -1.0869736E+00 -8.0529150E-01 -1.2257897E+00 -6.7463839E-01
-9.5595410E-01 1.2551821E-01 -1.0840135E+00 -8.2916128E-01 -1.2025734E+00 -7.1953381E-01
-9.6868877E-01 1.3606727E-01 -1.1021678E+00 -8.3431772E-01 -1.2380700E+00 -7.0142579E-01
-9.8606714E-01 1.5193640E-01 -1.1330050E+00 -8.4001912E-01 -1.2904034E+00 -6.8270124E-01
-1.0017217E+00 1.6343493E-01 -1.1617640E+00 -8.4279976E-01 -1.3248963E+00 -6.7447280E-01
-1.0082592E+00 1.7301876E-01 -1.1795431E+00 -8.3939671E-01 -1.3503065E+00 -6.6677954E-01
-9.9674260E-01 1.8121817E-01 -1.1763436E+00 -8.1498512E-01 -1.3535771E+00 -6.4451862E-01
-9.5886494E-01 1.8902225E-01 -1.1488623E+00 -7.6809495E-01 -1.3230635E+00 -5.8594182E-01
-8.9370561E-01 2.0121494E-01 -1.1056917E+00 -7.0096528E-01 -1.2782040E+00 -4.9716517E-01
-8.0927120E-01 2.1680560E-01 -1.0152180E+00 -5.8643182E-01 -1.2435077E+00 -3.9319757E-01
-7.1856189E-01 2.3334031E-01 -9.2779087E-01 -4.7000980E-01 -1.2088130E+00 -2.8672348E-01
-6.3861246E-01 2.4886525E-01 -8.6081350E-01 -3.6842456E-01 -1.1577750E+00 -1.7405995E-01
-5.8505724E-01 2.5977623E-01 -8.3232976E-01 -3.0957881E-01 -1.1050282E+00 -9.4063350E-02
-5.7161867E-01 2.6602614E-01 -8.3606968E-01 -3.0526883E-01 -1.0958290E+00 -5.2989523E-02
-6.0578806E-01 2.6781008E-01 -8.7090411E-01 -3.3924508E-01 -1.1452244E+00 -8.3997651E-02
-6.8376379E-01 2.6537308E-01 -9.4482931E-01 -4.1309404E-01 -1.2252233E+00 -1.8241484E-01
-7.9445211E-01 2.6231290E-01 -1.0466409E+00 -5.2028073E-01 -1.3279280E+00 -3.0341611E-01
-9.2690696E-01 2.7141278E-01 -1.1845403E+00 -6.4430585E-01 -1.4670821E+00 -4.0903904E-01
-1.0697747E+00 3.0380550E-01 -1.3734251E+00 -7.6672772E-01 -1.6706107E+00 -4.9574881E-01
-1.2144919E+00 3.6555261E-01 -1.5499959E+00 -8.2565055E-01 -1.9625923E+00 -5.3916093E-01
-1.3506270E+00 4.5130517E-01 -1.7500123E+00 -8.5876895E-01 -2.2524466E+00 -4.8609842E-01
-1.4716068E+00 5.4787323E-01 -1.9671607E+00 -8.7001586E-01 -2.5497047E+00 -4.3206226E-01
-1.5714312E+00 6.4622028E-01 -2.1639891E+00 -8.4734476E-01 -2.8261856E+00 -3.4248430E-01
-1.6442845E+00 7.3623362E-01 -2.3337884E+00 -8.2411032E-01 -3.1303429E+00 -2.8412767E-01
-1.6925178E+00 8.1114413E-01 -2.4591583E+00 -7.9306504E-01 -3.3299411E+00 -1.8352634E-01
-1.7137122E+00 8.5123758E-01 -2.5257122E+00 -7.7584157E-01 -3.4304009E+00 -1.2040102E-01
-1.7281404E+00 8.7918963E-01 -2.5691146E+00 -7.6018357E-01 -3.4948316E+00 -6.7225649E-02
