-1.0730673E+00 2.4306623E-01 -1.3198448E+00 -8.3443118E-01 -1.5446653E+00 -6.0007508E-01
-1.0772443E+00 2.1174899E-01 -1.2909066E+00 -8.7004558E-01 -1.4889600E+00 -6.6132861E-01
-1.0781227E+00 1.7707021E-01 -1.2541379E+00 -9.0307706E-01 -1.4216421E+00 -7.2645709E-01
-1.0703561E+00 1.3662848E-01 -1.2060109E+00 -9.3581312E-01 -1.3336123E+00 -7.9597317E-01
-1.0471629E+00 1.2495229E-01 -1.1719841E+00 -9.2406925E-01 -1.2943529E+00 -8.0100954E-01
-1.0033740E+00 1.3942004E-01 -1.1404761E+00 -8.6599590E-01 -1.2841885E+00 -7.3283113E-01
-9.3728970E-01 1.5766340E-01 -1.0960149E+00 -7.8126247E-01 -1.2488525E+00 -6.3077897E-01
-8.5524224E-01 1.7228879E-01 -1.0284701E+00 -6.8248866E-01 -1.1865073E+00 -5.1921487E-01
-7.7467597E-01 1.8165024E-01 -9.5517266E-01 -5.9816824E-01 -1.1303584E+00 -4.1501072E-01
-7.1534497E-01 1.8657219E-01 -8.9960604E-01 -5.3005145E-01 -1.0810347E+00 -3.4989032E-01
-6.9540864E-01 1.9004300E-01 -8.8196898E-01 -5.0714278E-01 -1.0664302E+00 -3.1944264E-01
-7.2836280E-01 1.9471527E-01 -9.2208581E-01 -5.3488302E-01 -1.1111433E+00 -3.4769318E-01
-8.1454743E-01 2.0495956E-01 -1.0229763E+00 -6.0826806E-01 -1.2186347E+00 -4.2489480E-01
-9.3829472E-01 2.1977897E-01 -1.1601165E+00 -7.1677453E-01 -1.3662436E+00 -5.1498981E-01
-1.0760021E+00 2.3545699E-01 -1.3096854E+00 -8.3728160E-01 -1.5389456E+00 -6.1835920E-01
-1.2053852E+00 2.4787307E-01 -1.4492958E+00 -9.5496807E-01 -1.7049594E+00 -7.2732244E-01
-1.3048224E+00 2.5625310E-01 -1.5612761E+00 -1.0478367E+00 -1.8125242E+00 -8.1358871E-01
-1.3613674E+00 2.5918191E-01 -1.6225974E+00 -1.1050722E+00 -1.8733241E+00 -8.5872597E-01
-1.3679308E+00 2.5982088E-01 -1.6280651E+00 -1.1123417E+00 -1.8783424E+00 -8.5865390E-01
-1.3244521E+00 2.6234614E-01 -1.5842894E+00 -1.0667001E+00 -1.8438171E+00 -8.0347195E-01
-1.2407603E+00 2.6695055E-01 -1.5092810E+00 -9.7417380E-01 -1.7668502E+00 -7.2156645E-01
-1.1255871E+00 2.8014264E-01 -1.4070914E+00 -8.4127627E-01 -1.6813506E+00 -5.9583286E-01
-9.9071923E-01 3.0527363E-01 -1.2695647E+00 -6.6690328E-01 -1.6323443E+00 -4.2589363E-01
-8.5135051E-01 3.3957639E-01 -1.1249389E+00 -4.7550061E-01 -1.6081537E+00 -2.4165472E-01
-7.2304347E-01 3.8262285E-01 -9.9720655E-01 -2.8275647E-01 -1.5517233E+00 -3.3815207E-02
-6.1471858E-01 4.3412127E-01 -8.9151255E-01 -9.4445343E-02 -1.5556692E+00 1.3499166E-01
-5.3206859E-01 4.8889279E-01 -8.2409545E-01 6.7175873E-02 -1.5679831E+00 2.9022125E-01
-4.7507981E-01 5.3943600E-01 -7.7639962E-01 2.0805815E-01 -1.5782008E+00 4.0324398E-01
-4.4934938E-01 5.6715022E-01 -7.6215567E-01 2.8049824E-01 -1.5775938E+00 4.6666377E-01
-4.3422519E-01 5.8607064E-01 -7.7248991E-01 3.2372369E-01 -1.5601730E+00 5.0000000E-01
