-9.9415805E-01 2.5398867E-01 -1.2578235E+00 -7.5428536E-01 -1.4810212E+00 -4.8304810E-01
-9.6871294E-01 2.2105715E-01 -1.1977234E+00 -7.6305625E-01 -1.3920640E+00 -5.1774624E-01
-9.3038001E-01 1.8387668E-01 -1.1201475E+00 -7.5967228E-01 -1.2851881E+00 -5.5567242E-01
-8.6599293E-01 1.4203488E-01 -1.0088051E+00 -7.2378851E-01 -1.1401368E+00 -5.8503112E-01
-8.0724220E-01 1.2691341E-01 -9.2789980E-01 -6.7447973E-01 -1.0621926E+00 -5.6791482E-01
-7.7305151E-01 1.3465002E-01 -9.0663722E-01 -6.3638242E-01 -1.0424546E+00 -5.1413794E-01
-7.7852022E-01 1.4954308E-01 -9.2963099E-01 -6.2896547E-01 -1.0678889E+00 -4.8521842E-01
-8.2563913E-01 1.6331953E-01 -9.8819847E-01 -6.6013229E-01 -1.1538809E+00 -5.1524723E-01
-9.0939658E-01 1.7531419E-01 -1.0743247E+00 -7.2637155E-01 -1.2674243E+00 -5.7619340E-01
-1.0140101E+00 1.8698860E-01 -1.2010826E+00 -8.2855084E-01 -1.3858838E+00 -6.5401372E-01
-1.1202346E+00 1.9667015E-01 -1.3175859E+00 -9.2603193E-01 -1.5062685E+00 -7.3375997E-01
-1.2106083E+00 2.0664641E-01 -1.4160076E+00 -1.0077551E+00 -1.6214125E+00 -7.9978300E-01
-1.2721512E+00 2.1940390E-01 -1.4841067E+00 -1.0546625E+00 -1.7188137E+00 -8.4807391E-01
-1.2987703E+00 2.3277581E-01 -1.5244235E+00 -1.0667963E+00 -1.7385916E+00 -8.3587047E-01
-1.2916515E+00 2.4777973E-01 -1.5351809E+00 -1.0442856E+00 -1.7766977E+00 -8.1090373E-01
-1.2556271E+00 2.6297951E-01 -1.5140918E+00 -9.9464710E-01 -1.7749649E+00 -7.4798714E-01
-1.1998632E+00 2.7570973E-01 -1.4781112E+00 -9.2680458E-01 -1.7380755E+00 -6.6945174E-01
-1.1268655E+00 2.8115645E-01 -1.4130757E+00 -8.4481539E-01 -1.6695735E+00 -5.7634330E-01
-1.0429612E+00 2.7919388E-01 -1.3236709E+00 -7.5556140E-01 -1.5710019E+00 -4.9753674E-01
-9.5708001E-01 2.7613311E-01 -1.2511391E+00 -6.8892000E-01 -1.4721990E+00 -4.1200742E-01
-8.7550324E-01 2.7656305E-01 -1.1488009E+00 -5.9543334E-01 -1.4149549E+00 -3.3010654E-01
-8.0159061E-01 2.8331779E-01 -1.0814653E+00 -5.1744546E-01 -1.3744619E+00 -2.5931940E-01
-7.3879138E-01 3.0205063E-01 -1.0142392E+00 -4.2055494E-01 -1.3633967E+00 -1.7837464E-01
-6.9208013E-01 3.3615419E-01 -9.7322575E-01 -3.1075852E-01 -1.3698150E+00 -6.7186067E-02
-6.6262504E-01 3.8825028E-01 -9.6498947E-01 -2.1440112E-01 -1.4717934E+00 3.9568112E-02
-6.4753785E-01 4.5762691E-01 -9.8516411E-01 -1.0567029E-01 -1.6020165E+00 1.6424304E-01
-6.4237780E-01 5.3229901E-01 -1.0095111E+00 1.7967258E-02 -1.7171679E+00 2.8220288E-01
-6.4411009E-01 5.9973465E-01 -1.0419165E+00 1.2662226E-01 -1.8194218E+00 3.7979864E-01
-6.4653638E-01 6.3782576E-01 -1.0719104E+00 1.8312136E-01 -1.8703085E+00 4.4277438E-01
-6.4788878E-01 6.6540354E-01 -1.1095285E+00 2.1064240E-01 -1.8824786E+00 5.0000000E-01
