-7.4760009E-01 2.3950220E-01 -9.8547878E-01 -5.0578601E-01 -1.2115881E+00 -2.7747426E-01
-7.7161435E-01 2.0796423E-01 -9.8002053E-01 -5.6385384E-01 -1.1786977E+00 -3.6676377E-01
-8.0814072E-01 1.7454771E-01 -9.8488670E-01 -6.3467013E-01 -1.1495375E+00 -4.6981303E-01
-8.7736768E-01 1.3778340E-01 -1.0139223E+00 -7.3945396E-01 -1.1509658E+00 -6.1287053E-01
-9.5551594E-01 1.2504942E-01 -1.0745969E+00 -8.2374257E-01 -1.2047165E+00 -7.1954599E-01
-1.0348465E+00 1.3459675E-01 -1.1685469E+00 -9.0237338E-01 -1.3029916E+00 -7.7584492E-01
-1.1039433E+00 1.4888036E-01 -1.2524504E+00 -9.5148170E-01 -1.3987873E+00 -8.1874993E-01
-1.1554467E+00 1.6022462E-01 -1.3145700E+00 -9.9013064E-01 -1.4764846E+00 -8.5427115E-01
-1.1886415E+00 1.7106683E-01 -1.3583410E+00 -1.0182753E+00 -1.5320802E+00 -8.5962000E-01
-1.2055486E+00 1.8110544E-01 -1.3770669E+00 -1.0167408E+00 -1.5735058E+00 -8.5863750E-01
-1.2124893E+00 1.9078498E-01 -1.4008044E+00 -1.0224025E+00 -1.5883338E+00 -8.4016474E-01
-1.2114147E+00 2.0023580E-01 -1.4083837E+00 -1.0142461E+00 -1.6070170E+00 -8.1940357E-01
-1.2054545E+00 2.1509106E-01 -1.4029230E+00 -9.8548695E-01 -1.6568423E+00 -7.9639902E-01
-1.1914103E+00 2.3986217E-01 -1.3968481E+00 -9.4608050E-01 -1.7183404E+00 -7.4529416E-01
-1.1641034E+00 2.6772351E-01 -1.3939879E+00 -8.9153417E-01 -1.7514230E+00 -6.7078658E-01
-1.1235331E+00 2.8914754E-01 -1.3679704E+00 -8.1491229E-01 -1.7553634E+00 -5.9085219E-01
-1.0772886E+00 2.9967195E-01 -1.3502897E+00 -7.6384654E-01 -1.6841558E+00 -5.0015543E-01
-1.0330485E+00 2.9946781E-01 -1.3060721E+00 -7.0411106E-01 -1.6496326E+00 -4.8621292E-01
-9.9348912E-01 2.9029010E-01 -1.2646314E+00 -6.7666256E-01 -1.5789856E+00 -4.5384257E-01
-9.6321389E-01 2.8264815E-01 -1.2470699E+00 -6.8101782E-01 -1.5233137E+00 -4.1872437E-01
-9.4981435E-01 2.8751711E-01 -1.2351230E+00 -6.6071896E-01 -1.5167246E+00 -3.9200613E-01
-9.5177794E-01 3.1606685E-01 -1.2466689E+00 -6.2505003E-01 -1.5937976E+00 -3.5001584E-01
-9.7049335E-01 3.6628678E-01 -1.2820573E+00 -5.8223647E-01 -1.7460763E+00 -2.8646286E-01
-1.0028455E+00 4.3413867E-01 -1.3466429E+00 -5.4160695E-01 -1.9675214E+00 -2.3064708E-01
-1.0390039E+00 5.1286539E-01 -1.4177535E+00 -4.6297430E-01 -2.1144248E+00 -9.3931096E-02
-1.0776409E+00 5.9942855E-01 -1.5181367E+00 -3.7147924E-01 -2.2977307E+00 -1.3726012E-03
-1.1157456E+00 6.8509045E-01 -1.6171957E+00 -2.7462081E-01 -2.4691316E+00 1.0517323E-01
-1.1476192E+00 7.5998242E-01 -1.7240541E+00 -2.1928592E-01 -2.6387989E+00 2.0343995E-01
-1.1639542E+00 8.0042049E-01 -1.7848441E+00 -1.8979653E-01 -2.7286215E+00 2.7364470E-01
-1.1775399E+00 8.2944033E-01 -1.8284685E+00 -1.6700344E-01 -2.7897032E+00 3.2177118E-01
