-1.0317763E+00 1.7506236E-01 -1.2074063E+00 -8.5561574E-01 -1.3732304E+00 -6.9381857E-01
-1.0187537E+00 1.4966768E-01 -1.1693225E+00 -8.6708025E-01 -1.3135484E+00 -7.3345089E-01
-1.0112518E+00 1.4447350E-01 -1.1572729E+00 -8.6555366E-01 -1.2996909E+00 -7.3710478E-01
-9.8099292E-01 1.2120238E-01 -1.0937001E+00 -8.5171144E-01 -1.2265765E+00 -7.5484697E-01
-9.4071010E-01 1.5672901E-01 -1.0935112E+00 -7.8316404E-01 -1.2573251E+00 -6.4440882E-01
-9.3800869E-01 1.8607741E-01 -1.0930089E+00 -7.3773263E-01 -1.3120129E+00 -5.8339728E-01
-9.5660439E-01 1.9720641E-01 -1.1167985E+00 -7.4147281E-01 -1.3465946E+00 -5.8047832E-01
-9.7210163E-01 1.9557420E-01 -1.1289091E+00 -7.5899780E-01 -1.3616763E+00 -6.0409230E-01
-1.0010037E+00 2.0561767E-01 -1.1691241E+00 -7.7698588E-01 -1.4121700E+00 -6.1273174E-01
-1.0150322E+00 2.2168596E-01 -1.2023052E+00 -7.7277644E-01 -1.4600886E+00 -5.9276706E-01
-1.0549611E+00 2.3444815E-01 -1.2678076E+00 -8.0537330E-01 -1.5394071E+00 -6.2483871E-01
-1.1279101E+00 3.1385183E-01 -1.4345450E+00 -8.2016147E-01 -1.7735574E+00 -5.3007206E-01
-1.1947962E+00 4.1451544E-01 -1.5674673E+00 -7.6022020E-01 -2.0111854E+00 -3.8709978E-01
-1.2696604E+00 5.3740232E-01 -1.7231850E+00 -6.6026184E-01 -2.3621169E+00 -2.7293863E-01
-1.3134493E+00 6.0734584E-01 -1.7927035E+00 -5.9234166E-01 -2.5526160E+00 -2.1908425E-01
-1.3162539E+00 6.0844243E-01 -1.7972815E+00 -5.9257849E-01 -2.5499026E+00 -2.1329844E-01
-1.3602401E+00 6.7025860E-01 -1.8292615E+00 -5.0562185E-01 -2.7202674E+00 -2.3388673E-01
-1.3942133E+00 7.5387148E-01 -1.9074598E+00 -4.1245677E-01 -2.9056473E+00 -1.4762017E-01
-1.3948814E+00 7.5576928E-01 -1.9128700E+00 -4.0677059E-01 -2.8851328E+00 -1.3614857E-01
-1.4029873E+00 7.8561102E-01 -1.9524512E+00 -3.7500066E-01 -2.9166274E+00 -5.7268476E-02
