-1.0030615E+00 1.7423968E-01 -1.1639832E+00 -8.2187388E-01 -1.3588822E+00 -6.7032388E-01
-1.0091570E+00 1.4887891E-01 -1.1413551E+00 -8.5090680E-01 -1.3208264E+00 -7.3026063E-01
-1.0088123E+00 1.4266227E-01 -1.1349760E+00 -8.5741930E-01 -1.3095975E+00 -7.4281173E-01
-1.0236078E+00 1.2364639E-01 -1.1296464E+00 -8.9406214E-01 -1.2701752E+00 -7.8143261E-01
-1.0702496E+00 1.6321140E-01 -1.2154441E+00 -8.9699100E-01 -1.3933488E+00 -7.6014613E-01
-1.1236005E+00 2.0124390E-01 -1.2910839E+00 -9.0421857E-01 -1.5284805E+00 -7.4051875E-01
-1.1449040E+00 2.2149274E-01 -1.3223205E+00 -8.9604339E-01 -1.5915604E+00 -7.3087561E-01
-1.1477018E+00 2.2618959E-01 -1.3233444E+00 -8.9184298E-01 -1.6088452E+00 -7.2855813E-01
-1.1453170E+00 2.3982616E-01 -1.3267236E+00 -8.7248296E-01 -1.6552105E+00 -7.0586421E-01
-1.1402201E+00 2.5682726E-01 -1.3488802E+00 -8.5603308E-01 -1.6792440E+00 -6.5915150E-01
-1.1097477E+00 2.6362176E-01 -1.3397176E+00 -8.2186440E-01 -1.6439280E+00 -6.0696678E-01
-1.0452763E+00 3.3007192E-01 -1.3655402E+00 -7.1905884E-01 -1.7098067E+00 -4.1997864E-01
-1.0003073E+00 4.2424013E-01 -1.3758038E+00 -5.6415453E-01 -1.8225671E+00 -1.7580697E-01
-9.8855754E-01 5.4061329E-01 -1.4022542E+00 -3.9314756E-01 -2.1095379E+00 2.0435722E-02
-1.0082326E+00 6.0401178E-01 -1.4328515E+00 -3.1736102E-01 -2.2934562E+00 7.6556953E-02
-1.0140273E+00 6.0371080E-01 -1.4373316E+00 -3.2476233E-01 -2.3039887E+00 6.4828508E-02
-1.0659814E+00 6.5446052E-01 -1.4413210E+00 -2.7063865E-01 -2.4646402E+00 4.8830167E-03
-1.1149256E+00 7.2906527E-01 -1.4893708E+00 -1.5457790E-01 -2.5941980E+00 8.9980154E-03
-1.1178212E+00 7.2786572E-01 -1.4922159E+00 -1.6766838E-01 -2.5859625E+00 -1.9107626E-03
-1.1328968E+00 7.5324542E-01 -1.5043293E+00 -6.0631897E-02 -2.6122449E+00 -1.4104007E-04
