-1.0883351E+00 1.6836432E-01 -1.2565287E+00 -9.1941620E-01 -1.4148804E+00 -7.5716193E-01
-1.0903683E+00 1.4225038E-01 -1.2302627E+00 -9.4843327E-01 -1.3756983E+00 -8.1642938E-01
-1.0938079E+00 1.3606554E-01 -1.2277227E+00 -9.5910449E-01 -1.3712746E+00 -8.3450483E-01
-1.0789444E+00 1.1646988E-01 -1.1850549E+00 -9.5879037E-01 -1.3172419E+00 -8.6056995E-01
-1.0228692E+00 1.4997809E-01 -1.1665243E+00 -8.7662986E-01 -1.3356824E+00 -7.3912110E-01
-9.4570783E-01 1.7366674E-01 -1.0971553E+00 -7.6119142E-01 -1.2930595E+00 -6.1191715E-01
-9.0799775E-01 1.8558280E-01 -1.0597184E+00 -7.0576890E-01 -1.2858174E+00 -5.5264185E-01
-8.9616018E-01 1.8539231E-01 -1.0435444E+00 -6.8894198E-01 -1.2795615E+00 -5.4997570E-01
-8.9062104E-01 1.9511590E-01 -1.0507454E+00 -6.7180196E-01 -1.2954121E+00 -5.2781040E-01
-8.8781838E-01 2.1306423E-01 -1.0684241E+00 -6.5197749E-01 -1.3416507E+00 -4.9910932E-01
-9.6303545E-01 2.2086792E-01 -1.1702558E+00 -7.2941112E-01 -1.4149330E+00 -5.4857962E-01
-1.1821782E+00 3.0389949E-01 -1.4719989E+00 -8.6660157E-01 -1.7931131E+00 -6.1120201E-01
-1.4315247E+00 4.2691092E-01 -1.8377778E+00 -9.8250412E-01 -2.2917141E+00 -6.2603628E-01
-1.6840998E+00 5.7544143E-01 -2.2722361E+00 -1.0989753E+00 -2.8119268E+00 -5.6797792E-01
-1.7958856E+00 6.5655722E-01 -2.4757659E+00 -1.1132543E+00 -3.0366867E+00 -5.2091637E-01
-1.7969276E+00 6.5914971E-01 -2.4801775E+00 -1.1080632E+00 -3.0376041E+00 -5.1659379E-01
-1.8628243E+00 7.2939270E-01 -2.7147141E+00 -1.1348338E+00 -3.1542185E+00 -4.8954611E-01
-1.9009666E+00 8.1864981E-01 -2.9372359E+00 -1.1235479E+00 -3.3416614E+00 -4.4496688E-01
-1.8991465E+00 8.2102928E-01 -2.9385019E+00 -1.1152735E+00 -3.3400907E+00 -4.4973190E-01
-1.9095211E+00 8.5026311E-01 -2.9853099E+00 -1.0963766E+00 -3.4394655E+00 -4.4602760E-01
