-1.0874117E+00 1.7540530E-01 -1.2624271E+00 -9.0994113E-01 -1.4418884E+00 -7.5535675E-01
-1.0638184E+00 1.4978385E-01 -1.1999447E+00 -9.0887589E-01 -1.3741074E+00 -7.8303916E-01
-1.0516041E+00 1.4332160E-01 -1.1812027E+00 -9.0513649E-01 -1.3487120E+00 -7.8287198E-01
-9.7858027E-01 1.2005172E-01 -1.0874509E+00 -8.5268476E-01 -1.2317051E+00 -7.5496547E-01
-8.7657331E-01 1.5899796E-01 -1.0140961E+00 -7.0344824E-01 -1.2134407E+00 -5.8578485E-01
-8.5942808E-01 1.8850936E-01 -1.0088136E+00 -6.5252654E-01 -1.2435306E+00 -5.0637550E-01
-8.9309750E-01 1.9914484E-01 -1.0539481E+00 -6.7920914E-01 -1.2915757E+00 -5.1660246E-01
-9.2189745E-01 1.9786393E-01 -1.0791675E+00 -7.0672223E-01 -1.3137662E+00 -5.5289271E-01
-9.7500785E-01 2.0521156E-01 -1.1361496E+00 -7.4774985E-01 -1.4016275E+00 -5.9219581E-01
-1.0020617E+00 2.1921699E-01 -1.1837877E+00 -7.6541387E-01 -1.4486657E+00 -5.7832321E-01
-1.0785536E+00 2.2969938E-01 -1.2840919E+00 -8.3451333E-01 -1.5668082E+00 -6.5291950E-01
-1.2156725E+00 3.2004965E-01 -1.5213767E+00 -8.8405234E-01 -1.8611672E+00 -6.1341489E-01
-1.3260336E+00 4.3131410E-01 -1.7207674E+00 -8.6514411E-01 -2.2066865E+00 -5.1566653E-01
-1.4236737E+00 5.5901428E-01 -1.9380771E+00 -8.1206487E-01 -2.5738269E+00 -4.0551978E-01
-1.4680270E+00 6.3067367E-01 -2.0481649E+00 -7.5870920E-01 -2.7545776E+00 -3.5101041E-01
-1.4679770E+00 6.3301755E-01 -2.0546654E+00 -7.5589864E-01 -2.7529512E+00 -3.4436399E-01
-1.5079477E+00 7.0414700E-01 -2.1330926E+00 -6.3553817E-01 -2.8772938E+00 -2.9089657E-01
-1.5376480E+00 7.9564645E-01 -2.2520123E+00 -5.5070990E-01 -3.0108870E+00 -1.1967378E-01
-1.5377558E+00 7.9668846E-01 -2.2416094E+00 -5.3241321E-01 -2.9699999E+00 -1.0440595E-01
-1.5440414E+00 8.2727607E-01 -2.2808417E+00 -4.8717030E-01 -3.0616388E+00 1.0231746E-02
