-9.0521183E-01 1.7382043E-01 -1.0757958E+00 -7.3391730E-01 -1.2520315E+00 -5.7109654E-01
-9.1389990E-01 1.4657901E-01 -1.0597634E+00 -7.6814138E-01 -1.2036136E+00 -6.3534603E-01
-9.1652574E-01 1.3987127E-01 -1.0511999E+00 -7.7016115E-01 -1.1907432E+00 -6.5005210E-01
-9.5185024E-01 1.1492591E-01 -1.0642778E+00 -8.3720448E-01 -1.1763600E+00 -7.2821117E-01
-1.0232765E+00 1.5609275E-01 -1.1775933E+00 -8.6783736E-01 -1.3354982E+00 -7.1992796E-01
-1.0773246E+00 1.9707295E-01 -1.2495611E+00 -8.6827801E-01 -1.4753241E+00 -6.9791322E-01
-1.0899803E+00 2.1854502E-01 -1.2675651E+00 -8.4676671E-01 -1.5266163E+00 -6.8012864E-01
-1.0831402E+00 2.2231115E-01 -1.2505420E+00 -8.2787758E-01 -1.5320670E+00 -6.7569246E-01
-1.0662282E+00 2.3780034E-01 -1.2472624E+00 -7.9975951E-01 -1.5529079E+00 -6.3882647E-01
-1.0513751E+00 2.5844620E-01 -1.2542257E+00 -7.6090528E-01 -1.6077139E+00 -6.0848893E-01
-1.0191769E+00 2.6454738E-01 -1.2381565E+00 -7.2734485E-01 -1.5538356E+00 -5.1678869E-01
-9.8919691E-01 3.2570544E-01 -1.3009238E+00 -6.6901968E-01 -1.6209995E+00 -3.5117153E-01
-1.0138249E+00 4.3058789E-01 -1.3949014E+00 -5.5107206E-01 -1.9223497E+00 -2.2786808E-01
-1.0949890E+00 5.7052568E-01 -1.5673513E+00 -4.4258319E-01 -2.2483680E+00 -4.0640144E-02
-1.1644200E+00 6.4719282E-01 -1.6597906E+00 -3.7811428E-01 -2.4781970E+00 -1.1031972E-02
-1.1709860E+00 6.4840116E-01 -1.6634572E+00 -3.7999139E-01 -2.4747185E+00 -8.2329503E-03
-1.2671899E+00 7.0444048E-01 -1.7416500E+00 -3.4600871E-01 -2.6995572E+00 -1.1232240E-01
-1.3500335E+00 7.8192355E-01 -1.8354504E+00 -2.6953133E-01 -2.8673475E+00 -7.5731762E-02
-1.3536534E+00 7.8355553E-01 -1.8510503E+00 -2.8363700E-01 -2.8560803E+00 -5.4973301E-02
-1.3745937E+00 8.1170988E-01 -1.8864640E+00 -2.6328429E-01 -2.9208503E+00 8.9077905E-03
