-6.2357337E-01 1.6462653E-01 -7.8435663E-01 -4.6183379E-01 -9.4423637E-01 -2.9384608E-01
-6.5463833E-01 1.3688686E-01 -7.8883316E-01 -5.2022834E-01 -9.2411008E-01 -3.8310667E-01
-6.6318971E-01 1.3013813E-01 -7.9132185E-01 -5.3587512E-01 -9.2136221E-01 -4.0447822E-01
-7.7357205E-01 1.1756909E-01 -8.9170861E-01 -6.5780478E-01 -1.0084654E+00 -5.4586661E-01
-1.0006282E+00 1.7158698E-01 -1.1519471E+00 -8.1851016E-01 -1.3418415E+00 -6.6777736E-01
-1.1795224E+00 2.1595921E-01 -1.3444498E+00 -9.3836049E-01 -1.6080244E+00 -7.7558545E-01
-1.2268466E+00 2.3727032E-01 -1.3975141E+00 -9.5823154E-01 -1.7140955E+00 -7.9761647E-01
-1.2121439E+00 2.3947118E-01 -1.3810718E+00 -9.3528417E-01 -1.7089153E+00 -7.8261858E-01
-1.1867000E+00 2.5312573E-01 -1.3784062E+00 -8.9592974E-01 -1.7098828E+00 -7.2443589E-01
-1.1621722E+00 2.7215857E-01 -1.3786511E+00 -8.5505682E-01 -1.7227371E+00 -6.5386306E-01
-1.1112512E+00 2.7156620E-01 -1.3452120E+00 -8.1149874E-01 -1.6867149E+00 -6.2185255E-01
-1.0502072E+00 3.2031454E-01 -1.3467220E+00 -7.1081037E-01 -1.6972291E+00 -4.5414761E-01
-1.0535059E+00 4.1882752E-01 -1.4270456E+00 -6.1049133E-01 -1.9263441E+00 -2.7200638E-01
-1.1138665E+00 5.7143151E-01 -1.5973286E+00 -4.8178805E-01 -2.2821983E+00 -5.7335431E-02
-1.1666649E+00 6.6391409E-01 -1.6903824E+00 -3.8524755E-01 -2.5375749E+00 6.6319840E-03
-1.1732503E+00 6.6551007E-01 -1.6823915E+00 -3.7511254E-01 -2.5481033E+00 -1.5904576E-02
-1.2392804E+00 7.4468435E-01 -1.7074824E+00 -2.5130199E-01 -2.7368356E+00 -4.4886556E-02
-1.2950981E+00 8.3745053E-01 -1.7477018E+00 -1.2690471E-01 -2.9346610E+00 -7.4633877E-03
-1.2978660E+00 8.3832270E-01 -1.7105355E+00 -8.7749729E-02 -2.9176479E+00 -1.5484766E-02
-1.3126121E+00 8.6601475E-01 -1.7125282E+00 -2.2261193E-02 -2.9499511E+00 -1.8332069E-03
