-8.4048283E-01 1.9561724E-01 -1.0338406E+00 -6.4602757E-01 -1.2365839E+00 -4.6581357E-01
-8.8121887E-01 1.6825296E-01 -1.0356671E+00 -7.0596435E-01 -1.2134964E+00 -5.5226163E-01
-8.9536473E-01 1.6067066E-01 -1.0388372E+00 -7.2590894E-01 -1.2130331E+00 -5.8282170E-01
-1.0291350E+00 1.4286972E-01 -1.1465066E+00 -8.7164494E-01 -1.3221590E+00 -7.6330835E-01
-1.2798195E+00 1.9458657E-01 -1.4474146E+00 -1.0617625E+00 -1.6693222E+00 -9.1822175E-01
-1.4354569E+00 2.5486288E-01 -1.6457813E+00 -1.1350399E+00 -1.9459704E+00 -9.7397260E-01
-1.4420781E+00 2.8568885E-01 -1.6797500E+00 -1.1110479E+00 -2.0181954E+00 -9.2735412E-01
-1.4009450E+00 2.8829585E-01 -1.6421745E+00 -1.0653163E+00 -1.9736223E+00 -8.8230173E-01
-1.3061529E+00 2.9480052E-01 -1.5578872E+00 -9.5908843E-01 -1.8771867E+00 -7.7362736E-01
-1.2465059E+00 3.0434269E-01 -1.5212869E+00 -8.9893807E-01 -1.8321181E+00 -6.8813283E-01
-1.0622819E+00 2.9603567E-01 -1.3431776E+00 -7.4661824E-01 -1.6552198E+00 -5.2043420E-01
-7.3038907E-01 3.2142640E-01 -1.0274510E+00 -3.9347319E-01 -1.3960413E+00 -1.2610315E-01
-5.0446656E-01 3.7482556E-01 -8.4583862E-01 -9.7979375E-02 -1.2492506E+00 2.1474406E-01
-3.9471730E-01 4.5221245E-01 -7.7095223E-01 1.3263283E-01 -1.2179430E+00 4.5623622E-01
-4.0780115E-01 4.9059954E-01 -7.7385485E-01 1.8276409E-01 -1.2762933E+00 4.9153849E-01
-4.2022737E-01 4.8678526E-01 -7.7300330E-01 1.6824628E-01 -1.3094223E+00 4.4855743E-01
-5.2174915E-01 4.9890083E-01 -7.7314127E-01 8.7170648E-02 -1.5286644E+00 2.6591872E-01
-6.2894373E-01 5.4690139E-01 -8.4014253E-01 2.2099878E-02 -1.7579154E+00 1.1814339E-01
-6.3981313E-01 5.4546438E-01 -8.4221208E-01 5.7440593E-03 -1.7555392E+00 8.5577721E-02
-6.7312423E-01 5.6410479E-01 -8.5739974E-01 -1.0104741E-02 -1.8015655E+00 2.2843681E-02
