-8.4160584E-01 1.7564256E-01 -1.0145477E+00 -6.6508845E-01 -1.1973918E+00 -5.0984692E-01
-8.6377044E-01 1.4715851E-01 -1.0091983E+00 -7.1722462E-01 -1.1627831E+00 -5.8637139E-01
-8.7508885E-01 1.3986704E-01 -1.0150586E+00 -7.3595025E-01 -1.1521510E+00 -6.0642342E-01
-9.4977128E-01 1.1736047E-01 -1.0677144E+00 -8.3341606E-01 -1.1789411E+00 -7.2110046E-01
-1.0616894E+00 1.5080887E-01 -1.1958315E+00 -9.0246832E-01 -1.3803104E+00 -7.7917762E-01
-1.0889530E+00 1.8478142E-01 -1.2451327E+00 -8.9313031E-01 -1.4558098E+00 -7.3365796E-01
-1.0594972E+00 2.0873888E-01 -1.2293250E+00 -8.3142707E-01 -1.4725031E+00 -6.7071452E-01
-1.0269927E+00 2.1775173E-01 -1.1996806E+00 -7.8647202E-01 -1.4665493E+00 -6.2676563E-01
-9.7890714E-01 2.3479267E-01 -1.1571400E+00 -7.1256005E-01 -1.4540875E+00 -5.5420592E-01
-9.5130697E-01 2.5420177E-01 -1.1502790E+00 -6.6665882E-01 -1.4694450E+00 -4.8262919E-01
-9.3248224E-01 2.5785877E-01 -1.1546888E+00 -6.5682565E-01 -1.4450721E+00 -4.3351022E-01
-9.6591111E-01 3.1615895E-01 -1.2586557E+00 -6.3534605E-01 -1.6259832E+00 -3.7620403E-01
-1.0679225E+00 4.2116624E-01 -1.4411048E+00 -6.2199103E-01 -1.9097997E+00 -2.5080972E-01
-1.2201955E+00 5.7207664E-01 -1.7305718E+00 -6.0221306E-01 -2.3696217E+00 -1.1634384E-01
-1.3097855E+00 6.5758963E-01 -1.8907283E+00 -5.6930462E-01 -2.6147302E+00 -8.0086384E-02
-1.3149924E+00 6.6076804E-01 -1.8960238E+00 -5.6507225E-01 -2.6216882E+00 -8.7274317E-02
-1.3987375E+00 7.2636550E-01 -1.9737610E+00 -4.8204106E-01 -2.8256908E+00 -1.5653114E-01
-1.4615042E+00 8.0453149E-01 -2.0260808E+00 -3.5917977E-01 -3.0099691E+00 -1.2909933E-01
-1.4607475E+00 8.0227087E-01 -2.0032655E+00 -3.3507663E-01 -2.9903226E+00 -1.3734568E-01
-1.4774898E+00 8.2795710E-01 -2.0631945E+00 -3.2832731E-01 -3.0416308E+00 -9.7745332E-02
