-1.0947606E+00 1.6884681E-01 -1.2600930E+00 -9.2457884E-01 -1.4262181E+00 -7.5944063E-01
-1.0840906E+00 1.4060108E-01 -1.2206605E+00 -9.4310138E-01 -1.3646096E+00 -8.0819416E-01
-1.0812811E+00 1.3409859E-01 -1.2116915E+00 -9.4876196E-01 -1.3511249E+00 -8.1955734E-01
-1.0386920E+00 1.1118418E-01 -1.1472837E+00 -9.2790440E-01 -1.2613706E+00 -8.2129482E-01
-9.5074326E-01 1.4553313E-01 -1.0822016E+00 -8.0099262E-01 -1.2538923E+00 -6.7476620E-01
-8.8992617E-01 1.7518405E-01 -1.0416548E+00 -7.0437819E-01 -1.2424572E+00 -5.5243390E-01
-8.8752701E-01 1.8771743E-01 -1.0428807E+00 -6.8480130E-01 -1.2743545E+00 -5.2922647E-01
-9.0459331E-01 1.8561778E-01 -1.0541388E+00 -7.0255273E-01 -1.2882554E+00 -5.5059580E-01
-9.4768906E-01 1.9341312E-01 -1.1061634E+00 -7.3543541E-01 -1.3470041E+00 -5.8613018E-01
-9.6984468E-01 2.1125694E-01 -1.1533507E+00 -7.3895540E-01 -1.4158769E+00 -5.8687055E-01
-1.0670583E+00 2.2258370E-01 -1.2721959E+00 -8.3560453E-01 -1.5319505E+00 -6.4787871E-01
-1.2829213E+00 3.2157847E-01 -1.5871214E+00 -9.4747551E-01 -1.9312761E+00 -6.7267844E-01
-1.4904624E+00 4.5181487E-01 -1.9211939E+00 -1.0094735E+00 -2.3881874E+00 -6.4590724E-01
-1.6851855E+00 6.0361721E-01 -2.2685660E+00 -1.0282898E+00 -2.8730796E+00 -5.6460949E-01
-1.7694250E+00 6.8407780E-01 -2.4884495E+00 -1.0442344E+00 -3.0789758E+00 -5.1175845E-01
-1.7685105E+00 6.8594330E-01 -2.4918466E+00 -1.0395752E+00 -3.0759291E+00 -5.0326324E-01
-1.8153130E+00 7.4934192E-01 -2.6420518E+00 -9.8773742E-01 -3.1677409E+00 -4.6192205E-01
-1.8468417E+00 8.2313879E-01 -2.7743544E+00 -9.1774185E-01 -3.3023721E+00 -3.9469188E-01
-1.8472929E+00 8.2064019E-01 -2.7719424E+00 -9.2019267E-01 -3.2974865E+00 -4.0623237E-01
-1.8536232E+00 8.4311907E-01 -2.8038731E+00 -9.0223213E-01 -3.3393223E+00 -3.6863159E-01
