-9.8389990E-01 1.7067418E-01 -1.1524413E+00 -8.1506260E-01 -1.3313351E+00 -6.6100526E-01
-9.7592391E-01 1.4586022E-01 -1.1114444E+00 -8.2302153E-01 -1.2749870E+00 -7.0403596E-01
-9.7335653E-01 1.4173960E-01 -1.1025939E+00 -8.2465777E-01 -1.2687737E+00 -7.1179722E-01
-9.4162042E-01 1.2656115E-01 -1.0533246E+00 -8.0634152E-01 -1.1927451E+00 -7.0014481E-01
-8.9896413E-01 1.6728537E-01 -1.0466312E+00 -7.1711986E-01 -1.2544115E+00 -5.9474116E-01
-9.0095120E-01 2.0280727E-01 -1.0526277E+00 -6.7995919E-01 -1.3218614E+00 -5.1508475E-01
-9.2734804E-01 2.2209816E-01 -1.0805365E+00 -6.8558480E-01 -1.3876943E+00 -5.2263846E-01
-9.4958779E-01 2.2397861E-01 -1.1023801E+00 -7.0617357E-01 -1.4110587E+00 -5.4330421E-01
-9.8665610E-01 2.2830069E-01 -1.1487016E+00 -7.3603366E-01 -1.4418953E+00 -5.6500175E-01
-1.0048138E+00 2.3803108E-01 -1.1834533E+00 -7.4323876E-01 -1.4894059E+00 -5.5802670E-01
-1.0499458E+00 2.4243311E-01 -1.2565471E+00 -7.9068396E-01 -1.5503616E+00 -5.8560962E-01
-1.1202988E+00 3.2071894E-01 -1.4307073E+00 -8.0592018E-01 -1.7692607E+00 -5.0221574E-01
-1.1664247E+00 4.2380851E-01 -1.5549529E+00 -7.2980566E-01 -2.0379634E+00 -3.7548413E-01
-1.2017094E+00 5.5450359E-01 -1.6789609E+00 -5.9006686E-01 -2.3155759E+00 -1.5113189E-01
-1.2218067E+00 6.3287863E-01 -1.7505248E+00 -5.0141281E-01 -2.5745920E+00 -1.0398297E-01
-1.2215802E+00 6.3601562E-01 -1.7479955E+00 -4.9196667E-01 -2.5802222E+00 -1.0239312E-01
-1.2601285E+00 6.9708512E-01 -1.7700632E+00 -3.8422373E-01 -2.6897147E+00 -6.3207947E-02
-1.2989526E+00 7.7388413E-01 -1.7722117E+00 -2.2151596E-01 -2.8127991E+00 -2.4794752E-02
-1.3040631E+00 7.7216782E-01 -1.7873347E+00 -2.4438208E-01 -2.8001598E+00 -3.8271241E-02
-1.3150423E+00 7.9555509E-01 -1.7874665E+00 -2.0136484E-01 -2.8398159E+00 -1.4365178E-02
