-1.0686008E+00 1.7380617E-01 -1.2410907E+00 -8.9365856E-01 -1.4104688E+00 -7.3507337E-01
-1.0633097E+00 1.4789613E-01 -1.2070050E+00 -9.1441885E-01 -1.3590493E+00 -7.8295758E-01
-1.0602358E+00 1.4091383E-01 -1.1958244E+00 -9.2116561E-01 -1.3446044E+00 -7.9308146E-01
-1.0513300E+00 1.2717396E-01 -1.1692389E+00 -9.2056446E-01 -1.3153210E+00 -8.1328892E-01
-1.0455776E+00 1.6380871E-01 -1.1970900E+00 -8.7412981E-01 -1.3796531E+00 -7.3580585E-01
-1.0465585E+00 2.0475780E-01 -1.2091535E+00 -8.2200244E-01 -1.4542317E+00 -6.6388093E-01
-1.0456044E+00 2.3146505E-01 -1.2142654E+00 -7.8829080E-01 -1.5043086E+00 -6.1970177E-01
-1.0403034E+00 2.3496100E-01 -1.2101106E+00 -7.8129769E-01 -1.5147263E+00 -6.0930465E-01
-1.0290011E+00 2.4358534E-01 -1.2067871E+00 -7.5993487E-01 -1.5247935E+00 -5.8155509E-01
-1.0211528E+00 2.5796708E-01 -1.2173236E+00 -7.3578876E-01 -1.5395105E+00 -5.4155013E-01
-1.0096190E+00 2.5857908E-01 -1.2267199E+00 -7.2101904E-01 -1.5329596E+00 -5.2059113E-01
-1.0137726E+00 3.2115502E-01 -1.3105135E+00 -6.7257147E-01 -1.6724666E+00 -4.0649585E-01
-1.0575877E+00 4.2625332E-01 -1.4446978E+00 -6.1628089E-01 -1.9457567E+00 -2.4436219E-01
-1.1403417E+00 5.5969986E-01 -1.5990888E+00 -5.3368951E-01 -2.3663897E+00 -1.0551612E-01
-1.1968642E+00 6.3505581E-01 -1.6989874E+00 -4.8743933E-01 -2.6047638E+00 -7.2077883E-02
-1.2028416E+00 6.3714082E-01 -1.7020480E+00 -4.8845670E-01 -2.6208642E+00 -8.8093523E-02
-1.2609715E+00 7.0881322E-01 -1.7367478E+00 -3.6419769E-01 -2.7403592E+00 -8.0241650E-02
-1.3065543E+00 8.0306463E-01 -1.7679213E+00 -1.7158198E-01 -2.8606994E+00 -1.5805652E-02
-1.3072643E+00 8.0479183E-01 -1.7523081E+00 -1.5100314E-01 -2.8552044E+00 -2.9068334E-02
-1.3179900E+00 8.3368052E-01 -1.8211478E+00 -3.9062329E-02 -2.8817992E+00 -2.9146219E-03
