-1.1216637E+00 1.9776556E-01 -1.3195777E+00 -9.2361064E-01 -1.5156840E+00 -7.4257743E-01
-1.1402574E+00 1.7507306E-01 -1.3072164E+00 -9.5808453E-01 -1.4982408E+00 -8.1484151E-01
-1.1474448E+00 1.7018499E-01 -1.3063757E+00 -9.6636874E-01 -1.4961708E+00 -8.3449965E-01
-1.2137337E+00 1.5404091E-01 -1.3483758E+00 -1.0438214E+00 -1.5369745E+00 -9.3608792E-01
-1.3228252E+00 1.9529665E-01 -1.5013239E+00 -1.1082870E+00 -1.7239609E+00 -9.7026252E-01
-1.3534695E+00 2.3505398E-01 -1.5608447E+00 -1.0907069E+00 -1.8175432E+00 -9.1810140E-01
-1.3186489E+00 2.5402354E-01 -1.5421434E+00 -1.0397167E+00 -1.8270847E+00 -8.4269148E-01
-1.2826246E+00 2.5640017E-01 -1.5033775E+00 -9.9588860E-01 -1.8247980E+00 -8.2349145E-01
-1.1897951E+00 2.6657163E-01 -1.4265120E+00 -8.9385311E-01 -1.7184015E+00 -6.9212325E-01
-1.1377119E+00 2.8359663E-01 -1.3943068E+00 -8.2408115E-01 -1.7138732E+00 -6.2496660E-01
-9.5214578E-01 2.8879229E-01 -1.2255496E+00 -6.3815166E-01 -1.5434134E+00 -4.1590798E-01
-6.1649883E-01 3.2206707E-01 -9.4886981E-01 -2.9121610E-01 -1.2546032E+00 -2.3343758E-02
-3.9909309E-01 3.5950424E-01 -7.4762232E-01 -3.4308328E-02 -1.0812668E+00 3.0095637E-01
-3.2029859E-01 4.1113720E-01 -6.5740234E-01 1.5819622E-01 -1.0780378E+00 4.4734965E-01
-3.5748230E-01 4.4476730E-01 -6.7434255E-01 1.7586835E-01 -1.2036739E+00 4.4685226E-01
-3.7309691E-01 4.4547466E-01 -6.9035334E-01 1.5950473E-01 -1.2307089E+00 4.3564083E-01
-5.0426771E-01 4.6348853E-01 -7.4217832E-01 4.5079362E-02 -1.4904062E+00 2.4169566E-01
-6.2953167E-01 5.2207475E-01 -8.2197561E-01 7.2275299E-04 -1.7329445E+00 9.9657763E-02
-6.3562388E-01 5.2206207E-01 -8.1996110E-01 -1.0431950E-02 -1.7248368E+00 6.8474518E-02
-6.6873116E-01 5.4536275E-01 -8.2733900E-01 -1.6327867E-02 -1.7958861E+00 5.3414150E-03
