-1.0351303E+00 1.6967601E-01 -1.1959583E+00 -8.6249662E-01 -1.3743029E+00 -7.0834538E-01
-1.0496333E+00 1.4455506E-01 -1.1820445E+00 -8.9805630E-01 -1.3425645E+00 -7.7833043E-01
-1.0650223E+00 1.3978003E-01 -1.1948456E+00 -9.1758127E-01 -1.3447304E+00 -8.0400543E-01
-1.0777822E+00 1.2262859E-01 -1.1861922E+00 -9.4543060E-01 -1.3324745E+00 -8.5208708E-01
-1.0373069E+00 1.5767140E-01 -1.1773084E+00 -8.7023872E-01 -1.3654360E+00 -7.4442207E-01
-9.2489677E-01 1.9489231E-01 -1.0773495E+00 -7.0995365E-01 -1.3192737E+00 -5.6414337E-01
-8.4781337E-01 2.1596694E-01 -1.0038737E+00 -6.0195258E-01 -1.2809496E+00 -4.5011859E-01
-8.1581593E-01 2.1656623E-01 -9.7160298E-01 -5.6926351E-01 -1.2555182E+00 -4.2312833E-01
-7.7887234E-01 2.2314120E-01 -9.4746780E-01 -5.3000101E-01 -1.2420771E+00 -3.6366725E-01
-7.6158026E-01 2.3771219E-01 -9.5544499E-01 -5.0320649E-01 -1.2508692E+00 -3.0987141E-01
-7.9423057E-01 2.3782155E-01 -9.9816258E-01 -5.4094439E-01 -1.3092575E+00 -3.5609404E-01
-9.4239383E-01 3.0706061E-01 -1.2489024E+00 -6.4022454E-01 -1.5527724E+00 -3.4835329E-01
-1.1500791E+00 4.3118501E-01 -1.5798781E+00 -7.2606490E-01 -2.0071227E+00 -3.0874469E-01
-1.3890747E+00 5.9072574E-01 -1.9489897E+00 -7.5949831E-01 -2.5667936E+00 -2.6112435E-01
-1.5079203E+00 6.7841926E-01 -2.1387940E+00 -7.3898629E-01 -2.8457821E+00 -2.6279907E-01
-1.5120185E+00 6.8125904E-01 -2.1398898E+00 -7.3278469E-01 -2.8577474E+00 -2.6668470E-01
-1.5948988E+00 7.5141248E-01 -2.2193271E+00 -5.9877958E-01 -3.0396291E+00 -3.2681585E-01
-1.6498718E+00 8.3270268E-01 -2.4792949E+00 -6.3909599E-01 -3.1566059E+00 -2.0073570E-01
-1.6487890E+00 8.3292127E-01 -2.4873348E+00 -6.4493169E-01 -3.1439483E+00 -1.9904681E-01
-1.6629096E+00 8.5733645E-01 -2.5315135E+00 -6.3079521E-01 -3.2141736E+00 -1.7504557E-01
