-1.0187896E+00 1.8242369E-01 -1.2003544E+00 -8.3559139E-01 -1.3758255E+00 -6.6887942E-01
-1.0202577E+00 1.5436490E-01 -1.1766793E+00 -8.6650163E-01 -1.3282376E+00 -7.2639791E-01
-1.0175878E+00 1.4743442E-01 -1.1647857E+00 -8.7099389E-01 -1.3139294E+00 -7.3825939E-01
-1.0313113E+00 1.3279611E-01 -1.1527811E+00 -8.9063089E-01 -1.3040984E+00 -7.8460353E-01
-1.0813996E+00 1.7496494E-01 -1.2377830E+00 -9.0323656E-01 -1.4539673E+00 -7.5805909E-01
-1.1400788E+00 2.0884402E-01 -1.3208364E+00 -9.2161532E-01 -1.5493070E+00 -7.3583961E-01
-1.1608697E+00 2.2465367E-01 -1.3528543E+00 -9.1696683E-01 -1.6079637E+00 -7.3699274E-01
-1.1579383E+00 2.2536638E-01 -1.3446267E+00 -9.0777832E-01 -1.6105102E+00 -7.3473185E-01
-1.1334605E+00 2.3563809E-01 -1.3291757E+00 -8.7202023E-01 -1.6085817E+00 -6.9098279E-01
-1.1136137E+00 2.5410369E-01 -1.3289112E+00 -8.3450071E-01 -1.6300265E+00 -6.3778207E-01
-1.0422239E+00 2.6036967E-01 -1.2681431E+00 -7.5791880E-01 -1.5916903E+00 -5.6690097E-01
-9.1112011E-01 3.1881384E-01 -1.1942533E+00 -5.7248816E-01 -1.5355000E+00 -2.9052429E-01
-8.2899488E-01 4.0257211E-01 -1.1692989E+00 -3.9949698E-01 -1.6404809E+00 -5.2589446E-02
-8.0783407E-01 5.1977815E-01 -1.2068974E+00 -2.3822704E-01 -1.8617780E+00 1.7690647E-01
-8.3229107E-01 5.8858416E-01 -1.2255572E+00 -1.6407261E-01 -2.0560957E+00 2.2812531E-01
-8.4030637E-01 5.8882528E-01 -1.2259596E+00 -1.6771543E-01 -2.0669120E+00 2.0841467E-01
-9.1393902E-01 6.3606440E-01 -1.2245717E+00 -1.5046301E-01 -2.2646883E+00 7.1607619E-02
-9.8366432E-01 7.0614503E-01 -1.2650591E+00 -1.1010603E-01 -2.4722084E+00 1.6826615E-02
-9.8854131E-01 7.0453468E-01 -1.2575793E+00 -1.1146316E-01 -2.4655849E+00 -3.1825630E-03
-1.0082566E+00 7.2877443E-01 -1.3077987E+00 -4.7106786E-02 -2.5502145E+00 -3.4682144E-03
