-1.0673066E+00 1.6415850E-01 -1.2302295E+00 -9.0455969E-01 -1.3937031E+00 -7.5094207E-01
-1.0362338E+00 1.3529842E-01 -1.1645672E+00 -8.9717295E-01 -1.3092589E+00 -7.7639656E-01
-1.0207858E+00 1.2903686E-01 -1.1432970E+00 -8.8775881E-01 -1.2815011E+00 -7.7413269E-01
-9.3239593E-01 1.1003102E-01 -1.0343036E+00 -8.1797977E-01 -1.1552003E+00 -7.2239184E-01
-8.0181690E-01 1.5071328E-01 -9.5026923E-01 -6.5300176E-01 -1.1021882E+00 -5.1280466E-01
-7.7209845E-01 1.7308027E-01 -9.2490885E-01 -5.8776761E-01 -1.1186576E+00 -4.3347324E-01
-8.1626399E-01 1.7998329E-01 -9.6981831E-01 -6.2097962E-01 -1.1812023E+00 -4.7154394E-01
-8.6462783E-01 1.7861251E-01 -1.0135652E+00 -6.6703874E-01 -1.2268244E+00 -5.2662982E-01
-9.6419150E-01 1.8820941E-01 -1.1213886E+00 -7.5750170E-01 -1.3524277E+00 -6.0759674E-01
-1.0175478E+00 2.0530876E-01 -1.1895469E+00 -7.9101964E-01 -1.4391077E+00 -6.2518519E-01
-1.1637513E+00 2.2235427E-01 -1.3714747E+00 -9.3193972E-01 -1.6251232E+00 -7.4440113E-01
-1.4208719E+00 3.2253041E-01 -1.7379160E+00 -1.1021057E+00 -2.0648259E+00 -7.8857784E-01
-1.6115588E+00 4.4277915E-01 -2.0263486E+00 -1.1539061E+00 -2.5288386E+00 -7.7180226E-01
-1.7485349E+00 5.7946584E-01 -2.2931173E+00 -1.1056937E+00 -2.9153589E+00 -6.8503482E-01
-1.7932912E+00 6.5512015E-01 -2.4171744E+00 -1.0303865E+00 -3.0656742E+00 -6.1773695E-01
-1.7897408E+00 6.5857710E-01 -2.4113230E+00 -1.0115521E+00 -3.0661900E+00 -6.1092927E-01
-1.8097435E+00 7.2629742E-01 -2.5639692E+00 -9.6320649E-01 -3.1336142E+00 -5.4441553E-01
-1.8231719E+00 8.1044656E-01 -2.6131649E+00 -8.1424992E-01 -3.3347344E+00 -4.5115798E-01
-1.8237310E+00 8.1161812E-01 -2.6063731E+00 -8.0698784E-01 -3.3449142E+00 -4.7104225E-01
-1.8258936E+00 8.4004731E-01 -2.6317113E+00 -7.7383200E-01 -3.4214266E+00 -4.4370179E-01
