-8.6389369E-01 1.6883124E-01 -1.0305725E+00 -6.9446649E-01 -1.2026429E+00 -5.3765406E-01
-8.6542721E-01 1.4101276E-01 -1.0039295E+00 -7.2563645E-01 -1.1472244E+00 -5.9431134E-01
-8.7217994E-01 1.3452716E-01 -1.0023577E+00 -7.3909656E-01 -1.1413405E+00 -6.1511357E-01
-8.6117843E-01 1.1058253E-01 -9.7121314E-01 -7.5188619E-01 -1.0827628E+00 -6.5087480E-01
-8.0417608E-01 1.3882527E-01 -9.4326264E-01 -6.6701390E-01 -1.0798658E+00 -5.3922970E-01
-7.2783557E-01 1.5268859E-01 -8.7723978E-01 -5.7528462E-01 -1.0382502E+00 -4.3994852E-01
-6.9926323E-01 1.5904874E-01 -8.3933059E-01 -5.3043755E-01 -1.0327752E+00 -4.0654230E-01
-6.9993870E-01 1.5833690E-01 -8.3753832E-01 -5.3204385E-01 -1.0175985E+00 -3.9701814E-01
-7.3162936E-01 1.7035153E-01 -8.7946861E-01 -5.4975828E-01 -1.0911168E+00 -4.2172289E-01
-7.4724893E-01 1.8863149E-01 -9.1249818E-01 -5.4580085E-01 -1.1418445E+00 -4.0397345E-01
-8.9275831E-01 2.1137041E-01 -1.0885816E+00 -6.7255170E-01 -1.3294914E+00 -5.0220980E-01
-1.2601252E+00 3.0972239E-01 -1.5477711E+00 -9.3621372E-01 -1.8940667E+00 -6.8124314E-01
-1.6502831E+00 4.0789001E-01 -2.0572369E+00 -1.2459837E+00 -2.4746727E+00 -8.6972351E-01
-2.0326176E+00 5.1742254E-01 -2.5587690E+00 -1.5082673E+00 -3.0019875E+00 -9.9137246E-01
-2.1991003E+00 5.7850599E-01 -2.8454457E+00 -1.6494184E+00 -3.2931068E+00 -1.0908808E+00
-2.1996543E+00 5.7891163E-01 -2.8495333E+00 -1.6499938E+00 -3.2943549E+00 -1.0998832E+00
-2.2922466E+00 6.2742956E-01 -3.1030971E+00 -1.8084671E+00 -3.3728722E+00 -1.1042025E+00
-2.3456090E+00 6.9755635E-01 -3.3344685E+00 -1.9310487E+00 -3.4977322E+00 -1.0720146E+00
-2.3417082E+00 6.9786334E-01 -3.3501467E+00 -1.9526737E+00 -3.4631149E+00 -1.0367600E+00
-2.3531781E+00 7.2364012E-01 -3.4184103E+00 -1.9675783E+00 -3.5000000E+00 -1.0192493E+00
