-1.2224565E+00 1.6738813E-01 -1.3896950E+00 -1.0538937E+00 -1.5492418E+00 -8.9654853E-01
-1.1994094E+00 1.4044801E-01 -1.3398773E+00 -1.0586114E+00 -1.4749731E+00 -9.2985109E-01
-1.1897945E+00 1.3435097E-01 -1.3235223E+00 -1.0560977E+00 -1.4541157E+00 -9.3014452E-01
-1.1176237E+00 1.1705068E-01 -1.2301206E+00 -9.9649409E-01 -1.3512278E+00 -8.9676887E-01
-9.8090087E-01 1.5426732E-01 -1.1332547E+00 -8.2770156E-01 -1.2920713E+00 -6.8804170E-01
-8.8057860E-01 1.7988607E-01 -1.0376040E+00 -6.8793794E-01 -1.2382158E+00 -5.3969740E-01
-8.5467928E-01 1.9136203E-01 -1.0093536E+00 -6.4400159E-01 -1.2549353E+00 -4.9338050E-01
-8.5659840E-01 1.9044058E-01 -1.0119833E+00 -6.4869481E-01 -1.2541417E+00 -4.9452456E-01
-8.6378745E-01 1.9680904E-01 -1.0279065E+00 -6.5043650E-01 -1.2629141E+00 -4.8251553E-01
-8.6763581E-01 2.1327193E-01 -1.0503441E+00 -6.3685155E-01 -1.2978324E+00 -4.5868820E-01
-9.2289424E-01 2.2638070E-01 -1.1322163E+00 -6.8722160E-01 -1.3674657E+00 -4.8121211E-01
-1.0754856E+00 3.1686984E-01 -1.3864133E+00 -7.5997678E-01 -1.7107050E+00 -4.7597280E-01
-1.2554984E+00 4.3132585E-01 -1.6595658E+00 -8.0878574E-01 -2.1362455E+00 -4.3715844E-01
-1.4595419E+00 5.7753137E-01 -1.9945666E+00 -8.2652302E-01 -2.6279378E+00 -3.8413619E-01
-1.5681598E+00 6.6488256E-01 -2.2033654E+00 -8.1796827E-01 -2.8845536E+00 -3.5506801E-01
-1.5736533E+00 6.7032235E-01 -2.2216145E+00 -8.2407672E-01 -2.8941063E+00 -3.4681443E-01
-1.6629340E+00 7.4517021E-01 -2.4009371E+00 -7.8875688E-01 -3.0771291E+00 -3.5496480E-01
-1.7279837E+00 8.2888992E-01 -2.5357132E+00 -7.0227486E-01 -3.2709072E+00 -3.2004687E-01
-1.7263777E+00 8.2764559E-01 -2.5250911E+00 -6.9442045E-01 -3.2694413E+00 -3.1825652E-01
-1.7410136E+00 8.5557785E-01 -2.5526941E+00 -6.5708087E-01 -3.3678024E+00 -3.1176780E-01
