-9.3772096E-01 1.5967622E-01 -1.0900220E+00 -7.7770916E-01 -1.2550989E+00 -6.2311844E-01
-9.2611562E-01 1.3399762E-01 -1.0585461E+00 -7.9487642E-01 -1.1929116E+00 -6.6218380E-01
-9.2026431E-01 1.2790418E-01 -1.0470840E+00 -7.9436280E-01 -1.1730215E+00 -6.6938456E-01
-8.9945569E-01 1.0970506E-01 -1.0076170E+00 -7.8920381E-01 -1.1209133E+00 -6.9041939E-01
-8.7778954E-01 1.4921268E-01 -1.0117756E+00 -7.1966515E-01 -1.1856139E+00 -6.0056794E-01
-8.9760830E-01 1.7297165E-01 -1.0463997E+00 -7.2548072E-01 -1.2316191E+00 -5.6420532E-01
-9.3299073E-01 1.8760860E-01 -1.0766940E+00 -7.3778433E-01 -1.2842425E+00 -5.8319333E-01
-9.5678272E-01 1.8910153E-01 -1.0961723E+00 -7.6157955E-01 -1.3149705E+00 -6.0936210E-01
-1.0179430E+00 2.0241798E-01 -1.1673298E+00 -8.0808404E-01 -1.4096068E+00 -6.4269780E-01
-1.0480279E+00 2.2065541E-01 -1.2196366E+00 -8.1636672E-01 -1.4804953E+00 -6.3190177E-01
-1.1616721E+00 2.3084699E-01 -1.3644009E+00 -9.1801764E-01 -1.6299358E+00 -7.2066441E-01
-1.3960795E+00 3.1799016E-01 -1.7087693E+00 -1.0815754E+00 -2.0376251E+00 -7.8642997E-01
-1.6037660E+00 4.4400269E-01 -2.0217865E+00 -1.1370511E+00 -2.4931488E+00 -7.5442264E-01
-1.7816476E+00 5.9736220E-01 -2.3757401E+00 -1.1425825E+00 -2.9352450E+00 -6.4434558E-01
-1.8539197E+00 6.8148588E-01 -2.5807017E+00 -1.1435423E+00 -3.1644928E+00 -5.9039812E-01
-1.8532190E+00 6.8348578E-01 -2.5838195E+00 -1.1355035E+00 -3.1565151E+00 -5.8613128E-01
-1.9005457E+00 7.4044621E-01 -2.7682565E+00 -1.1581186E+00 -3.2513885E+00 -5.8073589E-01
-1.9311352E+00 8.0890114E-01 -2.9042703E+00 -1.1209762E+00 -3.3894955E+00 -5.1848088E-01
-1.9295659E+00 8.0916777E-01 -2.9078703E+00 -1.1262851E+00 -3.3923760E+00 -5.2387333E-01
-1.9351820E+00 8.3295248E-01 -2.9355464E+00 -1.1069578E+00 -3.4976059E+00 -5.4222551E-01
