-9.4850995E-01 1.6430297E-01 -1.1120723E+00 -7.8214475E-01 -1.2638906E+00 -6.2761346E-01
-9.6807251E-01 1.3681953E-01 -1.1052291E+00 -8.3036574E-01 -1.2307401E+00 -6.9987308E-01
-9.8353064E-01 1.2985238E-01 -1.1142443E+00 -8.5351987E-01 -1.2333063E+00 -7.2920896E-01
-1.0160640E+00 1.1015205E-01 -1.1260245E+00 -9.0746275E-01 -1.2371291E+00 -8.0329472E-01
-1.0091759E+00 1.4692381E-01 -1.1410572E+00 -8.5583151E-01 -1.2979818E+00 -7.2252082E-01
-9.1613809E-01 1.7615999E-01 -1.0557669E+00 -7.2939853E-01 -1.2623588E+00 -5.8665399E-01
-8.4485224E-01 1.8934989E-01 -9.8761766E-01 -6.4462847E-01 -1.2127112E+00 -4.8988674E-01
-8.1387175E-01 1.8598288E-01 -9.5673611E-01 -6.2123493E-01 -1.1747615E+00 -4.6404635E-01
-7.9203947E-01 1.9497819E-01 -9.4905407E-01 -5.9011202E-01 -1.1716856E+00 -4.2277041E-01
-7.8361253E-01 2.1221414E-01 -9.6166246E-01 -5.6256769E-01 -1.1955364E+00 -3.8080010E-01
-8.7515263E-01 2.2259029E-01 -1.0933766E+00 -6.5379513E-01 -1.3359907E+00 -4.5136576E-01
-1.1611047E+00 3.1616242E-01 -1.4510760E+00 -8.3075685E-01 -1.8187467E+00 -5.6568983E-01
-1.4982388E+00 4.4299227E-01 -1.9395414E+00 -1.0529274E+00 -2.4001224E+00 -6.5235118E-01
-1.8441972E+00 5.9692908E-01 -2.4842972E+00 -1.2649929E+00 -3.0061200E+00 -7.0512044E-01
-1.9987054E+00 6.7797551E-01 -2.7990687E+00 -1.3957595E+00 -3.2672610E+00 -7.3736741E-01
-2.0013582E+00 6.7872685E-01 -2.8142045E+00 -1.4091614E+00 -3.2588954E+00 -7.4082341E-01
-2.0927770E+00 7.3227892E-01 -3.0844078E+00 -1.5613597E+00 -3.3234305E+00 -7.3917405E-01
-2.1453095E+00 8.0384411E-01 -3.3186245E+00 -1.6403237E+00 -3.4919519E+00 -7.1065356E-01
-2.1408033E+00 8.0416116E-01 -3.3419782E+00 -1.6665443E+00 -3.4581409E+00 -6.8343299E-01
-2.1514390E+00 8.3046454E-01 -3.4014077E+00 -1.6644971E+00 -3.5000000E+00 -6.6506317E-01
