-8.4396260E-01 1.7498387E-01 -1.0119231E+00 -6.6755441E-01 -1.1947264E+00 -5.0457108E-01
-8.4269411E-01 1.5190012E-01 -9.9096833E-01 -6.9097014E-01 -1.1491502E+00 -5.5233047E-01
-8.3362692E-01 1.4777725E-01 -9.7954373E-01 -6.8694956E-01 -1.1345864E+00 -5.5082908E-01
-8.5064804E-01 1.3544845E-01 -9.7158313E-01 -7.0494211E-01 -1.1333860E+00 -6.0122281E-01
-9.4534178E-01 1.7467811E-01 -1.1058591E+00 -7.6033811E-01 -1.3077690E+00 -6.2259631E-01
-1.0960077E+00 2.1598338E-01 -1.2760468E+00 -8.5344724E-01 -1.5381549E+00 -6.9204650E-01
-1.1769663E+00 2.3871342E-01 -1.3783412E+00 -9.1131934E-01 -1.6600323E+00 -7.3152030E-01
-1.1966772E+00 2.4050262E-01 -1.3885726E+00 -9.1776729E-01 -1.6790802E+00 -7.5659779E-01
-1.2095254E+00 2.4849068E-01 -1.4053252E+00 -9.1625844E-01 -1.7032410E+00 -7.5940540E-01
-1.2074147E+00 2.6087675E-01 -1.4237240E+00 -9.0993230E-01 -1.7271301E+00 -7.2827783E-01
-1.1373616E+00 2.6300400E-01 -1.3687815E+00 -8.4776979E-01 -1.6878721E+00 -6.6001086E-01
-9.5891146E-01 3.2529317E-01 -1.2775613E+00 -6.3257529E-01 -1.6085150E+00 -3.3334437E-01
-7.9579816E-01 4.0049775E-01 -1.1604365E+00 -3.7419789E-01 -1.6115784E+00 -4.1472626E-02
-6.8015674E-01 4.7805529E-01 -1.0939162E+00 -1.7453618E-01 -1.6004437E+00 2.5211460E-01
-6.6165670E-01 5.1886226E-01 -1.0561012E+00 -9.6984594E-02 -1.6837804E+00 3.2175513E-01
-6.6808867E-01 5.1864667E-01 -1.0525195E+00 -9.9313701E-02 -1.7000939E+00 3.0576499E-01
-7.1781779E-01 5.3671468E-01 -9.9772641E-01 -8.8939606E-02 -1.8330949E+00 1.6043275E-01
-7.7507321E-01 5.8957006E-01 -1.0034771E+00 -5.9591946E-02 -1.9812565E+00 5.7722308E-02
-7.8026685E-01 5.8833861E-01 -9.8574232E-01 -5.8433540E-02 -1.9779257E+00 1.8710962E-02
-7.9526196E-01 6.1095906E-01 -9.7658478E-01 -2.3305813E-02 -2.0179150E+00 -2.1939738E-03
