-9.8574750E-01 1.6525890E-01 -1.1487997E+00 -8.2222071E-01 -1.3105342E+00 -6.5809465E-01
-9.7582614E-01 1.3660655E-01 -1.1103594E+00 -8.4241843E-01 -1.2472830E+00 -7.0382590E-01
-9.7535590E-01 1.2979434E-01 -1.1019977E+00 -8.4863206E-01 -1.2349789E+00 -7.2158255E-01
-9.3778258E-01 1.1174495E-01 -1.0486825E+00 -8.2544928E-01 -1.1605744E+00 -7.2376278E-01
-8.5439204E-01 1.4159502E-01 -9.9622065E-01 -7.1321776E-01 -1.1342506E+00 -5.8032499E-01
-7.9187061E-01 1.5566314E-01 -9.3641843E-01 -6.2832186E-01 -1.1091759E+00 -4.9706771E-01
-7.8640020E-01 1.6278961E-01 -9.3655178E-01 -6.1605970E-01 -1.1173039E+00 -4.8519197E-01
-8.0126628E-01 1.5983043E-01 -9.4682945E-01 -6.3343624E-01 -1.1289428E+00 -5.0652164E-01
-8.5362230E-01 1.7149161E-01 -1.0085049E+00 -6.7516329E-01 -1.2064650E+00 -5.3550070E-01
-8.8163538E-01 1.8885828E-01 -1.0557746E+00 -6.8582310E-01 -1.2651252E+00 -5.2754936E-01
-1.0297962E+00 2.1150803E-01 -1.2367222E+00 -8.1831168E-01 -1.4602930E+00 -6.3006773E-01
-1.3577520E+00 3.0785604E-01 -1.6657622E+00 -1.0491787E+00 -1.9645884E+00 -7.6877952E-01
-1.6672740E+00 4.1299674E-01 -2.0850259E+00 -1.2529927E+00 -2.4765772E+00 -8.7594189E-01
-1.9457574E+00 5.3564845E-01 -2.4983956E+00 -1.3993448E+00 -2.9723758E+00 -8.9998204E-01
-2.0612826E+00 6.0693274E-01 -2.7365997E+00 -1.4713104E+00 -3.2115597E+00 -9.0162008E-01
-2.0612372E+00 6.1008516E-01 -2.7474851E+00 -1.4727643E+00 -3.2102056E+00 -8.9798276E-01
-2.1258230E+00 6.7272522E-01 -2.9820814E+00 -1.5616680E+00 -3.3214695E+00 -8.4698601E-01
-2.1648069E+00 7.5319890E-01 -3.2199187E+00 -1.6253039E+00 -3.4770753E+00 -8.0474722E-01
-2.1625523E+00 7.5377418E-01 -3.2281064E+00 -1.6268674E+00 -3.4567488E+00 -7.9498562E-01
-2.1669669E+00 7.8132222E-01 -3.2450860E+00 -1.5849655E+00 -3.5000000E+00 -7.7743438E-01
