-1.0300098E+00 1.7487871E-01 -1.1938873E+00 -8.4619518E-01 -1.3826914E+00 -6.9690429E-01
-1.0347414E+00 1.4792958E-01 -1.1827221E+00 -8.8770137E-01 -1.3288222E+00 -7.5548600E-01
-1.0412350E+00 1.4115424E-01 -1.1753105E+00 -8.9326922E-01 -1.3233338E+00 -7.7239936E-01
-1.0539987E+00 1.1874761E-01 -1.1666768E+00 -9.2969989E-01 -1.2937551E+00 -8.3006339E-01
-1.0358635E+00 1.5405101E-01 -1.1728124E+00 -8.7801314E-01 -1.3551950E+00 -7.4837061E-01
-9.6297260E-01 1.8460981E-01 -1.1131214E+00 -7.6534005E-01 -1.3324733E+00 -6.1878926E-01
-9.0823003E-01 2.0366100E-01 -1.0533056E+00 -6.8802262E-01 -1.3336148E+00 -5.3966802E-01
-8.8135331E-01 2.0807168E-01 -1.0249936E+00 -6.6180306E-01 -1.2913016E+00 -4.9182832E-01
-8.5122693E-01 2.1884391E-01 -1.0118572E+00 -6.2298949E-01 -1.2718291E+00 -4.3824653E-01
-8.3485322E-01 2.3432212E-01 -1.0182952E+00 -5.8855429E-01 -1.2881337E+00 -3.9135790E-01
-8.7106272E-01 2.3425905E-01 -1.0761109E+00 -6.2258274E-01 -1.3361906E+00 -4.2101554E-01
-1.0245637E+00 3.1047380E-01 -1.3188533E+00 -7.0466762E-01 -1.6525010E+00 -4.3280653E-01
-1.2316248E+00 4.2942639E-01 -1.6595704E+00 -8.1433257E-01 -2.1015033E+00 -3.9367228E-01
-1.4699793E+00 5.7881558E-01 -2.0351690E+00 -8.6297386E-01 -2.5950444E+00 -3.8121746E-01
-1.5952214E+00 6.6329029E-01 -2.2425993E+00 -8.7016321E-01 -2.8606596E+00 -3.5025067E-01
-1.6022481E+00 6.6433408E-01 -2.2520514E+00 -8.7370742E-01 -2.8716434E+00 -3.5875503E-01
-1.7028687E+00 7.3572853E-01 -2.4297706E+00 -8.4631444E-01 -3.0995481E+00 -3.8761308E-01
-1.7745698E+00 8.2371525E-01 -2.6887950E+00 -8.6815434E-01 -3.3133199E+00 -3.3338944E-01
-1.7742514E+00 8.2610014E-01 -2.6927015E+00 -8.6007886E-01 -3.3166844E+00 -3.4725086E-01
-1.7932807E+00 8.5684337E-01 -2.7454783E+00 -8.4685269E-01 -3.3453946E+00 -2.5530276E-01
