-7.9871160E-01 1.6561999E-01 -9.6503486E-01 -6.3096195E-01 -1.1208628E+00 -4.7546131E-01
-8.2151174E-01 1.3566287E-01 -9.5690700E-01 -6.8383275E-01 -1.0841954E+00 -5.5826173E-01
-8.3559386E-01 1.2723159E-01 -9.6184009E-01 -7.0713727E-01 -1.0821200E+00 -5.8877979E-01
-8.8230753E-01 1.0511676E-01 -9.8765469E-01 -7.7858310E-01 -1.0876225E+00 -6.7797860E-01
-9.2687930E-01 1.4434685E-01 -1.0681604E+00 -7.8337545E-01 -1.2144069E+00 -6.4772730E-01
-9.1287657E-01 1.6615746E-01 -1.0605549E+00 -7.3836930E-01 -1.2531056E+00 -6.0608539E-01
-8.9149512E-01 1.7693406E-01 -1.0431274E+00 -7.0237492E-01 -1.2455915E+00 -5.5469878E-01
-8.8304545E-01 1.7531958E-01 -1.0256839E+00 -6.9297687E-01 -1.2441348E+00 -5.5262163E-01
-9.0884337E-01 1.8540151E-01 -1.0593493E+00 -7.0383920E-01 -1.2866911E+00 -5.5774253E-01
-9.2238744E-01 2.0165834E-01 -1.0956182E+00 -7.0387340E-01 -1.3333117E+00 -5.4100802E-01
-1.0646189E+00 2.1748763E-01 -1.2647615E+00 -8.4038178E-01 -1.5211945E+00 -6.5474255E-01
-1.4095578E+00 3.1576888E-01 -1.7236199E+00 -1.0933261E+00 -2.0430870E+00 -8.0535543E-01
-1.7485002E+00 4.4060369E-01 -2.1949322E+00 -1.3063096E+00 -2.6103078E+00 -8.8942838E-01
-2.0485590E+00 5.8231391E-01 -2.7012202E+00 -1.4962711E+00 -3.1342139E+00 -9.2387064E-01
-2.1622010E+00 6.5818896E-01 -2.9620547E+00 -1.5871726E+00 -3.3557719E+00 -9.2017337E-01
-2.1585300E+00 6.5913475E-01 -2.9705619E+00 -1.5933716E+00 -3.3399423E+00 -9.1601171E-01
-2.1980500E+00 7.2018956E-01 -3.1929521E+00 -1.7092877E+00 -3.3749959E+00 -8.4165263E-01
-2.2117406E+00 7.9930372E-01 -3.3729002E+00 -1.7616980E+00 -3.4790760E+00 -7.4294389E-01
-2.2084653E+00 7.9976211E-01 -3.3767478E+00 -1.7709191E+00 -3.4586373E+00 -7.2777792E-01
-2.2100541E+00 8.2546192E-01 -3.4569150E+00 -1.7928654E+00 -3.5000000E+00 -7.1489524E-01
