-1.2718062E+00 1.6877870E-01 -1.4415521E+00 -1.1054317E+00 -1.6076410E+00 -9.4608313E-01
-1.2484192E+00 1.4388568E-01 -1.3861007E+00 -1.0992019E+00 -1.5353510E+00 -9.7385372E-01
-1.2438286E+00 1.3940925E-01 -1.3832562E+00 -1.1060818E+00 -1.5258743E+00 -9.7777606E-01
-1.1643287E+00 1.2492715E-01 -1.2759320E+00 -1.0333085E+00 -1.4307542E+00 -9.3050376E-01
-9.8953864E-01 1.5899907E-01 -1.1310507E+00 -8.2535837E-01 -1.3021741E+00 -6.7725712E-01
-8.3206144E-01 1.8093830E-01 -9.8585293E-01 -6.3637004E-01 -1.2158753E+00 -5.0213912E-01
-7.7745444E-01 1.9021129E-01 -9.3807761E-01 -5.6585970E-01 -1.1544391E+00 -4.2235730E-01
-7.7540939E-01 1.8752325E-01 -9.3582861E-01 -5.7099678E-01 -1.1470320E+00 -4.2483274E-01
-7.8265009E-01 1.9301745E-01 -9.5015891E-01 -5.7653542E-01 -1.1617657E+00 -4.1445945E-01
-7.9036874E-01 2.0726321E-01 -9.7714163E-01 -5.7391376E-01 -1.1939503E+00 -3.8787263E-01
-8.6619690E-01 2.1815532E-01 -1.0824662E+00 -6.5048712E-01 -1.2916006E+00 -4.4142985E-01
-1.0609679E+00 3.0693673E-01 -1.3667467E+00 -7.5576703E-01 -1.6755790E+00 -4.7038397E-01
-1.2639534E+00 4.2156235E-01 -1.6616841E+00 -8.2744627E-01 -2.1188010E+00 -4.6726235E-01
-1.4621734E+00 5.6365703E-01 -1.9852409E+00 -8.6002638E-01 -2.6040203E+00 -4.1699348E-01
-1.5541866E+00 6.4337983E-01 -2.1471456E+00 -8.4753660E-01 -2.8529650E+00 -3.7001484E-01
-1.5584716E+00 6.4528148E-01 -2.1492351E+00 -8.4117291E-01 -2.8605263E+00 -3.7590441E-01
-1.6288487E+00 7.1153157E-01 -2.2836368E+00 -7.7049896E-01 -3.0186166E+00 -3.9003571E-01
-1.6749458E+00 7.9989397E-01 -2.4653473E+00 -7.2392992E-01 -3.1150458E+00 -2.1682401E-01
-1.6724684E+00 8.0122675E-01 -2.4543771E+00 -7.0678605E-01 -3.1131048E+00 -1.8893416E-01
-1.6818659E+00 8.3084648E-01 -2.5344057E+00 -7.2087140E-01 -3.2720108E+00 -2.2130501E-01
