-9.4423861E-01 1.6440875E-01 -1.1068628E+00 -7.7966955E-01 -1.2670266E+00 -6.2652030E-01
-9.5139767E-01 1.3787709E-01 -1.0881774E+00 -8.1369151E-01 -1.2210653E+00 -6.8453899E-01
-9.5718153E-01 1.3047370E-01 -1.0873693E+00 -8.2867819E-01 -1.2128666E+00 -7.0172671E-01
-9.6397344E-01 1.0918111E-01 -1.0704472E+00 -8.5646023E-01 -1.1778076E+00 -7.5145838E-01
-9.5768533E-01 1.4582019E-01 -1.0949265E+00 -8.0739576E-01 -1.2538151E+00 -6.8101364E-01
-9.4006329E-01 1.7279078E-01 -1.0863013E+00 -7.5853295E-01 -1.2936417E+00 -6.0388859E-01
-9.3731584E-01 1.8783875E-01 -1.0842008E+00 -7.4044376E-01 -1.3066369E+00 -5.8746818E-01
-9.4219949E-01 1.8805345E-01 -1.0872237E+00 -7.4355339E-01 -1.2988353E+00 -5.9932880E-01
-9.6834031E-01 1.9662509E-01 -1.1302444E+00 -7.6731145E-01 -1.3323873E+00 -6.0020915E-01
-9.8286129E-01 2.1247128E-01 -1.1759558E+00 -7.7942106E-01 -1.3777802E+00 -5.7259817E-01
-1.0707729E+00 2.2387836E-01 -1.2829040E+00 -8.5416143E-01 -1.5323989E+00 -6.4829297E-01
-1.2847393E+00 3.2075044E-01 -1.5845736E+00 -9.5117721E-01 -1.9361327E+00 -6.8034815E-01
-1.5071140E+00 4.4520423E-01 -1.9494274E+00 -1.0628900E+00 -2.4091038E+00 -6.4943876E-01
-1.7223652E+00 5.8719479E-01 -2.2930879E+00 -1.1057565E+00 -2.8792580E+00 -5.9560298E-01
-1.8168633E+00 6.6212575E-01 -2.4749134E+00 -1.1014476E+00 -3.0828105E+00 -5.6222830E-01
-1.8177232E+00 6.6469080E-01 -2.4847374E+00 -1.1031241E+00 -3.0876939E+00 -5.5973928E-01
-1.8783960E+00 7.2414713E-01 -2.6367586E+00 -1.0551685E+00 -3.2249486E+00 -6.1189792E-01
-1.9184733E+00 8.0264801E-01 -2.7618716E+00 -9.6528568E-01 -3.3686475E+00 -5.4884196E-01
-1.9177134E+00 8.0387031E-01 -2.7531347E+00 -9.5106061E-01 -3.3656727E+00 -5.6022804E-01
-1.9251446E+00 8.3078769E-01 -2.8072797E+00 -9.4610739E-01 -3.4646783E+00 -5.5703775E-01
