-9.3618141E-01 1.7733274E-01 -1.1031061E+00 -7.4887798E-01 -1.2992463E+00 -6.0149379E-01
-9.5018119E-01 1.5149358E-01 -1.0900014E+00 -7.8868597E-01 -1.2615577E+00 -6.6651660E-01
-9.6038863E-01 1.4375290E-01 -1.0963470E+00 -8.1048092E-01 -1.2528936E+00 -6.8709722E-01
-9.9020959E-01 1.2192903E-01 -1.1002042E+00 -8.6307243E-01 -1.2481412E+00 -7.6165175E-01
-1.0056878E+00 1.6168523E-01 -1.1477495E+00 -8.3994890E-01 -1.3550686E+00 -7.0501324E-01
-9.5225027E-01 1.9923964E-01 -1.1044522E+00 -7.3447190E-01 -1.3614246E+00 -5.8075177E-01
-8.9617957E-01 2.1502824E-01 -1.0428664E+00 -6.5300023E-01 -1.3436221E+00 -5.0609907E-01
-8.6389542E-01 2.1375200E-01 -1.0111020E+00 -6.2299469E-01 -1.3050127E+00 -4.7408735E-01
-8.2027006E-01 2.1752413E-01 -9.8598419E-01 -5.7551984E-01 -1.2648927E+00 -4.1701013E-01
-7.9558733E-01 2.3112915E-01 -9.8812506E-01 -5.4284157E-01 -1.2582303E+00 -3.6241986E-01
-8.1625629E-01 2.3642507E-01 -1.0317175E+00 -5.7428505E-01 -1.2848954E+00 -3.4919995E-01
-9.4598266E-01 3.1659918E-01 -1.2370313E+00 -6.0819853E-01 -1.5872943E+00 -3.5469502E-01
-1.1341506E+00 4.4709846E-01 -1.5517474E+00 -6.6453108E-01 -2.0412797E+00 -2.8639376E-01
-1.3481303E+00 6.1566567E-01 -1.9357642E+00 -6.8584998E-01 -2.5934960E+00 -1.9071247E-01
-1.4560668E+00 7.0651851E-01 -2.1228106E+00 -6.6062933E-01 -2.8614439E+00 -1.5984137E-01
-1.4600943E+00 7.0748319E-01 -2.1201660E+00 -6.5291187E-01 -2.8683446E+00 -1.6513829E-01
-1.5476590E+00 7.7686238E-01 -2.2319947E+00 -5.6271314E-01 -2.9977799E+00 -1.8087127E-01
-1.6103646E+00 8.5670684E-01 -2.3681969E+00 -4.7443776E-01 -3.1719180E+00 -1.5669085E-01
-1.6108931E+00 8.5735925E-01 -2.4057928E+00 -5.1101599E-01 -3.1565598E+00 -1.4470557E-01
-1.6272135E+00 8.8536191E-01 -2.4232917E+00 -4.6807273E-01 -3.2005774E+00 -8.9255380E-02
