-1.1511368E+00 2.3822008E-01 -1.3882499E+00 -9.1593023E-01 -1.6160820E+00 -6.7859425E-01
-1.1358341E+00 1.7847389E-01 -1.3149574E+00 -9.5675642E-01 -1.4812181E+00 -7.8583027E-01
-1.0975835E+00 1.1282787E-01 -1.2099621E+00 -9.8450409E-01 -1.3197400E+00 -8.7869448E-01
-1.0499248E+00 1.1989414E-01 -1.1705231E+00 -9.2911506E-01 -1.2854053E+00 -8.2210712E-01
-1.0075893E+00 1.3803088E-01 -1.1460668E+00 -8.6968318E-01 -1.2782953E+00 -7.4150268E-01
-9.8006544E-01 1.3617922E-01 -1.1152101E+00 -8.4310568E-01 -1.2520961E+00 -7.1848659E-01
-9.7469650E-01 1.3454692E-01 -1.1085544E+00 -8.4249856E-01 -1.2396068E+00 -7.0828687E-01
-9.8483471E-01 1.4509312E-01 -1.1284765E+00 -8.3988689E-01 -1.2614614E+00 -6.9338940E-01
-9.9710116E-01 1.5102284E-01 -1.1490866E+00 -8.4634512E-01 -1.2942860E+00 -7.0708579E-01
-1.0002786E+00 1.6195912E-01 -1.1634871E+00 -8.4009018E-01 -1.3210063E+00 -6.9090017E-01
-9.9001317E-01 1.8177615E-01 -1.1668738E+00 -8.1009695E-01 -1.3615963E+00 -6.4174550E-01
-9.6598653E-01 2.0142958E-01 -1.1494691E+00 -7.5480451E-01 -1.3808615E+00 -5.8366334E-01
-9.3384583E-01 2.2050771E-01 -1.1457253E+00 -7.0548835E-01 -1.3735196E+00 -5.1338108E-01
-9.1730160E-01 2.2826574E-01 -1.1455166E+00 -6.8624552E-01 -1.3664966E+00 -4.7458241E-01
-9.3965088E-01 2.3125158E-01 -1.1730737E+00 -7.1114457E-01 -1.3971804E+00 -4.9102102E-01
-1.0063114E+00 2.5857747E-01 -1.2616159E+00 -7.5092149E-01 -1.5204012E+00 -5.0732627E-01
-1.1055213E+00 3.4168298E-01 -1.3902522E+00 -7.2240464E-01 -1.8259339E+00 -4.9564653E-01
-1.2141794E+00 4.6975659E-01 -1.5481888E+00 -6.4151745E-01 -2.1699865E+00 -4.0918586E-01
-1.2991127E+00 5.8822696E-01 -1.6402738E+00 -5.0820691E-01 -2.4463612E+00 -3.4872937E-01
-1.3342057E+00 6.4379191E-01 -1.6744142E+00 -4.2572415E-01 -2.5618776E+00 -3.0866530E-01
