-1.1488735E+00 2.3252159E-01 -1.3814013E+00 -9.1754938E-01 -1.6003396E+00 -6.8888780E-01
-1.1259992E+00 1.7266535E-01 -1.2982885E+00 -9.5318033E-01 -1.4589931E+00 -7.8712975E-01
-1.0791543E+00 1.0913604E-01 -1.1866282E+00 -9.7045987E-01 -1.2941867E+00 -8.6387410E-01
-1.0251223E+00 1.1861141E-01 -1.1378048E+00 -9.0068355E-01 -1.2614801E+00 -7.9847213E-01
-9.8128623E-01 1.3579532E-01 -1.1174130E+00 -8.4609993E-01 -1.2448988E+00 -7.1330233E-01
-9.6478907E-01 1.3171605E-01 -1.0972700E+00 -8.3288852E-01 -1.2162846E+00 -7.0404496E-01
-9.8104206E-01 1.3082517E-01 -1.1121940E+00 -8.5044887E-01 -1.2356624E+00 -7.2501967E-01
-1.0228921E+00 1.4139999E-01 -1.1646206E+00 -8.8190082E-01 -1.2946060E+00 -7.4126401E-01
-1.0692203E+00 1.5241424E-01 -1.2198534E+00 -9.1592837E-01 -1.3747949E+00 -7.7634593E-01
-1.0898194E+00 1.6416853E-01 -1.2523504E+00 -9.2433018E-01 -1.4230059E+00 -7.7958597E-01
-1.0646516E+00 1.8063467E-01 -1.2393271E+00 -8.8529702E-01 -1.4299114E+00 -7.1490877E-01
-9.9693166E-01 1.9550958E-01 -1.1924905E+00 -8.0083442E-01 -1.3860394E+00 -6.2423288E-01
-9.1282573E-01 2.1278724E-01 -1.1143181E+00 -6.8911101E-01 -1.3477234E+00 -5.1398191E-01
-8.5970613E-01 2.2426826E-01 -1.0531481E+00 -6.1694389E-01 -1.3334147E+00 -4.4839695E-01
-8.7278127E-01 2.3269419E-01 -1.0820494E+00 -6.2743656E-01 -1.3510272E+00 -4.3310407E-01
-9.6023225E-01 2.6494001E-01 -1.2107720E+00 -6.8758672E-01 -1.5009792E+00 -4.5933657E-01
-1.0947115E+00 3.4639928E-01 -1.3751210E+00 -7.1181248E-01 -1.8030920E+00 -4.4649205E-01
-1.2349380E+00 4.6733301E-01 -1.5731559E+00 -6.7400847E-01 -2.1730510E+00 -4.2584134E-01
-1.3392666E+00 5.8271856E-01 -1.6796293E+00 -5.5350110E-01 -2.4762990E+00 -3.9228409E-01
-1.3803590E+00 6.4040701E-01 -1.7662549E+00 -5.2139862E-01 -2.6138771E+00 -3.3406252E-01
