-1.0027546E+00 2.2972365E-01 -1.2366846E+00 -7.7264853E-01 -1.4475048E+00 -5.5810292E-01
-9.8884061E-01 1.7320321E-01 -1.1612695E+00 -8.1395302E-01 -1.3260288E+00 -6.5656496E-01
-9.7182741E-01 1.0940845E-01 -1.0810034E+00 -8.6334398E-01 -1.1923906E+00 -7.6319944E-01
-9.7593391E-01 1.1542803E-01 -1.0912486E+00 -8.6030669E-01 -1.2023198E+00 -7.5164324E-01
-1.0117134E+00 1.3148065E-01 -1.1450108E+00 -8.8003697E-01 -1.2716375E+00 -7.5717941E-01
-1.0623930E+00 1.2931058E-01 -1.1857818E+00 -9.2758543E-01 -1.3214725E+00 -8.1381346E-01
-1.0901175E+00 1.2934902E-01 -1.2187633E+00 -9.6282004E-01 -1.3443711E+00 -8.3418084E-01
-1.0713960E+00 1.3790561E-01 -1.2084941E+00 -9.3298083E-01 -1.3381692E+00 -8.0235129E-01
-1.0109166E+00 1.4850465E-01 -1.1575097E+00 -8.6487583E-01 -1.3013872E+00 -7.1385651E-01
-9.2732253E-01 1.5530946E-01 -1.0795012E+00 -7.7381124E-01 -1.2308085E+00 -6.1960241E-01
-8.5062514E-01 1.7414694E-01 -1.0246248E+00 -6.7569454E-01 -1.1887198E+00 -5.0822863E-01
-8.1488213E-01 2.0136379E-01 -1.0133639E+00 -6.1877307E-01 -1.2156984E+00 -4.2185158E-01
-8.5065076E-01 2.1564779E-01 -1.0611404E+00 -6.3836749E-01 -1.2788187E+00 -4.3615326E-01
-9.6555306E-01 2.1724564E-01 -1.1780203E+00 -7.4839011E-01 -1.4061896E+00 -5.4236341E-01
-1.1420686E+00 2.3354846E-01 -1.3749789E+00 -9.0587249E-01 -1.6050090E+00 -6.9223987E-01
-1.3449779E+00 2.9218989E-01 -1.6139363E+00 -1.0363476E+00 -1.9495751E+00 -8.0615288E-01
-1.5292575E+00 4.0691017E-01 -1.9201436E+00 -1.0849196E+00 -2.3154366E+00 -7.6552666E-01
-1.6712936E+00 5.4864741E-01 -2.2029465E+00 -1.0465796E+00 -2.7088580E+00 -6.5265386E-01
-1.7611401E+00 6.6653521E-01 -2.4136856E+00 -9.9150889E-01 -3.0095869E+00 -5.4496459E-01
-1.7930671E+00 7.1943680E-01 -2.4723843E+00 -9.3590491E-01 -3.0962010E+00 -4.1515574E-01
