-1.1674157E+00 2.3262175E-01 -1.3920234E+00 -9.2739311E-01 -1.6296796E+00 -7.1775496E-01
-1.1262630E+00 1.7471581E-01 -1.3026898E+00 -9.5355178E-01 -1.4724823E+00 -7.9023491E-01
-1.0467801E+00 1.0812827E-01 -1.1526490E+00 -9.4086495E-01 -1.2627980E+00 -8.3458413E-01
-9.6800790E-01 1.1981395E-01 -1.0864298E+00 -8.4825684E-01 -1.2031265E+00 -7.3346653E-01
-9.2472743E-01 1.3712430E-01 -1.0608365E+00 -7.8809955E-01 -1.1899823E+00 -6.5552649E-01
-9.3415100E-01 1.3139392E-01 -1.0646205E+00 -8.0419663E-01 -1.1931052E+00 -6.7536169E-01
-9.8179592E-01 1.3416890E-01 -1.1148679E+00 -8.4760848E-01 -1.2462254E+00 -7.2376216E-01
-1.0353702E+00 1.4179628E-01 -1.1757720E+00 -8.9507409E-01 -1.3135551E+00 -7.5542019E-01
-1.0674809E+00 1.4755413E-01 -1.2146827E+00 -9.2157906E-01 -1.3513214E+00 -7.7401413E-01
-1.0603390E+00 1.6112897E-01 -1.2194707E+00 -9.0065934E-01 -1.3842154E+00 -7.4895606E-01
-1.0145179E+00 1.8338818E-01 -1.1847266E+00 -8.2684448E-01 -1.3914524E+00 -6.6777638E-01
-9.5267422E-01 2.0344333E-01 -1.1491407E+00 -7.5342786E-01 -1.3708411E+00 -5.6120615E-01
-9.0647586E-01 2.1687219E-01 -1.1098947E+00 -6.7913001E-01 -1.3481548E+00 -4.9755320E-01
-8.9775754E-01 2.1994621E-01 -1.1196734E+00 -6.8003015E-01 -1.3387561E+00 -4.7420669E-01
-9.3485405E-01 2.2544620E-01 -1.1569871E+00 -7.1331271E-01 -1.3906918E+00 -4.9665419E-01
-1.0084726E+00 2.6333713E-01 -1.2518710E+00 -7.3384994E-01 -1.5449697E+00 -5.1119912E-01
-1.1039646E+00 3.4791727E-01 -1.4028864E+00 -7.1919989E-01 -1.8081513E+00 -4.4584153E-01
-1.2023102E+00 4.5409867E-01 -1.5253516E+00 -6.5968561E-01 -2.1514456E+00 -4.1953806E-01
-1.2767296E+00 5.5237045E-01 -1.5932328E+00 -5.6913029E-01 -2.4171496E+00 -4.1165027E-01
-1.3078906E+00 6.0217696E-01 -1.6504584E+00 -5.2618357E-01 -2.5192603E+00 -3.5235730E-01
