-1.0449249E+00 2.2946748E-01 -1.2760281E+00 -8.1785281E-01 -1.4856268E+00 -5.9076292E-01
-1.0567437E+00 1.7611967E-01 -1.2336890E+00 -8.8010818E-01 -1.3947673E+00 -7.0901995E-01
-1.0753375E+00 1.0989050E-01 -1.1868134E+00 -9.6407214E-01 -1.2890358E+00 -8.6567471E-01
-1.0734984E+00 1.1175489E-01 -1.1848778E+00 -9.6319992E-01 -1.2926340E+00 -8.5365450E-01
-1.0380042E+00 1.3105875E-01 -1.1707982E+00 -9.0849169E-01 -1.2952873E+00 -7.8119986E-01
-9.9048598E-01 1.3342588E-01 -1.1239411E+00 -8.6003523E-01 -1.2524133E+00 -7.2823081E-01
-9.6681097E-01 1.2927441E-01 -1.0964279E+00 -8.3847193E-01 -1.2211873E+00 -7.1419218E-01
-9.8749331E-01 1.3667740E-01 -1.1224724E+00 -8.5166825E-01 -1.2544177E+00 -7.2013940E-01
-1.0381753E+00 1.5022051E-01 -1.1893628E+00 -8.9111681E-01 -1.3293055E+00 -7.4168759E-01
-1.0768318E+00 1.6600214E-01 -1.2404175E+00 -9.0938100E-01 -1.4036706E+00 -7.5332148E-01
-1.0670690E+00 1.8478999E-01 -1.2452307E+00 -8.7229502E-01 -1.4314171E+00 -7.1673878E-01
-1.0058497E+00 2.0418182E-01 -1.1923947E+00 -7.9246153E-01 -1.4201631E+00 -6.2632147E-01
-9.3913340E-01 2.2403341E-01 -1.1428739E+00 -7.0868390E-01 -1.3686569E+00 -5.0886483E-01
-9.1562945E-01 2.3375855E-01 -1.1233995E+00 -6.6115926E-01 -1.3761328E+00 -4.7352404E-01
-9.6536590E-01 2.4025708E-01 -1.2049138E+00 -7.2638748E-01 -1.4397859E+00 -5.0208897E-01
-1.0888429E+00 2.8010815E-01 -1.3519857E+00 -7.9741885E-01 -1.6517329E+00 -5.5691642E-01
-1.2561998E+00 3.8196632E-01 -1.5953203E+00 -8.3012156E-01 -2.0184750E+00 -5.4885874E-01
-1.4192315E+00 5.2458510E-01 -1.8634254E+00 -7.7961818E-01 -2.4395405E+00 -4.8039965E-01
-1.5361653E+00 6.4819938E-01 -2.0370520E+00 -6.6857535E-01 -2.7642709E+00 -4.2181890E-01
-1.5832652E+00 7.0425678E-01 -2.1128762E+00 -6.1970015E-01 -2.8993034E+00 -3.6541840E-01
