-1.1206771E+00 1.8546920E-01 -1.3005168E+00 -9.3641844E-01 -1.4961691E+00 -7.6440743E-01
-1.1218219E+00 1.6022517E-01 -1.2774355E+00 -9.6539364E-01 -1.4510795E+00 -8.1455552E-01
-1.1254538E+00 1.5458941E-01 -1.2752857E+00 -9.7472012E-01 -1.4422177E+00 -8.2792086E-01
-1.1239139E+00 1.3631955E-01 -1.2504356E+00 -9.8181929E-01 -1.4023524E+00 -8.6932471E-01
-1.0984668E+00 1.7150466E-01 -1.2551472E+00 -9.1679752E-01 -1.4536173E+00 -7.7429515E-01
-1.0386182E+00 2.0282759E-01 -1.2256768E+00 -8.2442614E-01 -1.4618235E+00 -6.5916093E-01
-9.9287082E-01 2.1687466E-01 -1.1929078E+00 -7.6241404E-01 -1.4413398E+00 -5.8714952E-01
-9.7182246E-01 2.1796158E-01 -1.1747170E+00 -7.3663104E-01 -1.4190054E+00 -5.6969694E-01
-9.2511941E-01 2.2334588E-01 -1.1360504E+00 -6.8441675E-01 -1.3767892E+00 -5.0886687E-01
-9.0155519E-01 2.3766430E-01 -1.1227155E+00 -6.4551245E-01 -1.3817835E+00 -4.5599122E-01
-8.3993740E-01 2.3705533E-01 -1.0616305E+00 -5.9231702E-01 -1.3205094E+00 -3.8831343E-01
-7.5465633E-01 3.0913165E-01 -1.0554403E+00 -4.5097159E-01 -1.3769067E+00 -1.6099844E-01
-7.3194227E-01 4.3248933E-01 -1.1261818E+00 -2.6669249E-01 -1.5719313E+00 9.5014007E-02
-7.7368761E-01 6.0032132E-01 -1.2739366E+00 -6.1434754E-02 -1.9276106E+00 3.2888373E-01
-8.2371508E-01 6.9755211E-01 -1.3511557E+00 5.5508979E-02 -2.1497329E+00 4.2721713E-01
-8.3037163E-01 7.0016640E-01 -1.3508558E+00 5.8189071E-02 -2.1704621E+00 4.1025945E-01
-8.9874026E-01 7.8752594E-01 -1.3933370E+00 1.5318228E-01 -2.4472214E+00 4.0629627E-01
-9.5672033E-01 8.8420857E-01 -1.4411440E+00 2.8697139E-01 -2.6599286E+00 4.7993892E-01
-9.5919744E-01 8.8552254E-01 -1.4342111E+00 2.9864692E-01 -2.6710475E+00 4.6225354E-01
-9.7522178E-01 9.1467197E-01 -1.4831314E+00 3.2357289E-01 -2.7115599E+00 5.0000000E-01
