-1.0419832E+00 1.7023316E-01 -1.2122293E+00 -8.7233867E-01 -1.3749066E+00 -7.1138421E-01
-1.0358496E+00 1.4360397E-01 -1.1787885E+00 -8.9355670E-01 -1.3228395E+00 -7.6092942E-01
-1.0353294E+00 1.3758359E-01 -1.1653525E+00 -8.9346713E-01 -1.3123689E+00 -7.7136786E-01
-1.0149138E+00 1.1602982E-01 -1.1298882E+00 -8.9997787E-01 -1.2499881E+00 -7.9483348E-01
-9.7258152E-01 1.5157910E-01 -1.1131315E+00 -8.1418389E-01 -1.2820692E+00 -6.8737160E-01
-9.4336477E-01 1.8114971E-01 -1.0993926E+00 -7.4532470E-01 -1.3245736E+00 -6.1634923E-01
-9.4076512E-01 1.9745155E-01 -1.1089473E+00 -7.2514358E-01 -1.3392958E+00 -5.6876963E-01
-9.4612471E-01 1.9828227E-01 -1.1083781E+00 -7.2508800E-01 -1.3519349E+00 -5.7469403E-01
-9.6258371E-01 2.0933096E-01 -1.1385754E+00 -7.3115566E-01 -1.4091812E+00 -5.8537154E-01
-9.7016866E-01 2.2683201E-01 -1.1676066E+00 -7.2114873E-01 -1.4457317E+00 -5.5718543E-01
-1.0216158E+00 2.3362097E-01 -1.2369112E+00 -7.7044939E-01 -1.4956628E+00 -5.8698036E-01
-1.1538411E+00 3.2063429E-01 -1.4693351E+00 -8.3441771E-01 -1.7934024E+00 -5.4306144E-01
-1.3009238E+00 4.5532538E-01 -1.7557642E+00 -8.5017317E-01 -2.2210852E+00 -4.3216352E-01
-1.4568110E+00 6.3332967E-01 -2.0663523E+00 -7.6865725E-01 -2.6925758E+00 -2.3957222E-01
-1.5330824E+00 7.3688971E-01 -2.3110976E+00 -7.6217089E-01 -2.9278126E+00 -1.3711989E-01
-1.5346895E+00 7.4097437E-01 -2.3196862E+00 -7.5532960E-01 -2.9300633E+00 -1.3288057E-01
-1.5890202E+00 8.2877719E-01 -2.5368262E+00 -7.3736570E-01 -3.0779989E+00 -3.8813070E-02
-1.6283325E+00 9.2400439E-01 -2.7118064E+00 -6.8593552E-01 -3.3053137E+00 5.1275637E-02
-1.6269447E+00 9.2366083E-01 -2.7156959E+00 -6.9379343E-01 -3.3079478E+00 4.2658438E-02
-1.6360214E+00 9.5170034E-01 -2.7622255E+00 -6.8277996E-01 -3.5000000E+00 5.0000000E-01
