-1.0798433E+00 1.7047597E-01 -1.2492774E+00 -9.1055442E-01 -1.4225377E+00 -7.4931942E-01
-1.0639476E+00 1.4287142E-01 -1.2051982E+00 -9.2145441E-01 -1.3516222E+00 -7.9083459E-01
-1.0586013E+00 1.3615440E-01 -1.1870940E+00 -9.1828150E-01 -1.3360598E+00 -8.0056879E-01
-1.0083897E+00 1.1440140E-01 -1.1150796E+00 -8.8917328E-01 -1.2420685E+00 -7.9338217E-01
-9.1106337E-01 1.5061724E-01 -1.0500796E+00 -7.5326709E-01 -1.2159687E+00 -6.2506907E-01
-8.4544621E-01 1.7113970E-01 -9.9812996E-01 -6.6630614E-01 -1.2037197E+00 -5.2797893E-01
-8.4196540E-01 1.7818791E-01 -1.0009425E+00 -6.5494498E-01 -1.1979804E+00 -4.9767375E-01
-8.5856738E-01 1.7692946E-01 -1.0154668E+00 -6.7029042E-01 -1.2126216E+00 -5.2009789E-01
-9.1486577E-01 1.8727934E-01 -1.0828954E+00 -7.1602077E-01 -1.3081009E+00 -5.7194488E-01
-9.4837540E-01 2.0515937E-01 -1.1369911E+00 -7.3197620E-01 -1.3752780E+00 -5.6700270E-01
-1.0901108E+00 2.1952052E-01 -1.3068892E+00 -8.7349948E-01 -1.5311693E+00 -6.7187082E-01
-1.3863140E+00 3.2669829E-01 -1.7074230E+00 -1.0643224E+00 -2.0406950E+00 -7.5984960E-01
-1.6433742E+00 4.6765878E-01 -2.1190739E+00 -1.1826384E+00 -2.5585359E+00 -7.3858552E-01
-1.8474426E+00 6.2858110E-01 -2.5011276E+00 -1.2079662E+00 -3.0534417E+00 -6.5566130E-01
-1.9167948E+00 7.1104208E-01 -2.7339421E+00 -1.2516884E+00 -3.2510388E+00 -5.7083486E-01
-1.9120389E+00 7.1102649E-01 -2.7335681E+00 -1.2503610E+00 -3.2405387E+00 -5.6581080E-01
-1.9380395E+00 7.7692590E-01 -2.9348947E+00 -1.2955973E+00 -3.3170283E+00 -4.8758295E-01
-1.9483338E+00 8.5766130E-01 -3.1152507E+00 -1.2939766E+00 -3.4414923E+00 -3.9284644E-01
-1.9462438E+00 8.5956872E-01 -3.1020445E+00 -1.2756399E+00 -3.4343780E+00 -3.8625972E-01
-1.9460147E+00 8.8568895E-01 -3.1297923E+00 -1.2458328E+00 -3.5000000E+00 -3.7649874E-01
