-1.0745193E+00 1.7845048E-01 -1.2506669E+00 -8.9830056E-01 -1.4302948E+00 -7.3074669E-01
-1.0663383E+00 1.5089107E-01 -1.2166931E+00 -9.1731292E-01 -1.3691448E+00 -7.7726433E-01
-1.0628091E+00 1.4408259E-01 -1.2076985E+00 -9.2012791E-01 -1.3501323E+00 -7.8775860E-01
-1.0418363E+00 1.2469187E-01 -1.1609694E+00 -9.1258714E-01 -1.2910125E+00 -8.0469004E-01
-1.0002074E+00 1.6049772E-01 -1.1520558E+00 -8.3352356E-01 -1.3242182E+00 -6.9702816E-01
-9.7177210E-01 1.9061095E-01 -1.1408200E+00 -7.6265317E-01 -1.3622477E+00 -6.2181482E-01
-9.6676763E-01 2.0552631E-01 -1.1440408E+00 -7.4006223E-01 -1.3963640E+00 -5.9366241E-01
-9.6860618E-01 2.0679018E-01 -1.1439437E+00 -7.3801877E-01 -1.4069334E+00 -5.9826383E-01
-9.7373165E-01 2.1334329E-01 -1.1595811E+00 -7.3739775E-01 -1.4212526E+00 -5.8844707E-01
-9.7603365E-01 2.2802366E-01 -1.1853600E+00 -7.3131592E-01 -1.4469513E+00 -5.5505222E-01
-9.9990536E-01 2.2933679E-01 -1.2168169E+00 -7.6218340E-01 -1.4658220E+00 -5.6066561E-01
-1.0580568E+00 3.1893943E-01 -1.3748184E+00 -7.4170022E-01 -1.6999639E+00 -4.4888022E-01
-1.1161332E+00 4.5842829E-01 -1.5388477E+00 -6.3610228E-01 -2.0648643E+00 -2.4823981E-01
-1.1711018E+00 6.3404633E-01 -1.7391232E+00 -4.5365683E-01 -2.4128077E+00 2.1101597E-02
-1.1968014E+00 7.3487477E-01 -1.8348828E+00 -3.1861946E-01 -2.6162869E+00 1.5298992E-01
-1.1973191E+00 7.3878531E-01 -1.8365992E+00 -3.0899551E-01 -2.6263616E+00 1.5381569E-01
-1.2172363E+00 8.2733324E-01 -1.8943918E+00 -1.4715055E-01 -2.8015459E+00 2.3364845E-01
-1.2331831E+00 9.2174051E-01 -2.0143900E+00 -3.3622416E-02 -2.9402423E+00 4.0534413E-01
-1.2343516E+00 9.2247201E-01 -2.0141812E+00 -3.0182968E-02 -2.9317868E+00 3.9858145E-01
-1.2395382E+00 9.5271102E-01 -2.0734175E+00 -1.7940761E-02 -2.9266010E+00 5.0000000E-01
