-1.2348277E+00 1.7401334E-01 -1.3980654E+00 -1.0526783E+00 -1.5826592E+00 -9.0124071E-01
-1.1948175E+00 1.4711292E-01 -1.3287885E+00 -1.0384998E+00 -1.4932186E+00 -9.1720254E-01
-1.1795153E+00 1.4154056E-01 -1.3098013E+00 -1.0313794E+00 -1.4696758E+00 -9.1342493E-01
-1.0503715E+00 1.2064293E-01 -1.1603378E+00 -9.2399897E-01 -1.2993926E+00 -8.2450179E-01
-8.0932853E-01 1.5192571E-01 -9.5758341E-01 -6.5834607E-01 -1.1163380E+00 -5.1689561E-01
-6.5342071E-01 1.6905761E-01 -8.0590981E-01 -4.7570653E-01 -9.8262381E-01 -3.2816337E-01
-6.3823920E-01 1.7667080E-01 -7.8863975E-01 -4.5109309E-01 -9.8762255E-01 -3.0072658E-01
-6.7150547E-01 1.7422607E-01 -8.1882766E-01 -4.8774808E-01 -1.0250473E+00 -3.3951187E-01
-7.4788353E-01 1.8123181E-01 -9.0428589E-01 -5.5496202E-01 -1.1368890E+00 -4.1576843E-01
-7.9326879E-01 1.9786090E-01 -9.7452533E-01 -5.8811456E-01 -1.2054376E+00 -4.2310241E-01
-9.7164782E-01 2.1566706E-01 -1.1847069E+00 -7.5759109E-01 -1.4020419E+00 -5.5482082E-01
-1.3375590E+00 3.2950901E-01 -1.6607607E+00 -1.0155287E+00 -1.9940128E+00 -6.9723714E-01
-1.6520690E+00 4.7147607E-01 -2.1274401E+00 -1.1808651E+00 -2.5712574E+00 -7.3275325E-01
-1.8996888E+00 6.4203699E-01 -2.6092494E+00 -1.2915571E+00 -3.1256661E+00 -6.7096654E-01
-1.9824733E+00 7.3800391E-01 -2.8664845E+00 -1.3368886E+00 -3.3542763E+00 -6.0344999E-01
-1.9781928E+00 7.3980204E-01 -2.8768032E+00 -1.3440932E+00 -3.3384870E+00 -5.9378035E-01
-1.9960962E+00 8.1876187E-01 -3.1063280E+00 -1.4221120E+00 -3.3882536E+00 -4.4905368E-01
-1.9959157E+00 9.0659624E-01 -3.3199848E+00 -1.4842828E+00 -3.4864174E+00 -3.0979279E-01
-1.9942847E+00 9.0632401E-01 -3.3351753E+00 -1.5033567E+00 -3.4601992E+00 -2.9185974E-01
-1.9941087E+00 9.3350487E-01 -3.3818372E+00 -1.4786599E+00 -3.5000000E+00 -2.6802119E-01
