-1.2160334E+00 1.7300836E-01 -1.3872109E+00 -1.0453676E+00 -1.5604267E+00 -8.8094286E-01
-1.1988693E+00 1.4609077E-01 -1.3427278E+00 -1.0568685E+00 -1.4938725E+00 -9.1727496E-01
-1.1963258E+00 1.4121190E-01 -1.3274600E+00 -1.0524744E+00 -1.4856336E+00 -9.2454625E-01
-1.1290931E+00 1.2327855E-01 -1.2411575E+00 -9.9862459E-01 -1.3845530E+00 -8.9912184E-01
-9.7643108E-01 1.5645730E-01 -1.1188100E+00 -8.1403525E-01 -1.3018276E+00 -6.8328513E-01
-8.3869789E-01 1.7853406E-01 -9.9297179E-01 -6.4717949E-01 -1.1916303E+00 -4.9943548E-01
-7.9443800E-01 1.9141807E-01 -9.5806660E-01 -5.8915594E-01 -1.1761340E+00 -4.2651272E-01
-7.9784328E-01 1.9468505E-01 -9.6261514E-01 -5.8857415E-01 -1.1904947E+00 -4.2777501E-01
-8.1840014E-01 2.0642194E-01 -1.0014454E+00 -5.9922757E-01 -1.2258669E+00 -4.2342303E-01
-8.3130755E-01 2.2423548E-01 -1.0377006E+00 -5.9972754E-01 -1.2690030E+00 -3.9540404E-01
-9.2351118E-01 2.2817569E-01 -1.1498703E+00 -6.9547462E-01 -1.3862078E+00 -4.9210036E-01
-1.1523296E+00 3.2018710E-01 -1.4525141E+00 -8.1888991E-01 -1.8082395E+00 -5.4814213E-01
-1.3902401E+00 4.6615041E-01 -1.8573287E+00 -9.2508529E-01 -2.3303163E+00 -5.0438986E-01
-1.6213824E+00 6.4842678E-01 -2.2886784E+00 -9.6498463E-01 -2.8579050E+00 -3.3574374E-01
-1.7214346E+00 7.4891556E-01 -2.5508851E+00 -9.9846292E-01 -3.1386172E+00 -2.6865069E-01
-1.7229452E+00 7.5153629E-01 -2.5660264E+00 -1.0045151E+00 -3.1353414E+00 -2.6580461E-01
-1.7734301E+00 8.3994578E-01 -2.8327154E+00 -1.0494625E+00 -3.2738730E+00 -1.8669926E-01
-1.7995545E+00 9.3787397E-01 -3.0613947E+00 -1.0446898E+00 -3.4397990E+00 -8.8464224E-02
-1.7963336E+00 9.3960427E-01 -3.0551227E+00 -1.0346530E+00 -3.4259076E+00 -8.4025463E-02
-1.8016613E+00 9.6896415E-01 -3.1054398E+00 -1.0183123E+00 -3.5000000E+00 5.0000000E-01
