-1.0947958E+00 1.6877879E-01 -1.2558802E+00 -9.1895385E-01 -1.4318696E+00 -7.7352368E-01
-1.0807412E+00 1.4392211E-01 -1.2160978E+00 -9.3197119E-01 -1.3722490E+00 -8.0717251E-01
-1.0718897E+00 1.3817931E-01 -1.2014589E+00 -9.2958641E-01 -1.3509206E+00 -8.0765173E-01
-1.0396740E+00 1.2043203E-01 -1.1518155E+00 -9.1377946E-01 -1.2859852E+00 -8.1131155E-01
-1.0061312E+00 1.5969139E-01 -1.1464905E+00 -8.3827164E-01 -1.3502213E+00 -7.1240142E-01
-1.0136615E+00 1.9403618E-01 -1.1759448E+00 -8.0037123E-01 -1.4006220E+00 -6.4661577E-01
-1.0318233E+00 2.0892852E-01 -1.2064142E+00 -7.9587850E-01 -1.4516942E+00 -6.4213278E-01
-1.0401451E+00 2.0684797E-01 -1.2120422E+00 -8.0498597E-01 -1.4601572E+00 -6.5296994E-01
-1.0555884E+00 2.1274156E-01 -1.2405791E+00 -8.2145343E-01 -1.5070652E+00 -6.6866375E-01
-1.0600245E+00 2.2932208E-01 -1.2658911E+00 -8.1287923E-01 -1.5349620E+00 -6.3579935E-01
-1.0848302E+00 2.3227003E-01 -1.3030296E+00 -8.4368052E-01 -1.5550553E+00 -6.4114862E-01
-1.1474089E+00 3.2041480E-01 -1.4615311E+00 -8.2507453E-01 -1.7662165E+00 -5.2420304E-01
-1.2189977E+00 4.6179049E-01 -1.6720854E+00 -7.5875577E-01 -2.1499273E+00 -3.4593582E-01
-1.2980695E+00 6.4210736E-01 -1.9172259E+00 -6.0631764E-01 -2.5921920E+00 -9.9160784E-02
-1.3386374E+00 7.4429007E-01 -2.0732257E+00 -5.1407555E-01 -2.8058315E+00 2.5159265E-02
-1.3411019E+00 7.4595224E-01 -2.0809826E+00 -5.1372154E-01 -2.7629437E+00 6.0047330E-02
-1.3743362E+00 8.3746183E-01 -2.2076368E+00 -3.9132322E-01 -2.9234798E+00 1.3243143E-01
-1.3979179E+00 9.4007504E-01 -2.3502419E+00 -2.7337890E-01 -3.0982873E+00 2.8886246E-01
-1.3971812E+00 9.4224866E-01 -2.3465577E+00 -2.6687345E-01 -3.0912688E+00 3.0199235E-01
-1.4012593E+00 9.7313648E-01 -2.3980879E+00 -2.4482214E-01 -3.5000000E+00 5.0000000E-01
