-1.1782881E+00 1.6809937E-01 -1.3461550E+00 -1.0092820E+00 -1.5163321E+00 -8.6043072E-01
-1.1621654E+00 1.4247398E-01 -1.3036763E+00 -1.0190711E+00 -1.4495134E+00 -8.9517922E-01
-1.1581783E+00 1.3587286E-01 -1.2922089E+00 -1.0205486E+00 -1.4316296E+00 -9.0096056E-01
-1.1052167E+00 1.2042918E-01 -1.2176188E+00 -9.8032985E-01 -1.3491713E+00 -8.7456662E-01
-9.9270171E-01 1.5991116E-01 -1.1428710E+00 -8.2665683E-01 -1.3202106E+00 -6.9350503E-01
-8.9789198E-01 1.8176277E-01 -1.0613541E+00 -7.0458567E-01 -1.2582672E+00 -5.4569687E-01
-8.6954313E-01 1.9207526E-01 -1.0364282E+00 -6.6172761E-01 -1.2537274E+00 -5.0605948E-01
-8.7070027E-01 1.9165468E-01 -1.0331461E+00 -6.6161511E-01 -1.2556832E+00 -5.0587139E-01
-8.8584267E-01 2.0067644E-01 -1.0636009E+00 -6.7125199E-01 -1.2859469E+00 -4.9901550E-01
-8.9556957E-01 2.1938285E-01 -1.0972525E+00 -6.6467888E-01 -1.3291004E+00 -4.7145564E-01
-9.7410912E-01 2.3242334E-01 -1.1909324E+00 -7.2660917E-01 -1.4431856E+00 -5.4044886E-01
-1.1776317E+00 3.2474752E-01 -1.4730396E+00 -8.3281559E-01 -1.8439875E+00 -5.6916314E-01
-1.3962502E+00 4.5532821E-01 -1.8262814E+00 -9.1582395E-01 -2.3101635E+00 -5.3840640E-01
-1.6069193E+00 6.2737121E-01 -2.2537766E+00 -9.6422487E-01 -2.8180675E+00 -4.1653493E-01
-1.6972909E+00 7.2531924E-01 -2.4576262E+00 -9.3698750E-01 -3.0504592E+00 -3.0080260E-01
-1.6980875E+00 7.2766171E-01 -2.4916418E+00 -9.6759846E-01 -3.0543432E+00 -2.9022293E-01
-1.7553505E+00 8.1274057E-01 -2.7326655E+00 -9.9209551E-01 -3.2271547E+00 -2.3352752E-01
-1.7895112E+00 9.0711649E-01 -2.9225430E+00 -9.6799960E-01 -3.4230469E+00 -1.3977660E-01
-1.7863984E+00 9.0865702E-01 -2.9112190E+00 -9.5315652E-01 -3.4107029E+00 -1.3696024E-01
-1.7939164E+00 9.3881788E-01 -2.9725234E+00 -9.4946473E-01 -3.5000000E+00 -1.4230591E-01
