-1.2284889E+00 1.7703209E-01 -1.4039879E+00 -1.0527756E+00 -1.5783538E+00 -8.8510448E-01
-1.2276727E+00 1.5023120E-01 -1.3782271E+00 -1.0790198E+00 -1.5248660E+00 -9.3836622E-01
-1.2301602E+00 1.4322976E-01 -1.3739478E+00 -1.0883481E+00 -1.5128383E+00 -9.5377830E-01
-1.2155494E+00 1.2590721E-01 -1.3329881E+00 -1.0835633E+00 -1.4724481E+00 -9.7849720E-01
-1.1680974E+00 1.7053445E-01 -1.3225867E+00 -9.8518506E-01 -1.5246840E+00 -8.5555742E-01
-1.1040007E+00 2.0177378E-01 -1.2778636E+00 -8.7762385E-01 -1.5082632E+00 -7.2747083E-01
-1.0682929E+00 2.1488009E-01 -1.2558077E+00 -8.2976187E-01 -1.4982206E+00 -6.6391608E-01
-1.0573602E+00 2.1490348E-01 -1.2481612E+00 -8.2271686E-01 -1.4876394E+00 -6.5133658E-01
-1.0398210E+00 2.1777972E-01 -1.2410618E+00 -8.0763055E-01 -1.4876082E+00 -6.3946621E-01
-1.0352131E+00 2.2998970E-01 -1.2524239E+00 -7.9355704E-01 -1.4998140E+00 -6.0120531E-01
-1.0214795E+00 2.3027866E-01 -1.2497874E+00 -7.9335316E-01 -1.4853384E+00 -5.8347308E-01
-1.0039178E+00 3.2551793E-01 -1.3053536E+00 -6.6842225E-01 -1.6804739E+00 -3.9701635E-01
-9.9502110E-01 4.6835564E-01 -1.4074173E+00 -4.9848707E-01 -1.9301668E+00 -9.4269398E-02
-9.9633913E-01 6.4152075E-01 -1.5451694E+00 -2.7030798E-01 -2.2500718E+00 2.1584923E-01
-1.0049950E+00 7.3446349E-01 -1.6050016E+00 -1.2950127E-01 -2.4288816E+00 3.5306836E-01
-1.0080850E+00 7.3609519E-01 -1.6041444E+00 -1.2575025E-01 -2.4411100E+00 3.4336433E-01
-1.0291739E+00 8.1056092E-01 -1.6031296E+00 2.4303909E-02 -2.6243921E+00 3.5634489E-01
-1.0476157E+00 8.9524837E-01 -1.6333222E+00 1.7386541E-01 -2.7653249E+00 4.5488426E-01
-1.0469435E+00 8.9573923E-01 -1.6340793E+00 1.7495383E-01 -2.7649407E+00 4.4157062E-01
-1.0522329E+00 9.2354594E-01 -1.6509225E+00 2.2012634E-01 -2.7852363E+00 5.0000000E-01
