-1.1688863E+00 1.6706335E-01 -1.3351144E+00 -1.0037090E+00 -1.4984318E+00 -8.4173024E-01
-1.1394089E+00 1.4116530E-01 -1.2790754E+00 -9.9939016E-01 -1.4198297E+00 -8.6587282E-01
-1.1267306E+00 1.3534191E-01 -1.2603584E+00 -9.9225759E-01 -1.3966167E+00 -8.6363777E-01
-1.0359123E+00 1.1649778E-01 -1.1459349E+00 -9.1445367E-01 -1.2719103E+00 -8.1507053E-01
-8.7833093E-01 1.4950025E-01 -1.0165349E+00 -7.2067906E-01 -1.1829729E+00 -5.9630141E-01
-7.9431864E-01 1.6961104E-01 -9.4249947E-01 -6.1455660E-01 -1.1346124E+00 -4.6715538E-01
-8.0084591E-01 1.8065796E-01 -9.5173391E-01 -6.0840820E-01 -1.1668753E+00 -4.5491819E-01
-8.2989524E-01 1.7923124E-01 -9.8023807E-01 -6.3741047E-01 -1.1904491E+00 -4.8602850E-01
-8.9557664E-01 1.8768002E-01 -1.0570110E+00 -6.9361161E-01 -1.2714879E+00 -5.3936798E-01
-9.3306034E-01 2.0551703E-01 -1.1159738E+00 -7.1516570E-01 -1.3408586E+00 -5.4115872E-01
-1.0694042E+00 2.2380604E-01 -1.2929169E+00 -8.4553031E-01 -1.5107006E+00 -6.4421492E-01
-1.3381671E+00 3.2636800E-01 -1.6666217E+00 -1.0116501E+00 -1.9817206E+00 -7.0985740E-01
-1.5653663E+00 4.5611096E-01 -2.0011435E+00 -1.0819014E+00 -2.4566619E+00 -6.9634870E-01
-1.7519065E+00 6.1318879E-01 -2.3947550E+00 -1.1155012E+00 -2.9072596E+00 -5.8082730E-01
-1.8200688E+00 7.0170293E-01 -2.5947957E+00 -1.1174807E+00 -3.1336908E+00 -4.9772484E-01
-1.8179519E+00 7.0393107E-01 -2.6045962E+00 -1.1237711E+00 -3.1290254E+00 -4.8741489E-01
-1.8408636E+00 7.8056831E-01 -2.7932122E+00 -1.1246271E+00 -3.2353620E+00 -3.8251865E-01
-1.8489964E+00 8.7131449E-01 -2.9353705E+00 -1.0610289E+00 -3.4094653E+00 -2.8177442E-01
-1.8471358E+00 8.7371281E-01 -2.9318016E+00 -1.0524108E+00 -3.4077906E+00 -2.8525447E-01
-1.8490318E+00 9.0468916E-01 -2.9772028E+00 -1.0308618E+00 -3.5000000E+00 -2.8171711E-01
