-1.3455429E+00 1.8501573E-01 -1.5178457E+00 -1.1569331E+00 -1.7169865E+00 -9.8736282E-01
-1.3304356E+00 1.5719008E-01 -1.4764692E+00 -1.1680028E+00 -1.6477832E+00 -1.0309398E+00
-1.3296185E+00 1.4968067E-01 -1.4693977E+00 -1.1742195E+00 -1.6347412E+00 -1.0477759E+00
-1.2720807E+00 1.3421521E-01 -1.3916734E+00 -1.1299355E+00 -1.5510055E+00 -1.0211571E+00
-1.1293976E+00 1.7344554E-01 -1.2873707E+00 -9.4726912E-01 -1.4924284E+00 -8.0496606E-01
-9.8524612E-01 1.9929008E-01 -1.1639651E+00 -7.7196756E-01 -1.4032125E+00 -6.2027263E-01
-9.2752335E-01 2.1035830E-01 -1.1151528E+00 -6.9883854E-01 -1.3455021E+00 -5.2958092E-01
-9.2336637E-01 2.0945460E-01 -1.1093498E+00 -6.9433515E-01 -1.3596904E+00 -5.4239095E-01
-9.1218708E-01 2.1257684E-01 -1.1076793E+00 -6.8120498E-01 -1.3444611E+00 -5.2032518E-01
-9.1377014E-01 2.2540854E-01 -1.1277304E+00 -6.7330951E-01 -1.3636236E+00 -4.9120971E-01
-9.2284726E-01 2.2571694E-01 -1.1402108E+00 -6.8849793E-01 -1.3757797E+00 -4.9592696E-01
-9.3563939E-01 3.1938984E-01 -1.2544809E+00 -6.1307272E-01 -1.5732518E+00 -3.3287727E-01
-9.3180617E-01 4.5913669E-01 -1.3513469E+00 -4.3926516E-01 -1.8388178E+00 -4.4124271E-02
-9.1672732E-01 6.2072333E-01 -1.4323857E+00 -2.1430576E-01 -2.1322695E+00 2.4701405E-01
-9.0818630E-01 7.0753833E-01 -1.4581071E+00 -7.3480914E-02 -2.2781634E+00 3.9691653E-01
-9.0565060E-01 7.0893655E-01 -1.4522072E+00 -6.8509051E-02 -2.2802178E+00 3.9658994E-01
-9.1071221E-01 7.8438181E-01 -1.4300578E+00 9.7142723E-02 -2.4306703E+00 4.4076573E-01
-9.1963650E-01 8.7227688E-01 -1.3994622E+00 3.0832542E-01 -2.5682704E+00 5.0000000E-01
-9.2026661E-01 8.7309822E-01 -1.3694190E+00 3.4008897E-01 -2.5853577E+00 4.7036760E-01
-9.2246679E-01 9.0031106E-01 -1.3973057E+00 3.8125343E-01 -2.6155883E+00 5.0000000E-01
