-1.0181094E+00 1.7961852E-01 -1.1968949E+00 -8.3800898E-01 -1.3691815E+00 -6.6630265E-01
-1.0223096E+00 1.5238907E-01 -1.1721764E+00 -8.7201389E-01 -1.3249359E+00 -7.2303944E-01
-1.0226015E+00 1.4625447E-01 -1.1657156E+00 -8.7818136E-01 -1.3158427E+00 -7.3817252E-01
-1.0409959E+00 1.2459054E-01 -1.1641235E+00 -9.1842032E-01 -1.2916114E+00 -8.0151328E-01
-1.0774101E+00 1.6082909E-01 -1.2345970E+00 -9.1808393E-01 -1.4028353E+00 -7.6719139E-01
-1.0975700E+00 1.9524319E-01 -1.2746439E+00 -8.8818598E-01 -1.5015143E+00 -7.3437223E-01
-1.0956124E+00 2.1295925E-01 -1.2876615E+00 -8.6453338E-01 -1.5403798E+00 -7.0466750E-01
-1.0869637E+00 2.1455329E-01 -1.2776096E+00 -8.5041101E-01 -1.5309855E+00 -6.9704325E-01
-1.0595698E+00 2.2327123E-01 -1.2604123E+00 -8.1330708E-01 -1.5180605E+00 -6.5380435E-01
-1.0398793E+00 2.3914906E-01 -1.2585596E+00 -7.8018337E-01 -1.5274021E+00 -5.9687897E-01
-9.8794571E-01 2.4045689E-01 -1.2279866E+00 -7.4709744E-01 -1.4681462E+00 -5.3341853E-01
-9.1008592E-01 3.0427916E-01 -1.1949700E+00 -5.9055020E-01 -1.5207062E+00 -3.3432672E-01
-8.8030842E-01 4.2023204E-01 -1.2541501E+00 -4.1849758E-01 -1.7536460E+00 -1.1271994E-01
-9.0327715E-01 5.9088837E-01 -1.4222456E+00 -2.1699133E-01 -2.0569803E+00 1.7989640E-01
-9.3990813E-01 6.9346313E-01 -1.5360177E+00 -1.0786992E-01 -2.2753789E+00 3.1003028E-01
-9.4583664E-01 6.9654915E-01 -1.5427203E+00 -1.0580731E-01 -2.2837869E+00 3.0226522E-01
-1.0065548E+00 7.9053378E-01 -1.6040483E+00 3.8162739E-02 -2.5120280E+00 3.5244555E-01
-1.0607233E+00 8.9164061E-01 -1.6433178E+00 2.1185525E-01 -2.7125491E+00 4.5903851E-01
-1.0627901E+00 8.9299000E-01 -1.6423646E+00 2.1744454E-01 -2.7187229E+00 4.4648315E-01
-1.0771061E+00 9.2359939E-01 -1.7230562E+00 2.0701953E-01 -2.7528896E+00 5.0000000E-01
