-1.1799198E+00 1.7589225E-01 -1.3423959E+00 -9.9880973E-01 -1.5356580E+00 -8.3786169E-01
-1.1726790E+00 1.4910235E-01 -1.3103843E+00 -1.0176261E+00 -1.4769022E+00 -8.8630198E-01
-1.1739518E+00 1.4334217E-01 -1.3072791E+00 -1.0248284E+00 -1.4672418E+00 -9.0074698E-01
-1.1425037E+00 1.2429238E-01 -1.2632945E+00 -1.0204728E+00 -1.3946795E+00 -9.0595154E-01
-1.0591455E+00 1.6137830E-01 -1.2068219E+00 -8.8553914E-01 -1.3895358E+00 -7.6010237E-01
-9.7234235E-01 1.9560081E-01 -1.1365436E+00 -7.5302209E-01 -1.3695643E+00 -6.0621060E-01
-9.3772695E-01 2.1324081E-01 -1.1206623E+00 -7.0213531E-01 -1.3683516E+00 -5.3879768E-01
-9.3514019E-01 2.1273793E-01 -1.1161319E+00 -6.9844444E-01 -1.3626912E+00 -5.3679185E-01
-9.3776777E-01 2.1589367E-01 -1.1229517E+00 -6.9921576E-01 -1.3696395E+00 -5.3086609E-01
-9.4250709E-01 2.3043035E-01 -1.1435720E+00 -6.9270352E-01 -1.4058745E+00 -5.0146419E-01
-9.7260508E-01 2.3129609E-01 -1.1872365E+00 -7.3270886E-01 -1.4483701E+00 -5.3893221E-01
-1.0436645E+00 3.2288945E-01 -1.3626872E+00 -7.2088488E-01 -1.6907697E+00 -4.2521683E-01
-1.1179502E+00 4.7034791E-01 -1.5390602E+00 -6.1353375E-01 -2.0974966E+00 -2.3668994E-01
-1.1944702E+00 6.5829280E-01 -1.7772321E+00 -4.4686525E-01 -2.5520521E+00 1.1082560E-02
-1.2314270E+00 7.5958189E-01 -1.9084239E+00 -3.4149242E-01 -2.7271859E+00 1.7487838E-01
-1.2325880E+00 7.5919554E-01 -1.9055666E+00 -3.3530228E-01 -2.7199109E+00 1.6818632E-01
-1.2654948E+00 8.4455645E-01 -1.9868377E+00 -1.9312023E-01 -2.8764566E+00 2.2030886E-01
-1.2906539E+00 9.3901618E-01 -2.0826168E+00 -6.1775125E-02 -3.0474652E+00 3.5713790E-01
-1.2904984E+00 9.4072568E-01 -2.0865689E+00 -6.4343268E-02 -3.0339785E+00 3.6949195E-01
-1.2925133E+00 9.7002103E-01 -2.1235103E+00 -3.2910575E-02 -3.5000000E+00 5.0000000E-01
