-9.9291940E-01 1.7281768E-01 -1.1647122E+00 -8.2069535E-01 -1.3315526E+00 -6.5511083E-01
-9.9328943E-01 1.4598945E-01 -1.1374933E+00 -8.4836169E-01 -1.2809865E+00 -7.1229282E-01
-9.9492547E-01 1.3907395E-01 -1.1333575E+00 -8.5675474E-01 -1.2701627E+00 -7.2701871E-01
-1.0003255E+00 1.2046168E-01 -1.1194877E+00 -8.8167287E-01 -1.2461795E+00 -7.7012760E-01
-9.9918113E-01 1.5299593E-01 -1.1518574E+00 -8.4632927E-01 -1.3036692E+00 -7.0292840E-01
-9.7723929E-01 1.8182712E-01 -1.1353763E+00 -7.7830795E-01 -1.3406166E+00 -6.3125917E-01
-9.5697942E-01 2.0052437E-01 -1.1277694E+00 -7.4009656E-01 -1.3571308E+00 -5.7444219E-01
-9.4559561E-01 2.0332251E-01 -1.1152941E+00 -7.2174175E-01 -1.3546125E+00 -5.6482138E-01
-9.3345635E-01 2.1208142E-01 -1.1131587E+00 -7.0004026E-01 -1.3626868E+00 -5.3700534E-01
-9.2464193E-01 2.2574537E-01 -1.1206828E+00 -6.7831281E-01 -1.3790784E+00 -4.9720177E-01
-9.5493605E-01 2.2824873E-01 -1.1671379E+00 -7.1201646E-01 -1.4161976E+00 -5.2862329E-01
-1.0693406E+00 3.1451982E-01 -1.3615577E+00 -7.4144114E-01 -1.7070769E+00 -4.8430975E-01
-1.2232839E+00 4.5579185E-01 -1.6393848E+00 -7.4311540E-01 -2.1678753E+00 -3.7352208E-01
-1.4029024E+00 6.3622356E-01 -2.0182938E+00 -7.1621013E-01 -2.6742341E+00 -2.1063598E-01
-1.4945686E+00 7.3514358E-01 -2.2640141E+00 -7.1553557E-01 -2.9194361E+00 -1.2723626E-01
-1.4975056E+00 7.3716629E-01 -2.2705127E+00 -7.1545516E-01 -2.9264928E+00 -1.2737802E-01
-1.5631869E+00 8.1933996E-01 -2.4582705E+00 -6.7423830E-01 -3.0772183E+00 -4.9268351E-02
-1.6073772E+00 9.0999530E-01 -2.6134974E+00 -6.1384483E-01 -3.2994539E+00 1.7342203E-02
-1.6058760E+00 9.1144363E-01 -2.6130026E+00 -6.1027808E-01 -3.3118336E+00 3.1353490E-03
-1.6155202E+00 9.4090779E-01 -2.6531692E+00 -5.8872000E-01 -3.4121650E+00 1.7410735E-02
