-1.4191476E+00 1.9243531E-01 -1.6107188E+00 -1.2275845E+00 -1.7990630E+00 -1.0481542E+00
-1.3897213E+00 1.6770858E-01 -1.5568360E+00 -1.2237706E+00 -1.7249387E+00 -1.0701731E+00
-1.3796673E+00 1.6099596E-01 -1.5280159E+00 -1.2111637E+00 -1.7110193E+00 -1.0752797E+00
-1.2933246E+00 1.4273743E-01 -1.4234007E+00 -1.1423257E+00 -1.5877095E+00 -1.0261498E+00
-1.1056280E+00 1.7578281E-01 -1.2616493E+00 -9.1783595E-01 -1.4764006E+00 -7.8041435E-01
-9.2933960E-01 2.0084486E-01 -1.1128545E+00 -7.1587541E-01 -1.3472473E+00 -5.5894489E-01
-8.5656261E-01 2.0901021E-01 -1.0530930E+00 -6.3417169E-01 -1.2804890E+00 -4.6304701E-01
-8.4467938E-01 2.0540116E-01 -1.0391538E+00 -6.2565392E-01 -1.2642281E+00 -4.6288821E-01
-8.1037967E-01 2.0809817E-01 -1.0156398E+00 -6.0042774E-01 -1.2165752E+00 -4.0522817E-01
-7.9734809E-01 2.2254689E-01 -1.0195109E+00 -5.7493542E-01 -1.2473160E+00 -3.7638385E-01
-7.6097027E-01 2.2605915E-01 -9.8377808E-01 -5.3889016E-01 -1.2091101E+00 -3.1895069E-01
-7.1312731E-01 3.0832282E-01 -1.0237944E+00 -4.0537339E-01 -1.3220960E+00 -1.2274272E-01
-7.0508957E-01 4.2840745E-01 -1.1013207E+00 -2.4083177E-01 -1.5349045E+00 1.1566510E-01
-7.4074539E-01 5.8471354E-01 -1.2184455E+00 -4.2984435E-02 -1.8669707E+00 3.3396233E-01
-7.7853833E-01 6.7567383E-01 -1.2858417E+00 7.0365883E-02 -2.0554867E+00 4.3499151E-01
-7.8496016E-01 6.7903999E-01 -1.2895766E+00 7.4214476E-02 -2.0716001E+00 4.2007225E-01
-8.3742601E-01 7.5746022E-01 -1.3090363E+00 1.8845003E-01 -2.2928342E+00 4.0661283E-01
-8.7798911E-01 8.4705051E-01 -1.3404671E+00 3.2560500E-01 -2.4677810E+00 4.7314550E-01
-8.7712089E-01 8.4758045E-01 -1.3222633E+00 3.4462859E-01 -2.4746073E+00 4.5762923E-01
-8.8788639E-01 8.7607885E-01 -1.3669972E+00 3.7752288E-01 -2.5096444E+00 5.0000000E-01
