-1.0894799E+00 1.7198384E-01 -1.2605854E+00 -9.2018788E-01 -1.4333782E+00 -7.5924388E-01
-1.0754793E+00 1.4562842E-01 -1.2186437E+00 -9.3092566E-01 -1.3660078E+00 -7.9579757E-01
-1.0682904E+00 1.4018947E-01 -1.2060784E+00 -9.2775152E-01 -1.3496494E+00 -8.0133281E-01
-1.0385536E+00 1.2225266E-01 -1.1517866E+00 -9.0958296E-01 -1.2882880E+00 -8.0926254E-01
-1.0034051E+00 1.5589284E-01 -1.1459101E+00 -8.4025584E-01 -1.3240498E+00 -7.0770316E-01
-1.0053730E+00 1.8384205E-01 -1.1629055E+00 -8.0258484E-01 -1.3946496E+00 -6.7403273E-01
-1.0211793E+00 1.9973620E-01 -1.1900399E+00 -7.9850037E-01 -1.4243573E+00 -6.4937494E-01
-1.0297187E+00 2.0174116E-01 -1.1996962E+00 -8.0179855E-01 -1.4362963E+00 -6.5799345E-01
-1.0486247E+00 2.1025650E-01 -1.2314222E+00 -8.1674585E-01 -1.4705714E+00 -6.5410768E-01
-1.0553852E+00 2.2620881E-01 -1.2583617E+00 -8.1150991E-01 -1.5028367E+00 -6.2542835E-01
-1.0869449E+00 2.3056260E-01 -1.3014108E+00 -8.4650332E-01 -1.5555703E+00 -6.5075929E-01
-1.1632833E+00 3.2268688E-01 -1.4503640E+00 -8.2448370E-01 -1.8270364E+00 -5.6671378E-01
-1.2485094E+00 4.7000980E-01 -1.6763771E+00 -7.5016559E-01 -2.1775744E+00 -3.5240963E-01
-1.3425424E+00 6.5851772E-01 -1.9533830E+00 -6.1460890E-01 -2.6893129E+00 -1.3899091E-01
-1.3901617E+00 7.6365002E-01 -2.1055240E+00 -5.0793444E-01 -2.9196263E+00 -1.7002114E-02
-1.3939438E+00 7.6677514E-01 -2.1131355E+00 -5.0486458E-01 -2.9287921E+00 -2.0126821E-02
-1.4306138E+00 8.5806678E-01 -2.2639258E+00 -4.0144998E-01 -3.0677760E+00 7.9758257E-02
-1.4535003E+00 9.5552446E-01 -2.4036417E+00 -3.0110986E-01 -3.2368306E+00 2.3245363E-01
-1.4510865E+00 9.5513981E-01 -2.3932121E+00 -2.9558449E-01 -3.2397529E+00 2.3490247E-01
-1.4544605E+00 9.8292028E-01 -2.4336001E+00 -2.7365165E-01 -3.5000000E+00 5.0000000E-01
