-1.2599224E+00 1.6840033E-01 -1.4269959E+00 -1.0946382E+00 -1.5936271E+00 -9.3250338E-01
-1.2285153E+00 1.4180841E-01 -1.3692319E+00 -1.0896706E+00 -1.5106986E+00 -9.5291619E-01
-1.2153743E+00 1.3500750E-01 -1.3485598E+00 -1.0821340E+00 -1.4843191E+00 -9.5410848E-01
-1.1171563E+00 1.1835768E-01 -1.2291500E+00 -9.9357207E-01 -1.3558299E+00 -8.9446722E-01
-9.3407542E-01 1.5135347E-01 -1.0729600E+00 -7.7935393E-01 -1.2486955E+00 -6.5161431E-01
-8.0136775E-01 1.6775458E-01 -9.4986235E-01 -6.2632069E-01 -1.1341498E+00 -4.7565115E-01
-7.6627166E-01 1.7897827E-01 -9.2190591E-01 -5.7678167E-01 -1.1196113E+00 -4.2057729E-01
-7.6855589E-01 1.8090570E-01 -9.1876848E-01 -5.7056798E-01 -1.1281071E+00 -4.2436423E-01
-7.8260308E-01 1.9220371E-01 -9.4686304E-01 -5.7471361E-01 -1.1676008E+00 -4.1652954E-01
-7.8959436E-01 2.1035681E-01 -9.7431973E-01 -5.6377611E-01 -1.2087469E+00 -3.8777056E-01
-8.8644289E-01 2.2262349E-01 -1.0970775E+00 -6.5635190E-01 -1.3422136E+00 -4.6872438E-01
-1.1473406E+00 3.0903265E-01 -1.4546088E+00 -8.3982715E-01 -1.7570301E+00 -5.4207267E-01
-1.4366605E+00 4.2703967E-01 -1.8591525E+00 -1.0136083E+00 -2.2662927E+00 -5.7587964E-01
-1.7313205E+00 5.8297075E-01 -2.3684616E+00 -1.1953301E+00 -2.8080227E+00 -5.1808035E-01
-1.8637615E+00 6.7591311E-01 -2.6515016E+00 -1.2826298E+00 -3.1198734E+00 -5.1866042E-01
-1.8656901E+00 6.8160779E-01 -2.6618255E+00 -1.2827970E+00 -3.1246903E+00 -5.0495738E-01
-1.9395443E+00 7.6811974E-01 -2.9211022E+00 -1.3595201E+00 -3.2792669E+00 -4.3286504E-01
-1.9818404E+00 8.6203198E-01 -3.1621918E+00 -1.3918060E+00 -3.4620650E+00 -3.7417712E-01
-1.9791588E+00 8.6140571E-01 -3.1661319E+00 -1.3930488E+00 -3.4346044E+00 -3.6552815E-01
-1.9883046E+00 8.9016165E-01 -3.2044534E+00 -1.3621004E+00 -3.5000000E+00 -3.6479115E-01
