-1.5185309E+00 1.9424363E-01 -1.7079503E+00 -1.3271161E+00 -1.9128020E+00 -1.1470800E+00
-1.4927644E+00 1.6885544E-01 -1.6481486E+00 -1.3159580E+00 -1.8384437E+00 -1.1758185E+00
-1.4899586E+00 1.6311354E-01 -1.6397772E+00 -1.3184279E+00 -1.8261460E+00 -1.1841464E+00
-1.3969279E+00 1.4651637E-01 -1.5245419E+00 -1.2374214E+00 -1.6908086E+00 -1.1182172E+00
-1.1712559E+00 1.7410139E-01 -1.3263279E+00 -9.8454323E-01 -1.5311097E+00 -8.4727858E-01
-9.3152333E-01 1.9867841E-01 -1.1085904E+00 -7.1847307E-01 -1.3444499E+00 -5.6572395E-01
-8.1963269E-01 2.1216406E-01 -1.0094433E+00 -5.8791033E-01 -1.2598757E+00 -4.3615647E-01
-7.9388811E-01 2.1205811E-01 -9.8237061E-01 -5.5856980E-01 -1.2168482E+00 -4.0147612E-01
-7.4224369E-01 2.1780760E-01 -9.3786787E-01 -4.9865338E-01 -1.1830082E+00 -3.5037650E-01
-7.2122791E-01 2.3192195E-01 -9.3901868E-01 -4.7147625E-01 -1.1735620E+00 -2.8141236E-01
-6.9773050E-01 2.3186805E-01 -9.2946985E-01 -4.6625199E-01 -1.1572146E+00 -2.5263418E-01
-7.1143577E-01 3.0917078E-01 -1.0161230E+00 -4.0197875E-01 -1.3272927E+00 -1.1453282E-01
-7.8311849E-01 4.3814507E-01 -1.1981375E+00 -3.1959730E-01 -1.6766121E+00 3.2354539E-02
-9.0112368E-01 6.1484660E-01 -1.4552250E+00 -1.9207039E-01 -2.0792029E+00 2.4667122E-01
-9.7813742E-01 7.1929921E-01 -1.6120545E+00 -1.1081981E-01 -2.3274000E+00 3.4667746E-01
-9.8441623E-01 7.2286690E-01 -1.6196565E+00 -1.0728973E-01 -2.3425853E+00 3.3684581E-01
-1.0682640E+00 8.1466315E-01 -1.7414942E+00 -5.7820952E-03 -2.5724895E+00 3.6109247E-01
-1.1373018E+00 9.1306145E-01 -1.8398674E+00 1.2932698E-01 -2.7728595E+00 4.5136213E-01
-1.1394911E+00 9.1378367E-01 -1.8366041E+00 1.3265917E-01 -2.7824042E+00 4.3369668E-01
-1.1551023E+00 9.4411040E-01 -1.9001736E+00 1.3553533E-01 -2.8094011E+00 5.0000000E-01
