-1.1867748E+00 2.3932727E-01 -1.3943449E+00 -9.3049933E-01 -1.6853184E+00 -7.4584333E-01
-1.1576538E+00 2.0455550E-01 -1.3361517E+00 -9.3942226E-01 -1.5872568E+00 -7.8382522E-01
-1.1245306E+00 1.7234291E-01 -1.2734081E+00 -9.3714319E-01 -1.4789309E+00 -8.0788494E-01
-1.0776800E+00 1.3858446E-01 -1.1999020E+00 -9.3041299E-01 -1.3677442E+00 -8.2221820E-01
-1.0538930E+00 1.2679711E-01 -1.1760298E+00 -9.2472305E-01 -1.3071653E+00 -8.0506822E-01
-1.0674895E+00 1.3622360E-01 -1.2083976E+00 -9.2332418E-01 -1.3255713E+00 -8.0991464E-01
-1.1207303E+00 1.5264562E-01 -1.2826988E+00 -9.7108316E-01 -1.4067086E+00 -8.2116187E-01
-1.1985527E+00 1.6654810E-01 -1.3799046E+00 -1.0463054E+00 -1.5077377E+00 -8.5608864E-01
-1.2804087E+00 1.7604229E-01 -1.4746148E+00 -1.1216960E+00 -1.6068608E+00 -9.2801151E-01
-1.3375519E+00 1.8380640E-01 -1.5204747E+00 -1.1518696E+00 -1.6986444E+00 -9.7984978E-01
-1.3454338E+00 1.9121965E-01 -1.5207328E+00 -1.1434727E+00 -1.7174002E+00 -9.7681369E-01
-1.2922448E+00 1.9629185E-01 -1.4685720E+00 -1.0916255E+00 -1.6707542E+00 -8.9711755E-01
-1.1836004E+00 2.0169080E-01 -1.3664887E+00 -9.8016982E-01 -1.6120544E+00 -7.9806645E-01
-1.0309381E+00 2.1275151E-01 -1.2236590E+00 -7.9860610E-01 -1.4644168E+00 -6.3531988E-01
-8.5449325E-01 2.2979791E-01 -1.0613237E+00 -6.0163847E-01 -1.3071553E+00 -4.2065756E-01
-6.7877149E-01 2.4471370E-01 -9.0019323E-01 -4.2078077E-01 -1.1435038E+00 -2.0923698E-01
-5.3521873E-01 2.5084405E-01 -7.5305902E-01 -2.7237951E-01 -1.0162497E+00 -4.8550721E-02
-4.4784922E-01 2.5691256E-01 -6.6687454E-01 -1.7855724E-01 -9.5738665E-01 3.5692243E-02
-4.2628557E-01 2.7042718E-01 -6.6847848E-01 -1.5098707E-01 -9.4275080E-01 1.0614640E-01
-4.7276626E-01 2.8120325E-01 -7.3755233E-01 -1.9877695E-01 -1.0178884E+00 9.9252750E-02
-5.8302482E-01 2.9033866E-01 -8.5800174E-01 -2.9996835E-01 -1.1710215E+00 -3.8480478E-02
-7.5131841E-01 3.0511139E-01 -1.0388480E+00 -4.4725771E-01 -1.3431837E+00 -1.4673442E-01
-9.6028052E-01 3.3271806E-01 -1.2422888E+00 -5.9256079E-01 -1.6491532E+00 -3.3595856E-01
-1.1912341E+00 3.8816851E-01 -1.4952297E+00 -7.2631223E-01 -1.9778745E+00 -4.9047642E-01
-1.4219935E+00 4.6911991E-01 -1.8527876E+00 -9.0792150E-01 -2.3349970E+00 -5.4564142E-01
-1.6280203E+00 5.5777515E-01 -2.1700407E+00 -1.0519539E+00 -2.7096446E+00 -5.4103974E-01
-1.7906913E+00 6.4146459E-01 -2.4233004E+00 -1.1421409E+00 -3.0926987E+00 -5.3024449E-01
-1.9093674E+00 7.1290516E-01 -2.6143871E+00 -1.1926099E+00 -3.3263115E+00 -4.8766596E-01
-1.9657996E+00 7.5483451E-01 -2.7533847E+00 -1.2471726E+00 -3.5369648E+00 -5.7817007E-01
-1.9949016E+00 7.8599382E-01 -2.8152202E+00 -1.2431173E+00 -3.6248955E+00 -5.5300318E-01
