-7.9567774E-01 1.6843598E-01 -9.6353152E-01 -6.2925321E-01 -1.1301249E+00 -4.6924250E-01
-8.3033758E-01 1.3825365E-01 -9.6805142E-01 -6.9337695E-01 -1.1068078E+00 -5.6387863E-01
-8.4759184E-01 1.2967030E-01 -9.7624651E-01 -7.1932030E-01 -1.1071279E+00 -5.9778739E-01
-9.4547144E-01 1.0545605E-01 -1.0488416E+00 -8.4048375E-01 -1.1548195E+00 -7.4084009E-01
-1.0941100E+00 1.4537495E-01 -1.2371798E+00 -9.5038507E-01 -1.3854145E+00 -8.1372991E-01
-1.1516262E+00 1.8106217E-01 -1.3046048E+00 -9.5947301E-01 -1.5163786E+00 -8.0522598E-01
-1.1363027E+00 2.0268688E-01 -1.3020923E+00 -9.1524233E-01 -1.5386972E+00 -7.5375299E-01
-1.1094550E+00 2.0716571E-01 -1.2769924E+00 -8.7999085E-01 -1.5227723E+00 -7.2524961E-01
-1.0766893E+00 2.1855524E-01 -1.2556336E+00 -8.3289743E-01 -1.5172561E+00 -6.7054250E-01
-1.0539724E+00 2.3513032E-01 -1.2521090E+00 -7.9220232E-01 -1.5307266E+00 -6.1577482E-01
-1.0656826E+00 2.3971204E-01 -1.2856937E+00 -8.1039484E-01 -1.5549905E+00 -6.1991609E-01
-1.1654500E+00 3.2574908E-01 -1.4882702E+00 -8.4124421E-01 -1.8296339E+00 -5.5130363E-01
-1.3252555E+00 4.5898753E-01 -1.7830483E+00 -8.6384666E-01 -2.2599864E+00 -4.5820936E-01
-1.5216630E+00 6.2828886E-01 -2.1574461E+00 -8.7305531E-01 -2.7477389E+00 -3.0168056E-01
-1.6232294E+00 7.2467430E-01 -2.4235458E+00 -9.1958094E-01 -2.9759145E+00 -1.9293495E-01
-1.6261274E+00 7.2542373E-01 -2.4309752E+00 -9.2319736E-01 -2.9749001E+00 -1.9865734E-01
-1.7032190E+00 8.1439844E-01 -2.6941403E+00 -9.7117026E-01 -3.1732074E+00 -1.3695193E-01
-1.7586518E+00 9.1395792E-01 -2.9075494E+00 -9.4987076E-01 -3.3977262E+00 -5.7925394E-02
-1.7595514E+00 9.1676720E-01 -2.9041937E+00 -9.3981269E-01 -3.4011967E+00 -6.6949714E-02
-1.7720311E+00 9.4907577E-01 -2.9667966E+00 -9.2967472E-01 -3.5000000E+00 -8.0603355E-02
