-1.3102764E+00 1.7887885E-01 -1.4887276E+00 -1.1340099E+00 -1.6697119E+00 -9.6643647E-01
-1.3012197E+00 1.5247898E-01 -1.4534556E+00 -1.1505186E+00 -1.6067783E+00 -1.0087437E+00
-1.3024176E+00 1.4687984E-01 -1.4492423E+00 -1.1557744E+00 -1.5947746E+00 -1.0214354E+00
-1.2601570E+00 1.2875039E-01 -1.3891808E+00 -1.1304694E+00 -1.5182139E+00 -1.0144034E+00
-1.1483468E+00 1.6875927E-01 -1.3040370E+00 -9.7236191E-01 -1.4922863E+00 -8.3233341E-01
-1.0298506E+00 2.0084648E-01 -1.2068401E+00 -8.1167287E-01 -1.4312633E+00 -6.4846151E-01
-9.7783304E-01 2.1538085E-01 -1.1646357E+00 -7.3706777E-01 -1.4327248E+00 -5.8950949E-01
-9.6800140E-01 2.1373644E-01 -1.1596801E+00 -7.3254399E-01 -1.3934990E+00 -5.6459123E-01
-9.4584545E-01 2.1711291E-01 -1.1463570E+00 -7.1134909E-01 -1.3947181E+00 -5.4895979E-01
-9.3846300E-01 2.3015817E-01 -1.1553399E+00 -6.9290258E-01 -1.4078363E+00 -5.1134373E-01
-9.2903735E-01 2.2811696E-01 -1.1560981E+00 -7.0448490E-01 -1.3856355E+00 -4.8841990E-01
-9.2726367E-01 3.1699166E-01 -1.2319447E+00 -6.1409035E-01 -1.5822898E+00 -3.2686681E-01
-9.4436497E-01 4.6136764E-01 -1.3493957E+00 -4.5690222E-01 -1.8584715E+00 -3.9239405E-02
-9.7818646E-01 6.4024712E-01 -1.5081602E+00 -2.4806690E-01 -2.2489038E+00 2.3929854E-01
-1.0014885E+00 7.3852428E-01 -1.5993029E+00 -1.2295453E-01 -2.4320512E+00 3.7350156E-01
-1.0031307E+00 7.4166124E-01 -1.6078433E+00 -1.2109316E-01 -2.4340184E+00 3.7232381E-01
-1.0309485E+00 8.2557529E-01 -1.6190704E+00 5.9816679E-02 -2.6145995E+00 3.9077459E-01
-1.0547483E+00 9.1699741E-01 -1.5960801E+00 2.8815094E-01 -2.7561916E+00 4.8744033E-01
-1.0570055E+00 9.1831705E-01 -1.5765516E+00 3.0917174E-01 -2.7759973E+00 4.5861207E-01
-1.0643541E+00 9.5004412E-01 -1.6222911E+00 3.4356912E-01 -2.8132625E+00 5.0000000E-01
