-1.2355831E+00 1.7249624E-01 -1.3984097E+00 -1.0579673E+00 -1.5886367E+00 -9.0864755E-01
-1.2226752E+00 1.4429103E-01 -1.3653356E+00 -1.0796684E+00 -1.5169643E+00 -9.4840298E-01
-1.2272481E+00 1.3685814E-01 -1.3556595E+00 -1.0861107E+00 -1.5046019E+00 -9.6598754E-01
-1.1606484E+00 1.1694000E-01 -1.2745717E+00 -1.0449339E+00 -1.3966124E+00 -9.3764431E-01
-9.6382509E-01 1.4833263E-01 -1.1083788E+00 -8.1903277E-01 -1.2571468E+00 -6.7719896E-01
-7.3751427E-01 1.6833744E-01 -8.8301641E-01 -5.6114430E-01 -1.0722756E+00 -4.1173555E-01
-6.3797651E-01 1.7939297E-01 -7.8646675E-01 -4.4706923E-01 -1.0039358E+00 -2.9532474E-01
-6.2016174E-01 1.7853880E-01 -7.6165803E-01 -4.2527362E-01 -9.8493658E-01 -2.8556947E-01
-6.1929718E-01 1.8461149E-01 -7.6950596E-01 -4.1579009E-01 -9.9487037E-01 -2.7418361E-01
-6.2346218E-01 2.0129753E-01 -7.9259765E-01 -4.0116199E-01 -1.0327103E+00 -2.4535366E-01
-7.6526480E-01 2.1396685E-01 -9.6547824E-01 -5.3926981E-01 -1.2031717E+00 -3.6390492E-01
-1.1448737E+00 3.0911414E-01 -1.4551314E+00 -8.3832807E-01 -1.7660644E+00 -5.5769483E-01
-1.5486620E+00 4.3544101E-01 -1.9768088E+00 -1.1219674E+00 -2.3871645E+00 -6.5350734E-01
-1.9323559E+00 5.8899229E-01 -2.5833930E+00 -1.4390425E+00 -3.0530023E+00 -7.4841731E-01
-2.0903915E+00 6.7500358E-01 -2.8811306E+00 -1.5736399E+00 -3.3447335E+00 -7.5344607E-01
-2.0890430E+00 6.7777461E-01 -2.8867247E+00 -1.5742038E+00 -3.3378807E+00 -7.5008437E-01
-2.1735566E+00 7.5120316E-01 -3.1393755E+00 -1.7164675E+00 -3.4292176E+00 -6.9013308E-01
-2.2199746E+00 8.3513199E-01 -3.3661774E+00 -1.8202731E+00 -3.5000000E+00 -6.0499581E-01
-2.2143249E+00 8.3650274E-01 -3.3728311E+00 -1.8390743E+00 -3.4849050E+00 -5.8024717E-01
-2.2231452E+00 8.6388545E-01 -3.4645912E+00 -1.8749796E+00 -3.5000000E+00 -5.4696937E-01
