-1.2869657E+00 1.7230064E-01 -1.4479102E+00 -1.1074601E+00 -1.6362018E+00 -9.5890502E-01
-1.2604708E+00 1.4506230E-01 -1.3945292E+00 -1.1079100E+00 -1.5559541E+00 -9.8744666E-01
-1.2547531E+00 1.3808277E-01 -1.3811857E+00 -1.1091184E+00 -1.5370546E+00 -9.9453820E-01
-1.1477570E+00 1.1739525E-01 -1.2557023E+00 -1.0261965E+00 -1.3873859E+00 -9.2487695E-01
-9.1580184E-01 1.4880570E-01 -1.0540383E+00 -7.6339026E-01 -1.2194486E+00 -6.2997842E-01
-7.2990404E-01 1.6850248E-01 -8.7643906E-01 -5.4836373E-01 -1.0834429E+00 -4.2246339E-01
-6.8591799E-01 1.7600438E-01 -8.3959724E-01 -5.0092300E-01 -1.0545929E+00 -3.6004720E-01
-7.0523839E-01 1.7379406E-01 -8.5283406E-01 -5.1799066E-01 -1.0706755E+00 -3.8613758E-01
-7.6361894E-01 1.8159038E-01 -9.1940242E-01 -5.6289167E-01 -1.1410301E+00 -4.3193759E-01
-8.0082781E-01 1.9722723E-01 -9.7704668E-01 -5.8822755E-01 -1.2108403E+00 -4.4150410E-01
-9.7940237E-01 2.1293514E-01 -1.1829448E+00 -7.5509140E-01 -1.4073563E+00 -5.7907417E-01
-1.3685274E+00 3.2215195E-01 -1.6874683E+00 -1.0498060E+00 -2.0295485E+00 -7.5610043E-01
-1.7144682E+00 4.5834175E-01 -2.1802044E+00 -1.2511332E+00 -2.6090302E+00 -8.2436505E-01
-1.9990675E+00 6.1900793E-01 -2.7057895E+00 -1.4269285E+00 -3.1576397E+00 -8.1519544E-01
-2.1016103E+00 7.0619266E-01 -2.9607348E+00 -1.5059748E+00 -3.3987256E+00 -7.7701469E-01
-2.0983039E+00 7.0852488E-01 -2.9666360E+00 -1.5109280E+00 -3.3858068E+00 -7.6315832E-01
-2.1312933E+00 7.8037094E-01 -3.1826360E+00 -1.6253217E+00 -3.4353210E+00 -6.4397855E-01
-2.1387318E+00 8.6341210E-01 -3.3723019E+00 -1.6978215E+00 -3.5000000E+00 -5.2122541E-01
-2.1347104E+00 8.6502388E-01 -3.3815324E+00 -1.7113949E+00 -3.4800900E+00 -4.9527367E-01
-2.1337769E+00 8.9260569E-01 -3.4731427E+00 -1.7431854E+00 -3.5000000E+00 -4.5683861E-01
