-1.0335111E+00 1.7607693E-01 -1.2091191E+00 -8.5836820E-01 -1.3807265E+00 -6.9205902E-01
-1.0314279E+00 1.4847904E-01 -1.1800688E+00 -8.8325845E-01 -1.3289520E+00 -7.4885884E-01
-1.0287584E+00 1.4205169E-01 -1.1707365E+00 -8.8708342E-01 -1.3156148E+00 -7.6045904E-01
-1.0241692E+00 1.1998404E-01 -1.1430045E+00 -9.0380803E-01 -1.2645857E+00 -7.9727993E-01
-1.0158977E+00 1.5657136E-01 -1.1575401E+00 -8.5072919E-01 -1.3464213E+00 -7.2442990E-01
-1.0049548E+00 1.9263216E-01 -1.1675314E+00 -7.9117652E-01 -1.3961517E+00 -6.4365727E-01
-9.9644171E-01 2.1045767E-01 -1.1732970E+00 -7.6082187E-01 -1.4435113E+00 -6.2051481E-01
-9.8944373E-01 2.1171438E-01 -1.1660446E+00 -7.5206900E-01 -1.4219847E+00 -5.9654201E-01
-9.8827958E-01 2.1889026E-01 -1.1794438E+00 -7.4745491E-01 -1.4516253E+00 -5.9069237E-01
-9.8664693E-01 2.3347134E-01 -1.2040689E+00 -7.4032344E-01 -1.4678801E+00 -5.5366351E-01
-1.0185085E+00 2.2973741E-01 -1.2446620E+00 -7.9111032E-01 -1.4784810E+00 -5.7122173E-01
-1.1132416E+00 3.1863585E-01 -1.4109682E+00 -7.7867123E-01 -1.7622900E+00 -5.1138339E-01
-1.2244315E+00 4.7855183E-01 -1.6684535E+00 -7.0866512E-01 -2.2002051E+00 -3.3205958E-01
-1.3410560E+00 6.7814901E-01 -2.0062117E+00 -5.9473392E-01 -2.6712936E+00 -9.2655332E-02
-1.3952138E+00 7.8376159E-01 -2.1930350E+00 -5.2260959E-01 -2.9040260E+00 3.3657538E-02
-1.3959860E+00 7.8516813E-01 -2.2424877E+00 -5.5582363E-01 -2.9026669E+00 3.4082652E-02
-1.4306293E+00 8.7139399E-01 -2.3880266E+00 -4.6840099E-01 -3.0445268E+00 1.1218386E-01
-1.4546889E+00 9.6356693E-01 -2.5228410E+00 -3.8250003E-01 -3.2181816E+00 2.4799905E-01
-1.4547352E+00 9.6508685E-01 -2.5231335E+00 -3.8094858E-01 -3.1779329E+00 2.8367273E-01
-1.4611154E+00 9.9412449E-01 -2.5621648E+00 -3.5330984E-01 -3.5000000E+00 5.0000000E-01
