-9.4375289E-01 1.5991333E-01 -1.1006620E+00 -7.8373950E-01 -1.2627751E+00 -6.3460996E-01
-9.2192437E-01 1.3284307E-01 -1.0517031E+00 -7.9038199E-01 -1.1884036E+00 -6.6545735E-01
-9.1299740E-01 1.2610950E-01 -1.0370281E+00 -7.8801181E-01 -1.1651580E+00 -6.6748293E-01
-8.4634393E-01 1.0584775E-01 -9.4941461E-01 -7.4290066E-01 -1.0572110E+00 -6.3684379E-01
-7.3178627E-01 1.3759451E-01 -8.6726387E-01 -5.9453831E-01 -1.0007955E+00 -4.6369350E-01
-6.8390169E-01 1.4971351E-01 -8.2471845E-01 -5.3100672E-01 -9.9121219E-01 -4.0025394E-01
-7.0763676E-01 1.5263113E-01 -8.4077091E-01 -5.4457749E-01 -1.0281374E+00 -4.2737054E-01
-7.3896194E-01 1.4904908E-01 -8.6784811E-01 -5.7828928E-01 -1.0559471E+00 -4.7038448E-01
-8.3351327E-01 1.5815981E-01 -9.7414609E-01 -6.6480857E-01 -1.1609854E+00 -5.4355105E-01
-8.8442892E-01 1.7646355E-01 -1.0456564E+00 -6.9964697E-01 -1.2457759E+00 -5.5285095E-01
-1.1206125E+00 2.0441399E-01 -1.3229894E+00 -9.2025499E-01 -1.5340868E+00 -7.2392311E-01
-1.6243829E+00 3.0046091E-01 -1.9260772E+00 -1.3247011E+00 -2.2144269E+00 -1.0393876E+00
-2.0696236E+00 3.8752493E-01 -2.4647745E+00 -1.6815792E+00 -2.8015747E+00 -1.2953866E+00
-2.4264089E+00 4.8035912E-01 -2.9885418E+00 -2.0129373E+00 -3.3115078E+00 -1.4990874E+00
-2.5459694E+00 5.3413990E-01 -3.2208499E+00 -2.1626003E+00 -3.5000000E+00 -1.5598365E+00
-2.5390746E+00 5.3532006E-01 -3.2197242E+00 -2.1624144E+00 -3.4777407E+00 -1.5296815E+00
-2.5622863E+00 5.8389904E-01 -3.3226454E+00 -2.2650048E+00 -3.4764007E+00 -1.4029771E+00
-2.5569481E+00 6.6080869E-01 -3.4271493E+00 -2.2931946E+00 -3.5000000E+00 -1.2514709E+00
-2.5511690E+00 6.6391453E-01 -3.4228274E+00 -2.2946447E+00 -3.4934739E+00 -1.2351684E+00
-2.5446474E+00 6.9250556E-01 -3.4987882E+00 -2.3225940E+00 -3.5000000E+00 -1.1840787E+00
