-8.5443545E-01 1.6777181E-01 -1.0190663E+00 -6.8970824E-01 -1.1851449E+00 -5.2038755E-01
-8.5096912E-01 1.3955471E-01 -9.8714801E-01 -7.1357492E-01 -1.1280908E+00 -5.7811776E-01
-8.5064231E-01 1.3300115E-01 -9.8107792E-01 -7.1799823E-01 -1.1158342E+00 -5.9255819E-01
-8.3434008E-01 1.1232909E-01 -9.4484758E-01 -7.2252623E-01 -1.0564969E+00 -6.1665414E-01
-8.0591678E-01 1.4703574E-01 -9.4998100E-01 -6.5968759E-01 -1.1053669E+00 -5.2552959E-01
-7.9906899E-01 1.7437751E-01 -9.5181074E-01 -6.1684366E-01 -1.1471788E+00 -4.6161107E-01
-8.1105183E-01 1.8944037E-01 -9.6979497E-01 -6.0528281E-01 -1.1918312E+00 -4.5406650E-01
-8.2154964E-01 1.9112926E-01 -9.7890986E-01 -6.1062021E-01 -1.2053615E+00 -4.6141207E-01
-8.5809670E-01 2.0091514E-01 -1.0293252E+00 -6.3777657E-01 -1.2581485E+00 -4.7882648E-01
-8.7525783E-01 2.1712412E-01 -1.0642588E+00 -6.3807461E-01 -1.3061633E+00 -4.6354390E-01
-9.7447917E-01 2.2692680E-01 -1.1778632E+00 -7.3140955E-01 -1.4504831E+00 -5.5488514E-01
-1.2052983E+00 3.2532409E-01 -1.4994664E+00 -8.6999033E-01 -1.8862755E+00 -5.9347145E-01
-1.4385440E+00 4.5912733E-01 -1.8686560E+00 -9.6289130E-01 -2.3806078E+00 -5.6468944E-01
-1.6648880E+00 6.2337186E-01 -2.3048640E+00 -1.0263590E+00 -2.8553435E+00 -4.4942157E-01
-1.7653040E+00 7.1995783E-01 -2.5763577E+00 -1.0682037E+00 -3.1127114E+00 -3.9780629E-01
-1.7659452E+00 7.2353828E-01 -2.5891975E+00 -1.0728906E+00 -3.1147843E+00 -3.9399720E-01
-1.8270545E+00 8.0931381E-01 -2.8706566E+00 -1.1570369E+00 -3.2553075E+00 -3.0809021E-01
-1.8647856E+00 9.0654992E-01 -3.1257667E+00 -1.1945299E+00 -3.4407948E+00 -2.1199437E-01
-1.8624193E+00 9.0850623E-01 -3.1295061E+00 -1.1932689E+00 -3.4240626E+00 -2.0405973E-01
-1.8693628E+00 9.3813962E-01 -3.1559260E+00 -1.1500650E+00 -3.5000000E+00 -2.0371501E-01
