-9.6760698E-01 1.7783147E-01 -1.1449663E+00 -7.9128679E-01 -1.3165552E+00 -6.2342496E-01
-9.9260908E-01 1.5113846E-01 -1.1399693E+00 -8.4224259E-01 -1.2936705E+00 -7.0244661E-01
-1.0066377E+00 1.4506231E-01 -1.1480055E+00 -8.6208561E-01 -1.2996483E+00 -7.2905471E-01
-1.0811248E+00 1.2564420E-01 -1.1946828E+00 -9.4676676E-01 -1.3381266E+00 -8.4786663E-01
-1.1878317E+00 1.6559390E-01 -1.3408404E+00 -1.0165180E+00 -1.5287923E+00 -8.7549472E-01
-1.2052000E+00 2.0584562E-01 -1.3897618E+00 -9.8180407E-01 -1.6351221E+00 -8.2856296E-01
-1.1632864E+00 2.2662119E-01 -1.3610294E+00 -9.0936540E-01 -1.6376256E+00 -7.5728107E-01
-1.1249416E+00 2.2837854E-01 -1.3207845E+00 -8.6155308E-01 -1.5814857E+00 -7.0302466E-01
-1.0563021E+00 2.3476490E-01 -1.2677350E+00 -7.9847591E-01 -1.5248871E+00 -6.1308931E-01
-1.0176664E+00 2.4868316E-01 -1.2477760E+00 -7.5121451E-01 -1.5277545E+00 -5.5381471E-01
-9.3938519E-01 2.4384479E-01 -1.1803808E+00 -6.9529628E-01 -1.4361336E+00 -4.7799635E-01
-8.4292001E-01 3.1381658E-01 -1.1392013E+00 -5.1553471E-01 -1.4803966E+00 -2.4995987E-01
-8.2384830E-01 4.4715638E-01 -1.2041660E+00 -3.2612822E-01 -1.7788397E+00 -1.1719134E-02
-8.6304057E-01 6.2621867E-01 -1.3575850E+00 -1.0659413E-01 -2.1077848E+00 2.7347758E-01
-9.0264613E-01 7.2856607E-01 -1.4436776E+00 1.3329433E-02 -2.3293590E+00 3.8710678E-01
-9.0958628E-01 7.3328758E-01 -1.4505116E+00 1.4117558E-02 -2.3484485E+00 3.8275892E-01
-9.5242735E-01 8.1534642E-01 -1.4645225E+00 1.4443374E-01 -2.5629877E+00 3.9884024E-01
-9.8316548E-01 9.0413176E-01 -1.4926759E+00 2.8007042E-01 -2.7096978E+00 5.0000000E-01
-9.8215770E-01 9.0410238E-01 -1.4715184E+00 2.9934322E-01 -2.7301297E+00 4.7214652E-01
-9.8776695E-01 9.3208511E-01 -1.5166714E+00 3.2722425E-01 -2.7630229E+00 5.0000000E-01
