-1.0642246E+00 1.8022966E-01 -1.2347961E+00 -8.7838631E-01 -1.4306054E+00 -7.2263909E-01
-1.0556168E+00 1.5331459E-01 -1.1983292E+00 -8.9349722E-01 -1.3688368E+00 -7.6961912E-01
-1.0538538E+00 1.4594493E-01 -1.1881105E+00 -8.9944610E-01 -1.3536873E+00 -7.8159031E-01
-1.0213637E+00 1.2386809E-01 -1.1306327E+00 -8.8903654E-01 -1.2806119E+00 -7.9429826E-01
-9.4432211E-01 1.5678199E-01 -1.0911416E+00 -7.8057547E-01 -1.2652688E+00 -6.4844180E-01
-8.6909314E-01 1.8265604E-01 -1.0311976E+00 -6.7494379E-01 -1.2361731E+00 -5.1975609E-01
-8.4141951E-01 1.9515074E-01 -1.0101854E+00 -6.3157879E-01 -1.2319098E+00 -4.6841984E-01
-8.4067662E-01 1.9416168E-01 -1.0088421E+00 -6.3043154E-01 -1.2268178E+00 -4.7105426E-01
-8.4936844E-01 1.9966640E-01 -1.0243456E+00 -6.3214401E-01 -1.2496821E+00 -4.7425411E-01
-8.5467176E-01 2.1581241E-01 -1.0446680E+00 -6.1677590E-01 -1.2856647E+00 -4.4911538E-01
-9.1264075E-01 2.2467112E-01 -1.1279334E+00 -6.7547593E-01 -1.3592560E+00 -4.9142186E-01
-1.0682331E+00 3.1807481E-01 -1.3869540E+00 -7.4827367E-01 -1.7065197E+00 -4.6429114E-01
-1.2343242E+00 4.5294566E-01 -1.6894693E+00 -7.8346362E-01 -2.1380208E+00 -3.5942720E-01
-1.3950217E+00 6.2561513E-01 -2.0294605E+00 -7.5793390E-01 -2.6109874E+00 -1.7702197E-01
-1.4659593E+00 7.2546266E-01 -2.2180851E+00 -7.0887064E-01 -2.8380837E+00 -5.9458432E-02
-1.4656299E+00 7.2801634E-01 -2.2227925E+00 -7.0403924E-01 -2.8411420E+00 -5.3577115E-02
-1.5166773E+00 8.2297309E-01 -2.4040107E+00 -6.2215877E-01 -3.0184605E+00 2.5417027E-02
-1.5538735E+00 9.2891799E-01 -2.6220117E+00 -5.8968837E-01 -3.2579187E+00 1.4289137E-01
-1.5545665E+00 9.3120005E-01 -2.6268460E+00 -5.8742497E-01 -3.2684821E+00 1.3062657E-01
-1.5636782E+00 9.6312041E-01 -2.6187477E+00 -5.0541750E-01 -3.5000000E+00 5.0000000E-01
