-8.6707592E-01 1.6931696E-01 -1.0364319E+00 -6.9934012E-01 -1.1936571E+00 -5.3395192E-01
-8.6763727E-01 1.4300337E-01 -1.0089000E+00 -7.2482511E-01 -1.1510051E+00 -5.9265172E-01
-8.6401011E-01 1.3650906E-01 -9.9867026E-01 -7.2833660E-01 -1.1397075E+00 -6.0253453E-01
-8.8107647E-01 1.1526210E-01 -9.8760066E-01 -7.6059588E-01 -1.1173708E+00 -6.6658268E-01
-9.4361441E-01 1.5423067E-01 -1.0939120E+00 -7.9142376E-01 -1.2601627E+00 -6.4898467E-01
-1.0235627E+00 1.8645203E-01 -1.1844716E+00 -8.2509363E-01 -1.3999373E+00 -6.6333483E-01
-1.0633361E+00 2.0433207E-01 -1.2379128E+00 -8.4137508E-01 -1.4772025E+00 -6.7684169E-01
-1.0721707E+00 2.0577037E-01 -1.2506307E+00 -8.4673927E-01 -1.4854362E+00 -6.8438973E-01
-1.0871510E+00 2.1684241E-01 -1.2820184E+00 -8.5194157E-01 -1.5160630E+00 -6.7381090E-01
-1.0882636E+00 2.3512793E-01 -1.3026658E+00 -8.3544740E-01 -1.5532736E+00 -6.3798683E-01
-1.0947328E+00 2.4150685E-01 -1.3186329E+00 -8.3865072E-01 -1.5904181E+00 -6.4329028E-01
-1.1188547E+00 3.1772268E-01 -1.4085673E+00 -7.8921720E-01 -1.7740223E+00 -5.1561994E-01
-1.1603783E+00 4.4319238E-01 -1.5601260E+00 -6.8396225E-01 -2.0855818E+00 -3.4477337E-01
-1.2194871E+00 6.1492668E-01 -1.7908894E+00 -5.3092958E-01 -2.4651677E+00 -1.1024763E-01
-1.2536063E+00 7.1674742E-01 -1.9331298E+00 -4.3399336E-01 -2.6335158E+00 7.8063968E-02
-1.2553849E+00 7.2118065E-01 -1.9416049E+00 -4.2958665E-01 -2.6346699E+00 8.4583877E-02
-1.2835918E+00 8.1722529E-01 -2.1023474E+00 -3.3924211E-01 -2.7918405E+00 2.0884331E-01
-1.3045714E+00 9.2093034E-01 -2.2975151E+00 -2.8160376E-01 -2.9462505E+00 3.9489725E-01
-1.3063547E+00 9.2314847E-01 -2.3012619E+00 -2.8123685E-01 -2.9505438E+00 3.8614171E-01
-1.3118173E+00 9.5611425E-01 -2.3398811E+00 -2.4848555E-01 -3.5000000E+00 5.0000000E-01
