-1.0788625E+00 1.7285813E-01 -1.2513900E+00 -9.0601609E-01 -1.4189819E+00 -7.4466283E-01
-1.0756289E+00 1.4514084E-01 -1.2212657E+00 -9.3252881E-01 -1.3608437E+00 -7.9537418E-01
-1.0751637E+00 1.3796200E-01 -1.2144662E+00 -9.3931468E-01 -1.3454590E+00 -8.0856833E-01
-1.0576276E+00 1.1752875E-01 -1.1744007E+00 -9.4222576E-01 -1.2927048E+00 -8.3061077E-01
-1.0225214E+00 1.5218946E-01 -1.1718567E+00 -8.7070438E-01 -1.3288892E+00 -7.3185896E-01
-9.9862710E-01 1.9211582E-01 -1.1711057E+00 -7.9247501E-01 -1.3797442E+00 -6.3343310E-01
-9.9486830E-01 2.1290813E-01 -1.1758848E+00 -7.5674113E-01 -1.4223862E+00 -5.9883261E-01
-9.9752142E-01 2.1365261E-01 -1.1753401E+00 -7.5784510E-01 -1.4302507E+00 -6.0157294E-01
-1.0113893E+00 2.1862556E-01 -1.1927700E+00 -7.6676920E-01 -1.4585038E+00 -5.9998135E-01
-1.0194320E+00 2.3198901E-01 -1.2201398E+00 -7.6388421E-01 -1.4920870E+00 -5.8125457E-01
-1.0606378E+00 2.2878311E-01 -1.2767170E+00 -8.2539042E-01 -1.5289020E+00 -6.2148813E-01
-1.1445752E+00 3.2358851E-01 -1.4615454E+00 -8.2677953E-01 -1.7985468E+00 -5.2020212E-01
-1.2117519E+00 4.7854958E-01 -1.6635965E+00 -7.1400997E-01 -2.1898852E+00 -3.1110797E-01
-1.2575203E+00 6.6955348E-01 -1.8976180E+00 -5.1828467E-01 -2.6148899E+00 -2.6388603E-02
-1.2712803E+00 7.7362512E-01 -2.0143689E+00 -3.9143632E-01 -2.7648249E+00 1.7073920E-01
-1.2696173E+00 7.7563728E-01 -2.0153673E+00 -3.8661575E-01 -2.7632982E+00 1.7377386E-01
-1.2741879E+00 8.6323224E-01 -2.0313331E+00 -1.7793879E-01 -2.9067708E+00 2.4750605E-01
-1.2761892E+00 9.5835512E-01 -2.0701586E+00 1.3439678E-02 -3.0326847E+00 3.9362527E-01
-1.2760212E+00 9.5963764E-01 -2.0720614E+00 1.6057973E-02 -3.0232052E+00 3.9704604E-01
-1.2762409E+00 9.8796857E-01 -2.1065975E+00 4.5802941E-02 -3.5000000E+00 5.0000000E-01
