-9.7820906E-01 1.7352766E-01 -1.1498498E+00 -8.0728232E-01 -1.3229710E+00 -6.3842909E-01
-9.7786692E-01 1.4792616E-01 -1.1238484E+00 -8.3189491E-01 -1.2746825E+00 -6.9255027E-01
-9.7520761E-01 1.4175090E-01 -1.1156289E+00 -8.3565623E-01 -1.2594375E+00 -7.0271450E-01
-9.7428179E-01 1.2053036E-01 -1.0908743E+00 -8.5397350E-01 -1.2203846E+00 -7.4551566E-01
-9.9009179E-01 1.5834220E-01 -1.1382547E+00 -8.2670636E-01 -1.3148389E+00 -6.9286867E-01
-1.0271200E+00 1.9408051E-01 -1.1975030E+00 -8.2068138E-01 -1.4091881E+00 -6.5707725E-01
-1.0520985E+00 2.1316994E-01 -1.2387076E+00 -8.2398875E-01 -1.4677315E+00 -6.4513285E-01
-1.0606517E+00 2.1498023E-01 -1.2486725E+00 -8.2983932E-01 -1.4795147E+00 -6.5207212E-01
-1.0790764E+00 2.2196841E-01 -1.2702856E+00 -8.3488842E-01 -1.5163194E+00 -6.6234908E-01
-1.0864635E+00 2.3544444E-01 -1.2991233E+00 -8.3307677E-01 -1.5502565E+00 -6.3914186E-01
-1.1057482E+00 2.3362409E-01 -1.3363466E+00 -8.6993040E-01 -1.5733479E+00 -6.5773342E-01
-1.1383938E+00 3.2559711E-01 -1.4587728E+00 -8.1498407E-01 -1.7976764E+00 -5.1322653E-01
-1.1639354E+00 4.7237297E-01 -1.5938675E+00 -6.5882810E-01 -2.1469256E+00 -2.8846130E-01
-1.1896130E+00 6.5442026E-01 -1.7534144E+00 -4.3983518E-01 -2.5557749E+00 -1.2557550E-02
-1.2052505E+00 7.5682579E-01 -1.8456534E+00 -2.9508985E-01 -2.7128261E+00 1.7216898E-01
-1.2062950E+00 7.6076105E-01 -1.8528031E+00 -2.8960903E-01 -2.7179465E+00 1.7425923E-01
-1.2244129E+00 8.4865869E-01 -1.8858811E+00 -1.0155942E-01 -2.8621021E+00 2.4680920E-01
-1.2405046E+00 9.4217085E-01 -1.9692915E+00 3.4991128E-02 -3.0162974E+00 3.9041726E-01
-1.2425401E+00 9.4391519E-01 -1.9814089E+00 2.4471328E-02 -3.0138311E+00 3.9506477E-01
-1.2488997E+00 9.7487982E-01 -2.0272269E+00 4.8673148E-02 -3.5000000E+00 5.0000000E-01
