-9.7487902E-01 1.8411308E-01 -1.1541494E+00 -7.9344120E-01 -1.3452929E+00 -6.1811142E-01
-1.0055175E+00 1.5773943E-01 -1.1599195E+00 -8.4990201E-01 -1.3236157E+00 -7.0336166E-01
-1.0177769E+00 1.5138588E-01 -1.1670159E+00 -8.6753480E-01 -1.3203323E+00 -7.2851423E-01
-1.1147510E+00 1.3038487E-01 -1.2378851E+00 -9.8010849E-01 -1.3752219E+00 -8.6348021E-01
-1.2775109E+00 1.6733166E-01 -1.4434162E+00 -1.1109927E+00 -1.6121566E+00 -9.5445478E-01
-1.3409822E+00 2.0429943E-01 -1.5465399E+00 -1.1373056E+00 -1.7553232E+00 -9.5191905E-01
-1.3084615E+00 2.2137055E-01 -1.5207152E+00 -1.0751519E+00 -1.7536078E+00 -8.9599718E-01
-1.2634531E+00 2.2091023E-01 -1.4750731E+00 -1.0270953E+00 -1.7037571E+00 -8.5328552E-01
-1.1615227E+00 2.2789913E-01 -1.3951114E+00 -9.2968366E-01 -1.6102861E+00 -7.3183888E-01
-1.1027564E+00 2.4151652E-01 -1.3488995E+00 -8.5764297E-01 -1.5767203E+00 -6.4145182E-01
-9.2597101E-01 2.3947844E-01 -1.1656370E+00 -6.8295746E-01 -1.3963520E+00 -4.6453913E-01
-6.1732965E-01 2.9143668E-01 -8.9090635E-01 -3.1458828E-01 -1.2100708E+00 -6.1890323E-02
-4.1505937E-01 3.6997820E-01 -7.3351827E-01 5.5629186E-03 -1.1387186E+00 2.7564247E-01
-3.2080128E-01 4.7459612E-01 -6.2097680E-01 2.9375184E-01 -1.2056472E+00 4.9698380E-01
-3.2734696E-01 5.4025456E-01 -5.8940449E-01 3.9833464E-01 -1.3670654E+00 5.0000000E-01
-3.3818639E-01 5.4305133E-01 -5.9978155E-01 3.8710806E-01 -1.3838390E+00 5.0000000E-01
-3.9864763E-01 6.0807983E-01 -6.4910061E-01 3.7222859E-01 -1.6055142E+00 5.0000000E-01
-4.5889249E-01 6.9125321E-01 -7.0016239E-01 4.3147148E-01 -1.8313294E+00 5.0000000E-01
-4.6164235E-01 6.9148865E-01 -6.9302675E-01 4.3180968E-01 -1.8332895E+00 5.0000000E-01
-4.7851880E-01 7.1938935E-01 -6.8390542E-01 4.9464516E-01 -1.9018895E+00 5.0000000E-01
