-8.1023142E-01 1.7673376E-01 -9.8876272E-01 -6.3593579E-01 -1.1596344E+00 -4.6634594E-01
-8.1533158E-01 1.4978898E-01 -9.6084858E-01 -6.6171712E-01 -1.1100362E+00 -5.2628246E-01
-8.1414408E-01 1.4343492E-01 -9.5041187E-01 -6.6592201E-01 -1.1005123E+00 -5.4090856E-01
-8.4245529E-01 1.1982494E-01 -9.5261529E-01 -7.1402239E-01 -1.0889199E+00 -6.2167367E-01
-9.2268480E-01 1.5485315E-01 -1.0742575E+00 -7.6918178E-01 -1.2382433E+00 -6.2730164E-01
-1.0092756E+00 1.8604501E-01 -1.1707430E+00 -8.1051786E-01 -1.4036404E+00 -6.6984653E-01
-1.0430255E+00 2.0303465E-01 -1.2138447E+00 -8.2056485E-01 -1.4497491E+00 -6.6134413E-01
-1.0415411E+00 2.0405732E-01 -1.2169028E+00 -8.2002757E-01 -1.4494218E+00 -6.5773709E-01
-1.0395195E+00 2.1540139E-01 -1.2252700E+00 -8.0411389E-01 -1.4700312E+00 -6.3043935E-01
-1.0307774E+00 2.3285683E-01 -1.2356865E+00 -7.7679477E-01 -1.4981132E+00 -5.8938655E-01
-1.0239413E+00 2.3379309E-01 -1.2374488E+00 -7.7359704E-01 -1.5074716E+00 -5.8756959E-01
-1.0384521E+00 3.0556711E-01 -1.3203789E+00 -7.2181433E-01 -1.6615413E+00 -4.5523293E-01
-1.0956898E+00 4.3889171E-01 -1.4794278E+00 -6.1868318E-01 -2.0160926E+00 -2.9492398E-01
-1.1956170E+00 6.2316996E-01 -1.7583695E+00 -5.0018281E-01 -2.4371835E+00 -2.6623317E-02
-1.2617128E+00 7.3101872E-01 -1.9346245E+00 -4.2268663E-01 -2.6818324E+00 1.0113741E-01
-1.2679005E+00 7.3606422E-01 -1.9460375E+00 -4.2004656E-01 -2.6953152E+00 1.0018312E-01
-1.3310778E+00 8.3459082E-01 -2.1248156E+00 -3.2949440E-01 -2.8913489E+00 1.6558798E-01
-1.3772728E+00 9.3954762E-01 -2.3101335E+00 -2.4184203E-01 -3.0963949E+00 3.0024796E-01
-1.3767738E+00 9.3995154E-01 -2.3085727E+00 -2.3615605E-01 -3.0811819E+00 3.0415584E-01
-1.3863744E+00 9.7256435E-01 -2.3522943E+00 -2.0628332E-01 -3.5000000E+00 5.0000000E-01
