-8.0872631E-01 1.6649722E-01 -9.7261439E-01 -6.4394132E-01 -1.1370909E+00 -4.8300481E-01
-8.1307927E-01 1.4075618E-01 -9.5064901E-01 -6.7288009E-01 -1.0935952E+00 -5.3940599E-01
-8.1108181E-01 1.3642963E-01 -9.4612988E-01 -6.7579402E-01 -1.0855823E+00 -5.4826081E-01
-8.3434474E-01 1.1586560E-01 -9.4891414E-01 -7.1890885E-01 -1.0644178E+00 -6.0952776E-01
-9.1022773E-01 1.5500256E-01 -1.0539100E+00 -7.5016935E-01 -1.2293556E+00 -6.1978787E-01
-1.0113104E+00 1.9304033E-01 -1.1736541E+00 -7.9971538E-01 -1.4021029E+00 -6.4810125E-01
-1.0658014E+00 2.0913843E-01 -1.2420884E+00 -8.3582541E-01 -1.4941784E+00 -6.7514244E-01
-1.0771926E+00 2.0869891E-01 -1.2527142E+00 -8.4646082E-01 -1.5033789E+00 -6.8598062E-01
-1.1100932E+00 2.1384593E-01 -1.3010837E+00 -8.7870879E-01 -1.5397690E+00 -7.0642390E-01
-1.1224379E+00 2.2964249E-01 -1.3329784E+00 -8.7644816E-01 -1.5917986E+00 -7.0081756E-01
-1.1717791E+00 2.3587933E-01 -1.3940795E+00 -9.2368047E-01 -1.6501550E+00 -7.2898903E-01
-1.2694693E+00 3.3981002E-01 -1.5815001E+00 -9.1612881E-01 -1.9706040E+00 -6.2965211E-01
-1.3515791E+00 4.9017760E-01 -1.8006121E+00 -8.2876507E-01 -2.3722764E+00 -4.4028884E-01
-1.4137429E+00 6.7480747E-01 -2.0385170E+00 -6.6575393E-01 -2.7893268E+00 -1.7034716E-01
-1.4344036E+00 7.7893204E-01 -2.1757811E+00 -5.5264963E-01 -2.9805505E+00 -2.2356479E-02
-1.4325148E+00 7.8127533E-01 -2.1792113E+00 -5.4645047E-01 -2.9768064E+00 -2.3748666E-02
-1.4415122E+00 8.7100095E-01 -2.3042644E+00 -4.1148903E-01 -3.0892634E+00 9.4782986E-02
-1.4474205E+00 9.6549124E-01 -2.4332007E+00 -3.0053824E-01 -3.2258965E+00 2.4964483E-01
-1.4483069E+00 9.6830901E-01 -2.4419795E+00 -3.0294557E-01 -3.2351589E+00 2.5352015E-01
-1.4508053E+00 9.9887685E-01 -2.4906144E+00 -2.7692638E-01 -3.5000000E+00 5.0000000E-01
