-1.0224445E+00 1.6859970E-01 -1.1903035E+00 -8.5435245E-01 -1.3525721E+00 -6.9229157E-01
-1.0245084E+00 1.3818134E-01 -1.1626422E+00 -8.8531984E-01 -1.2954572E+00 -7.5811269E-01
-1.0280937E+00 1.3170150E-01 -1.1591773E+00 -8.9672184E-01 -1.2893206E+00 -7.7502416E-01
-1.0296902E+00 1.0930038E-01 -1.1374944E+00 -9.2093141E-01 -1.2442376E+00 -8.1634609E-01
-1.0114100E+00 1.4280909E-01 -1.1530364E+00 -8.7012544E-01 -1.2956623E+00 -7.3920522E-01
-9.6409623E-01 1.7002536E-01 -1.1173803E+00 -7.8659200E-01 -1.3015065E+00 -6.3424422E-01
-9.3139003E-01 1.8322897E-01 -1.0903740E+00 -7.3859104E-01 -1.2955080E+00 -5.7683028E-01
-9.1588918E-01 1.8101451E-01 -1.0690601E+00 -7.2151713E-01 -1.2758792E+00 -5.6943071E-01
-9.2146199E-01 1.8960023E-01 -1.0811620E+00 -7.1331166E-01 -1.3006950E+00 -5.6287026E-01
-9.2313957E-01 2.0770562E-01 -1.1013242E+00 -6.9431177E-01 -1.3392728E+00 -5.3180966E-01
-1.0425201E+00 2.2199799E-01 -1.2493758E+00 -8.0842924E-01 -1.4957033E+00 -6.2711688E-01
-1.3602633E+00 3.1496597E-01 -1.6698242E+00 -1.0437873E+00 -1.9872057E+00 -7.5026285E-01
-1.6950470E+00 4.4174010E-01 -2.1376128E+00 -1.2540868E+00 -2.5361811E+00 -8.0475223E-01
-2.0092991E+00 6.0016002E-01 -2.6934944E+00 -1.4867075E+00 -3.1275855E+00 -8.3887423E-01
-2.1380099E+00 6.8808624E-01 -2.9792845E+00 -1.6030608E+00 -3.3834696E+00 -8.1049003E-01
-2.1358032E+00 6.9023138E-01 -2.9845033E+00 -1.6054220E+00 -3.3753379E+00 -7.9890812E-01
-2.1929893E+00 7.6107338E-01 -3.2104480E+00 -1.7429328E+00 -3.4419105E+00 -7.0635041E-01
-2.2212776E+00 8.4460278E-01 -3.3984505E+00 -1.8252832E+00 -3.5000000E+00 -6.0376919E-01
-2.2190984E+00 8.4552801E-01 -3.4011749E+00 -1.8361955E+00 -3.4812221E+00 -5.8487801E-01
-2.2239153E+00 8.7287312E-01 -3.5000000E+00 -1.8853339E+00 -3.5000000E+00 -5.5351361E-01
