-1.4058517E+00 1.9013413E-01 -1.5939989E+00 -1.2162552E+00 -1.7838765E+00 -1.0380651E+00
-1.3889425E+00 1.6527770E-01 -1.5437987E+00 -1.2180796E+00 -1.7252806E+00 -1.0764230E+00
-1.3880205E+00 1.5944843E-01 -1.5349262E+00 -1.2231577E+00 -1.7179515E+00 -1.0874302E+00
-1.3161379E+00 1.4461291E-01 -1.4440427E+00 -1.1617160E+00 -1.6181658E+00 -1.0498604E+00
-1.1352734E+00 1.7810349E-01 -1.2978748E+00 -9.4354708E-01 -1.4993164E+00 -8.0378332E-01
-9.4086647E-01 2.0211545E-01 -1.1230001E+00 -7.1779944E-01 -1.3539140E+00 -5.7243073E-01
-8.5165998E-01 2.1226112E-01 -1.0460305E+00 -6.1888742E-01 -1.2794166E+00 -4.6270115E-01
-8.3449843E-01 2.0933947E-01 -1.0266287E+00 -6.0543830E-01 -1.2582047E+00 -4.5065246E-01
-7.9740794E-01 2.0904078E-01 -9.9121185E-01 -5.7192467E-01 -1.2192614E+00 -4.1168855E-01
-7.8607863E-01 2.1937705E-01 -9.9566699E-01 -5.5705506E-01 -1.2239875E+00 -3.7457522E-01
-7.6847039E-01 2.1874702E-01 -9.8695334E-01 -5.4821766E-01 -1.2010782E+00 -3.5116019E-01
-7.5451530E-01 3.0742723E-01 -1.0561088E+00 -4.5091201E-01 -1.3688058E+00 -1.6600198E-01
-7.5665547E-01 4.4024481E-01 -1.1536202E+00 -2.9373535E-01 -1.6219145E+00 1.0119910E-01
-7.6734631E-01 5.9844660E-01 -1.2402998E+00 -8.3521012E-02 -1.9501859E+00 3.4729158E-01
-7.7506299E-01 6.8301193E-01 -1.2508604E+00 6.0019487E-02 -2.0884450E+00 4.5038543E-01
-7.7526157E-01 6.8410628E-01 -1.2405717E+00 6.9083185E-02 -2.1001074E+00 4.3637106E-01
-7.8809853E-01 7.5356430E-01 -1.1873390E+00 2.1595024E-01 -2.2735889E+00 4.2733545E-01
-7.9923383E-01 8.3492878E-01 -1.2024496E+00 3.4969068E-01 -2.4104171E+00 5.0000000E-01
-7.9926211E-01 8.3638988E-01 -1.1875067E+00 3.6372190E-01 -2.4239279E+00 4.8979111E-01
-8.0134238E-01 8.6249891E-01 -1.1854076E+00 4.3600850E-01 -2.4706479E+00 5.0000000E-01
