-1.0795257E+00 1.6495496E-01 -1.2449603E+00 -9.1620589E-01 -1.4092944E+00 -7.6344633E-01
-1.0561275E+00 1.3740504E-01 -1.1932641E+00 -9.1938069E-01 -1.3314817E+00 -7.9265927E-01
-1.0484148E+00 1.3203432E-01 -1.1800056E+00 -9.1768803E-01 -1.3123104E+00 -7.9419886E-01
-9.6541131E-01 1.1328266E-01 -1.0731297E+00 -8.4996740E-01 -1.1940762E+00 -7.4889155E-01
-8.0294037E-01 1.4668293E-01 -9.4897505E-01 -6.5733857E-01 -1.0978096E+00 -5.2524175E-01
-6.9380278E-01 1.6787566E-01 -8.4037682E-01 -5.1471637E-01 -1.0306256E+00 -3.7260359E-01
-6.8445752E-01 1.7622345E-01 -8.3641437E-01 -4.9640460E-01 -1.0397104E+00 -3.4920703E-01
-7.0988720E-01 1.7349931E-01 -8.5767044E-01 -5.2478430E-01 -1.0624009E+00 -3.7925398E-01
-7.8364088E-01 1.8272223E-01 -9.4287172E-01 -5.8859827E-01 -1.1539344E+00 -4.3567281E-01
-8.2773131E-01 2.0046987E-01 -1.0027399E+00 -6.1069142E-01 -1.2506449E+00 -4.6155683E-01
-1.0041037E+00 2.1709398E-01 -1.2198046E+00 -7.8730645E-01 -1.4397910E+00 -5.9246266E-01
-1.3648944E+00 3.2830754E-01 -1.6768918E+00 -1.0254583E+00 -2.0227023E+00 -7.3818611E-01
-1.6746350E+00 4.6693678E-01 -2.1468144E+00 -1.2089861E+00 -2.5937578E+00 -7.6295167E-01
-1.9211702E+00 6.1769766E-01 -2.5945805E+00 -1.3389161E+00 -3.1054412E+00 -7.4027471E-01
-2.0057095E+00 6.9804319E-01 -2.8117012E+00 -1.3803386E+00 -3.3104090E+00 -6.8629348E-01
-2.0000518E+00 6.9923203E-01 -2.8152646E+00 -1.3789654E+00 -3.3024365E+00 -6.8361422E-01
-2.0266628E+00 7.7348230E-01 -3.0515706E+00 -1.4623117E+00 -3.3776611E+00 -5.8118252E-01
-2.0340577E+00 8.6511616E-01 -3.2660744E+00 -1.5063628E+00 -3.4867955E+00 -4.4912732E-01
-2.0314896E+00 8.6816673E-01 -3.2828848E+00 -1.5180020E+00 -3.4675164E+00 -4.2647416E-01
-2.0308730E+00 8.9912903E-01 -3.3164167E+00 -1.4830980E+00 -3.5000000E+00 -3.8504605E-01
