-8.4861125E-01 1.7725928E-01 -1.0262144E+00 -6.7350079E-01 -1.1987114E+00 -5.0594457E-01
-8.8196114E-01 1.5140017E-01 -1.0321668E+00 -7.3260219E-01 -1.1841823E+00 -5.8756327E-01
-8.9869595E-01 1.4584537E-01 -1.0426622E+00 -7.5422174E-01 -1.1923301E+00 -6.1576839E-01
-9.9609597E-01 1.2657185E-01 -1.1152841E+00 -8.6489934E-01 -1.2538843E+00 -7.5741502E-01
-1.1449571E+00 1.6163844E-01 -1.2959624E+00 -9.8009899E-01 -1.4756005E+00 -8.3925742E-01
-1.1878066E+00 2.0291367E-01 -1.3731276E+00 -9.7002985E-01 -1.5849299E+00 -7.9969110E-01
-1.1484252E+00 2.2637599E-01 -1.3513218E+00 -8.9970362E-01 -1.5960660E+00 -7.1875951E-01
-1.1023688E+00 2.2896886E-01 -1.3103492E+00 -8.5047629E-01 -1.5748862E+00 -6.8610913E-01
-1.0183154E+00 2.3713697E-01 -1.2393232E+00 -7.6312093E-01 -1.5023355E+00 -5.8100199E-01
-9.6819694E-01 2.5160363E-01 -1.2068309E+00 -7.0150532E-01 -1.4767199E+00 -5.0324411E-01
-8.6808014E-01 2.4338021E-01 -1.0983090E+00 -6.1531458E-01 -1.3606758E+00 -4.1052023E-01
-7.4085196E-01 2.9594615E-01 -1.0333766E+00 -4.4672562E-01 -1.3339496E+00 -1.7730453E-01
-7.0827480E-01 4.1699631E-01 -1.0818676E+00 -2.5035206E-01 -1.5326008E+00 8.5510319E-02
-7.5277091E-01 5.9260525E-01 -1.2231066E+00 -3.9796691E-02 -1.9154401E+00 3.2527860E-01
-8.0664837E-01 6.9371584E-01 -1.3132760E+00 6.9411880E-02 -2.1362426E+00 4.3597087E-01
-8.1546321E-01 6.9656231E-01 -1.3140960E+00 7.1734539E-02 -2.1610730E+00 4.1995993E-01
-8.9213689E-01 7.8692429E-01 -1.3725196E+00 1.6898130E-01 -2.4339513E+00 4.0654265E-01
-9.5581624E-01 8.8748767E-01 -1.4497215E+00 3.0225127E-01 -2.6423379E+00 4.8482275E-01
-9.5676369E-01 8.8886399E-01 -1.4279358E+00 3.2933642E-01 -2.6537043E+00 4.6575783E-01
-9.7384190E-01 9.2102482E-01 -1.4876069E+00 3.5220209E-01 -2.7041344E+00 5.0000000E-01
