-9.5746987E-01 1.6739931E-01 -1.1211880E+00 -7.9160926E-01 -1.2919417E+00 -6.3418049E-01
-9.5433778E-01 1.4120330E-01 -1.0907904E+00 -8.1500024E-01 -1.2389636E+00 -6.8205176E-01
-9.5403021E-01 1.3547095E-01 -1.0843972E+00 -8.2007938E-01 -1.2303206E+00 -6.9324954E-01
-9.4060940E-01 1.1782739E-01 -1.0510375E+00 -8.1979311E-01 -1.1806552E+00 -7.1591236E-01
-9.1259255E-01 1.5496223E-01 -1.0636689E+00 -7.5679784E-01 -1.2245610E+00 -6.1650283E-01
-8.9583835E-01 1.7660945E-01 -1.0525885E+00 -7.0628499E-01 -1.2487475E+00 -5.5760138E-01
-8.9811964E-01 1.8800373E-01 -1.0523757E+00 -6.8916406E-01 -1.2812750E+00 -5.4674077E-01
-9.0479376E-01 1.8962906E-01 -1.0596787E+00 -6.9559300E-01 -1.2925929E+00 -5.5050760E-01
-9.2826715E-01 2.0161866E-01 -1.0992548E+00 -7.0833418E-01 -1.3315374E+00 -5.4483260E-01
-9.3974242E-01 2.1884587E-01 -1.1330236E+00 -7.0346996E-01 -1.3752807E+00 -5.2409080E-01
-1.0107149E+00 2.2721532E-01 -1.2354368E+00 -7.8662370E-01 -1.4790960E+00 -5.7819026E-01
-1.1822243E+00 3.2148182E-01 -1.4795508E+00 -8.5154982E-01 -1.8388865E+00 -5.7089524E-01
-1.3627131E+00 4.5824696E-01 -1.7879812E+00 -8.8508180E-01 -2.3117741E+00 -5.0214103E-01
-1.5475622E+00 6.2806559E-01 -2.1791687E+00 -9.0929113E-01 -2.7959985E+00 -3.4029054E-01
-1.6334298E+00 7.2444326E-01 -2.3794821E+00 -8.8468844E-01 -3.0173134E+00 -2.1933037E-01
-1.6349614E+00 7.2750411E-01 -2.4168421E+00 -9.1057909E-01 -3.0167243E+00 -2.1230358E-01
-1.6916034E+00 8.1343771E-01 -2.6506881E+00 -9.2058487E-01 -3.1659692E+00 -1.4056323E-01
-1.7294761E+00 9.1088754E-01 -2.8469178E+00 -8.7923167E-01 -3.3834109E+00 -6.2657708E-02
-1.7300202E+00 9.1265352E-01 -2.8577763E+00 -8.8914926E-01 -3.3862721E+00 -7.0815566E-02
-1.7392021E+00 9.4314605E-01 -2.9028485E+00 -8.6400175E-01 -3.5000000E+00 -9.1024813E-02
