-9.6952516E-01 1.6526578E-01 -1.1370077E+00 -8.0469300E-01 -1.2902234E+00 -6.4700280E-01
-9.6398159E-01 1.3946350E-01 -1.1051772E+00 -8.2388180E-01 -1.2341196E+00 -6.9217063E-01
-9.5831338E-01 1.3446185E-01 -1.0946249E+00 -8.2434173E-01 -1.2204627E+00 -6.9657419E-01
-9.4740339E-01 1.1439394E-01 -1.0600110E+00 -8.3352582E-01 -1.1748279E+00 -7.2449761E-01
-9.4398680E-01 1.4918353E-01 -1.0839343E+00 -7.9160149E-01 -1.2499368E+00 -6.5935173E-01
-9.6630166E-01 1.7695946E-01 -1.1235468E+00 -7.8185523E-01 -1.3185576E+00 -6.2351744E-01
-9.9053584E-01 1.9134587E-01 -1.1542226E+00 -7.8187647E-01 -1.3747075E+00 -6.2476653E-01
-1.0035554E+00 1.9092778E-01 -1.1653550E+00 -7.9202928E-01 -1.3907290E+00 -6.4424000E-01
-1.0437996E+00 2.0036651E-01 -1.2228185E+00 -8.2471115E-01 -1.4438604E+00 -6.6429058E-01
-1.0618893E+00 2.1740689E-01 -1.2578317E+00 -8.2878663E-01 -1.5170969E+00 -6.6230676E-01
-1.1438514E+00 2.3059035E-01 -1.3574480E+00 -9.0278126E-01 -1.6144196E+00 -7.1441574E-01
-1.3246526E+00 3.3594778E-01 -1.6275786E+00 -9.6116556E-01 -2.0189140E+00 -7.0844726E-01
-1.4982071E+00 4.7507403E-01 -1.9738214E+00 -1.0258365E+00 -2.4569470E+00 -5.9438748E-01
-1.6612289E+00 6.4323933E-01 -2.3176793E+00 -1.0105647E+00 -2.8867396E+00 -3.7704093E-01
-1.7299246E+00 7.3927269E-01 -2.5610245E+00 -1.0294771E+00 -3.1199068E+00 -2.9500423E-01
-1.7303820E+00 7.4167777E-01 -2.5664259E+00 -1.0261754E+00 -3.1187780E+00 -2.9248787E-01
-1.7651971E+00 8.3591104E-01 -2.8329925E+00 -1.0739768E+00 -3.2406630E+00 -1.4875428E-01
-1.7830073E+00 9.3813352E-01 -3.0725415E+00 -1.0852037E+00 -3.4234464E+00 -2.3561891E-02
-1.7800729E+00 9.3846047E-01 -3.0704858E+00 -1.0819729E+00 -3.4003882E+00 -2.3527519E-02
-1.7840629E+00 9.7038724E-01 -3.1166843E+00 -1.0535786E+00 -3.5000000E+00 5.0000000E-01
