-1.0892484E+00 1.7167660E-01 -1.2616642E+00 -9.1685814E-01 -1.4318000E+00 -7.5952060E-01
-1.0732194E+00 1.4443316E-01 -1.2180919E+00 -9.2801195E-01 -1.3572840E+00 -7.9325862E-01
-1.0644895E+00 1.3725461E-01 -1.2015176E+00 -9.2799622E-01 -1.3336008E+00 -7.9803448E-01
-1.0140163E+00 1.1576529E-01 -1.1288625E+00 -9.0000719E-01 -1.2470675E+00 -7.9144153E-01
-9.4341127E-01 1.5092366E-01 -1.0862396E+00 -7.8770075E-01 -1.2470835E+00 -6.5435375E-01
-9.3424218E-01 1.7671976E-01 -1.0893078E+00 -7.4489646E-01 -1.3096874E+00 -6.1323252E-01
-9.6282388E-01 1.8907560E-01 -1.1221808E+00 -7.5764742E-01 -1.3490266E+00 -6.0579219E-01
-9.8569734E-01 1.8854593E-01 -1.1452258E+00 -7.7906278E-01 -1.3664573E+00 -6.2876469E-01
-1.0287442E+00 2.0043994E-01 -1.2030942E+00 -8.0965416E-01 -1.4329582E+00 -6.4653260E-01
-1.0486945E+00 2.2022379E-01 -1.2488316E+00 -8.1422605E-01 -1.5117924E+00 -6.4245301E-01
-1.1163156E+00 2.3327541E-01 -1.3356859E+00 -8.7367460E-01 -1.5903913E+00 -6.7328278E-01
-1.2549873E+00 3.2624965E-01 -1.5616744E+00 -9.1943166E-01 -1.9184143E+00 -6.3862131E-01
-1.3899125E+00 4.6044463E-01 -1.8185761E+00 -9.0484282E-01 -2.3530120E+00 -5.3415016E-01
-1.5243225E+00 6.3239075E-01 -2.1762295E+00 -8.8365459E-01 -2.7864676E+00 -3.1300149E-01
-1.5878802E+00 7.3161956E-01 -2.3572807E+00 -8.2517876E-01 -2.9859160E+00 -1.8107827E-01
-1.5915297E+00 7.3496678E-01 -2.3659267E+00 -8.2423240E-01 -2.9928786E+00 -1.8495782E-01
-1.6364758E+00 8.2653912E-01 -2.5930790E+00 -8.1284237E-01 -3.1180224E+00 -6.9639136E-02
-1.6650527E+00 9.2716544E-01 -2.7672946E+00 -7.3452361E-01 -3.3571350E+00 -1.3047496E-03
-1.6617462E+00 9.2801435E-01 -2.7698721E+00 -7.3477926E-01 -3.3578351E+00 -1.2031911E-02
-1.6648667E+00 9.5733163E-01 -2.8165774E+00 -7.1151063E-01 -3.4596589E+00 -6.8660419E-03
