-1.0620613E+00 1.7326034E-01 -1.2297254E+00 -8.9035298E-01 -1.4099382E+00 -7.2651635E-01
-1.0653804E+00 1.4636477E-01 -1.2055372E+00 -9.2095020E-01 -1.3675272E+00 -7.8267069E-01
-1.0722750E+00 1.3821277E-01 -1.2050337E+00 -9.3781677E-01 -1.3606026E+00 -8.0716446E-01
-1.0714017E+00 1.1853045E-01 -1.1788711E+00 -9.4705147E-01 -1.3144059E+00 -8.4823237E-01
-1.0303162E+00 1.5275645E-01 -1.1828127E+00 -8.7780568E-01 -1.3366904E+00 -7.4237220E-01
-9.4298498E-01 1.7917936E-01 -1.1028878E+00 -7.5465611E-01 -1.2996065E+00 -6.0191964E-01
-8.8587698E-01 1.9417095E-01 -1.0460026E+00 -6.7069702E-01 -1.2787347E+00 -5.2328065E-01
-8.6300479E-01 1.9598981E-01 -1.0229822E+00 -6.4345585E-01 -1.2610942E+00 -4.9985779E-01
-8.4221468E-01 2.0958898E-01 -1.0178501E+00 -6.0549586E-01 -1.2856157E+00 -4.7149995E-01
-8.3183881E-01 2.2962375E-01 -1.0308513E+00 -5.7639183E-01 -1.2928176E+00 -4.0273482E-01
-8.8560504E-01 2.3683964E-01 -1.0980728E+00 -6.3302424E-01 -1.3556504E+00 -4.2474863E-01
-1.0750763E+00 3.1780418E-01 -1.3660740E+00 -7.4505082E-01 -1.7408758E+00 -4.8292245E-01
-1.3137407E+00 4.5678714E-01 -1.7672608E+00 -8.6088327E-01 -2.2343238E+00 -4.2047552E-01
-1.5744183E+00 6.4335231E-01 -2.2959293E+00 -9.7420987E-01 -2.7476976E+00 -2.8714710E-01
-1.7013858E+00 7.4675654E-01 -2.5924891E+00 -1.0482127E+00 -3.0593979E+00 -2.4356807E-01
-1.7042266E+00 7.4959682E-01 -2.6052005E+00 -1.0566094E+00 -3.0603818E+00 -2.3723782E-01
-1.7980068E+00 8.3553037E-01 -2.8816213E+00 -1.1564823E+00 -3.2357614E+00 -1.5339145E-01
-1.8657593E+00 9.2536189E-01 -3.1738598E+00 -1.2466265E+00 -3.4462813E+00 -1.1915370E-01
-1.8666211E+00 9.2606457E-01 -3.1928122E+00 -1.2617956E+00 -3.4253096E+00 -1.1903147E-01
-1.8832241E+00 9.5535585E-01 -3.2225978E+00 -1.2231302E+00 -3.5000000E+00 -1.3025924E-01
