-9.8821759E-01 1.6959831E-01 -1.1545633E+00 -8.1998004E-01 -1.3247561E+00 -6.5275834E-01
-9.8635028E-01 1.4325227E-01 -1.1273519E+00 -8.4433176E-01 -1.2711748E+00 -7.0677838E-01
-9.8608722E-01 1.3709941E-01 -1.1202363E+00 -8.4860606E-01 -1.2585807E+00 -7.2253501E-01
-9.8190971E-01 1.1614836E-01 -1.0945766E+00 -8.6701216E-01 -1.2188174E+00 -7.5984617E-01
-9.7272478E-01 1.5201167E-01 -1.1226928E+00 -8.2353039E-01 -1.2805964E+00 -6.8089946E-01
-9.6377775E-01 1.8240470E-01 -1.1206557E+00 -7.7226772E-01 -1.3283185E+00 -6.1010774E-01
-9.6169859E-01 1.9840935E-01 -1.1226705E+00 -7.4497235E-01 -1.3606403E+00 -5.8809260E-01
-9.6020547E-01 1.9999040E-01 -1.1195674E+00 -7.3785006E-01 -1.3640039E+00 -5.8986101E-01
-9.7228687E-01 2.1092751E-01 -1.1492995E+00 -7.3775977E-01 -1.3972278E+00 -5.7962022E-01
-9.7704177E-01 2.2808798E-01 -1.1780241E+00 -7.2886820E-01 -1.4329478E+00 -5.4653996E-01
-1.0335821E+00 2.3236666E-01 -1.2519384E+00 -7.9436423E-01 -1.5060962E+00 -5.8966294E-01
-1.1805947E+00 3.1267157E-01 -1.4661635E+00 -8.5488155E-01 -1.8295457E+00 -5.9024736E-01
-1.3452276E+00 4.5368816E-01 -1.7558861E+00 -8.6118535E-01 -2.2917545E+00 -4.9805125E-01
-1.5176351E+00 6.4169295E-01 -2.1449333E+00 -8.2917537E-01 -2.7931159E+00 -3.0374322E-01
-1.5971390E+00 7.4897638E-01 -2.3908085E+00 -8.1118587E-01 -3.0171093E+00 -1.7064620E-01
-1.5990211E+00 7.5292185E-01 -2.3987044E+00 -8.0536576E-01 -3.0214268E+00 -1.6087666E-01
-1.6485070E+00 8.4983563E-01 -2.6539952E+00 -8.0407870E-01 -3.1469488E+00 -4.7321973E-02
-1.6768764E+00 9.5081432E-01 -2.8618450E+00 -7.7243718E-01 -3.3734045E+00 3.5161299E-02
-1.6737801E+00 9.5234036E-01 -2.8580966E+00 -7.6624172E-01 -3.3754928E+00 2.8874812E-02
-1.6788407E+00 9.8363752E-01 -2.9054402E+00 -7.4446265E-01 -3.5000000E+00 5.0000000E-01
