-1.2134791E+00 1.8156223E-01 -1.3944521E+00 -1.0326782E+00 -1.5765500E+00 -8.6298806E-01
-1.2127673E+00 1.5697308E-01 -1.3621398E+00 -1.0510261E+00 -1.5294823E+00 -9.0979709E-01
-1.2176401E+00 1.5142889E-01 -1.3601380E+00 -1.0617273E+00 -1.5251461E+00 -9.2814253E-01
-1.2067885E+00 1.3049429E-01 -1.3211828E+00 -1.0676009E+00 -1.4823164E+00 -9.6361490E-01
-1.1406021E+00 1.6363332E-01 -1.2959366E+00 -9.7000105E-01 -1.4714973E+00 -8.3454449E-01
-1.0239237E+00 1.9546622E-01 -1.1930625E+00 -8.0773365E-01 -1.4158751E+00 -6.5672829E-01
-9.4954632E-01 2.1296862E-01 -1.1255946E+00 -7.1235533E-01 -1.3802816E+00 -5.5125626E-01
-9.2043519E-01 2.1376191E-01 -1.0989205E+00 -6.8416832E-01 -1.3508218E+00 -5.1712482E-01
-8.7612113E-01 2.2027019E-01 -1.0668560E+00 -6.3912397E-01 -1.3447738E+00 -4.7340283E-01
-8.5725662E-01 2.3308469E-01 -1.0702481E+00 -6.0942641E-01 -1.3390004E+00 -4.2203261E-01
-8.5624062E-01 2.3010200E-01 -1.0854323E+00 -6.2712795E-01 -1.3099734E+00 -4.1054928E-01
-9.0950570E-01 3.1185922E-01 -1.2123004E+00 -6.0467655E-01 -1.5531524E+00 -3.1481803E-01
-1.0023955E+00 4.4961376E-01 -1.4026420E+00 -5.2436445E-01 -1.9079938E+00 -1.3676957E-01
-1.1177108E+00 6.2700844E-01 -1.6775075E+00 -4.0875528E-01 -2.3447373E+00 6.0915982E-02
-1.1797621E+00 7.2793445E-01 -1.8307925E+00 -3.2274684E-01 -2.5825172E+00 1.6593958E-01
-1.1811905E+00 7.3097711E-01 -1.8400142E+00 -3.2043045E-01 -2.5847313E+00 1.6667733E-01
-1.2356718E+00 8.1886582E-01 -1.9675610E+00 -2.2491444E-01 -2.7879147E+00 2.2166779E-01
-1.2784264E+00 9.1728961E-01 -2.1261663E+00 -1.4359645E-01 -2.9739969E+00 3.7505417E-01
-1.2786561E+00 9.1956075E-01 -2.1373111E+00 -1.4920603E-01 -2.9665668E+00 3.8002269E-01
-1.2889048E+00 9.5033555E-01 -2.1873139E+00 -1.2910942E-01 -3.5000000E+00 5.0000000E-01
