-1.0609016E+00 1.7901944E-01 -1.2382644E+00 -8.8133737E-01 -1.4089949E+00 -7.0707449E-01
-1.0633093E+00 1.5057921E-01 -1.2151425E+00 -9.1286976E-01 -1.3557234E+00 -7.6677576E-01
-1.0699056E+00 1.4362310E-01 -1.2149993E+00 -9.2626890E-01 -1.3498513E+00 -7.9017286E-01
-1.0628606E+00 1.2144270E-01 -1.1776114E+00 -9.3772831E-01 -1.3098732E+00 -8.3409445E-01
-1.0180078E+00 1.5988962E-01 -1.1669873E+00 -8.5256058E-01 -1.3441450E+00 -7.1487335E-01
-9.4966477E-01 1.9451543E-01 -1.1137817E+00 -7.3530324E-01 -1.3393975E+00 -5.8613578E-01
-9.1521936E-01 2.0970955E-01 -1.0796305E+00 -6.7987311E-01 -1.3450740E+00 -5.3009090E-01
-9.0920592E-01 2.0884618E-01 -1.0708146E+00 -6.7419004E-01 -1.3358009E+00 -5.2579679E-01
-9.1263042E-01 2.1362472E-01 -1.0851601E+00 -6.7209128E-01 -1.3438596E+00 -5.1435001E-01
-9.1740787E-01 2.2842989E-01 -1.1160373E+00 -6.6756985E-01 -1.3742752E+00 -4.8645442E-01
-9.6849614E-01 2.3453942E-01 -1.1885782E+00 -7.1925827E-01 -1.4399577E+00 -5.3252889E-01
-1.0983179E+00 3.3309388E-01 -1.4065598E+00 -7.4637320E-01 -1.7744744E+00 -4.7470229E-01
-1.2323768E+00 4.7394836E-01 -1.6825228E+00 -7.4418188E-01 -2.1936749E+00 -3.2670404E-01
-1.3636471E+00 6.4873319E-01 -1.9776784E+00 -6.4728632E-01 -2.6343286E+00 -1.2575264E-01
-1.4227453E+00 7.4862417E-01 -2.1604839E+00 -5.8525464E-01 -2.8600174E+00 -2.1495110E-02
-1.4231267E+00 7.5112802E-01 -2.1668481E+00 -5.8408983E-01 -2.8617248E+00 -1.9032369E-02
-1.4614440E+00 8.4072041E-01 -2.3109057E+00 -4.9160201E-01 -3.0375207E+00 5.7986944E-02
-1.4888075E+00 9.3643083E-01 -2.4605647E+00 -4.0673064E-01 -3.2314823E+00 1.9615556E-01
-1.4879280E+00 9.3672668E-01 -2.4695398E+00 -4.1491301E-01 -3.2350230E+00 1.9887398E-01
-1.4929219E+00 9.6486635E-01 -2.5056972E+00 -3.8694489E-01 -3.5000000E+00 5.0000000E-01
