-1.2150776E+00 1.7613281E-01 -1.3866515E+00 -1.0387461E+00 -1.5605739E+00 -8.6973627E-01
-1.2109973E+00 1.4898153E-01 -1.3564357E+00 -1.0630062E+00 -1.5052105E+00 -9.2110123E-01
-1.2186524E+00 1.4273626E-01 -1.3577513E+00 -1.0782776E+00 -1.5045553E+00 -9.4166208E-01
-1.1734005E+00 1.2340547E-01 -1.2894165E+00 -1.0451753E+00 -1.4267789E+00 -9.4122578E-01
-1.0225757E+00 1.6030275E-01 -1.1793098E+00 -8.6212048E-01 -1.3461608E+00 -7.1836189E-01
-8.3920485E-01 1.8303414E-01 -9.9596498E-01 -6.4077303E-01 -1.2105161E+00 -4.9229497E-01
-7.5641958E-01 1.9382245E-01 -9.1584520E-01 -5.4441227E-01 -1.1545837E+00 -3.9191063E-01
-7.4186320E-01 1.9277593E-01 -8.9561428E-01 -5.2742635E-01 -1.1371658E+00 -3.7996769E-01
-7.3258935E-01 1.9857499E-01 -8.9687485E-01 -5.1516930E-01 -1.1402521E+00 -3.5749910E-01
-7.3339011E-01 2.1482334E-01 -9.1824981E-01 -4.9855562E-01 -1.1722983E+00 -3.2766014E-01
-8.1384263E-01 2.2176369E-01 -1.0205850E+00 -5.8031291E-01 -1.2606751E+00 -3.9394641E-01
-1.0368792E+00 3.1141157E-01 -1.3327005E+00 -7.1990488E-01 -1.6675355E+00 -4.3928130E-01
-1.2813105E+00 4.5042334E-01 -1.7318781E+00 -8.3190299E-01 -2.1757429E+00 -4.1578112E-01
-1.5204007E+00 6.3206044E-01 -2.1646218E+00 -8.6349743E-01 -2.7156105E+00 -2.8302725E-01
-1.6211016E+00 7.3734860E-01 -2.4421966E+00 -8.9729219E-01 -2.9699576E+00 -1.7877464E-01
-1.6209069E+00 7.4044260E-01 -2.4508075E+00 -8.9627253E-01 -2.9694539E+00 -1.7694111E-01
-1.6723070E+00 8.3403063E-01 -2.6702876E+00 -8.7966899E-01 -3.1774304E+00 -1.0756287E-01
-1.6998134E+00 9.3440745E-01 -2.8274662E+00 -7.9608396E-01 -3.3960740E+00 1.3634348E-03
-1.6952350E+00 9.3465047E-01 -2.8314573E+00 -7.9873289E-01 -3.3866169E+00 -2.6513484E-03
-1.6970539E+00 9.6553758E-01 -2.8810253E+00 -7.7945944E-01 -3.5000000E+00 5.0000000E-01
