-9.8138328E-01 2.1102301E-01 -1.1905490E+00 -7.7022737E-01 -1.4059984E+00 -5.7555588E-01
-9.8074150E-01 1.7663587E-01 -1.1558850E+00 -8.0620708E-01 -1.3394398E+00 -6.4363210E-01
-9.7852948E-01 1.3950084E-01 -1.1114970E+00 -8.3570467E-01 -1.2597356E+00 -7.0904384E-01
-9.7263050E-01 1.0431206E-01 -1.0761666E+00 -8.6882192E-01 -1.1743310E+00 -7.6589316E-01
-9.6845333E-01 1.0329543E-01 -1.0758605E+00 -8.7088575E-01 -1.1642410E+00 -7.5973241E-01
-9.6998145E-01 1.2074474E-01 -1.0933587E+00 -8.5567650E-01 -1.2036351E+00 -7.2878831E-01
-9.8397784E-01 1.3534615E-01 -1.1154450E+00 -8.5188129E-01 -1.2507559E+00 -7.1130244E-01
-1.0130412E+00 1.4287935E-01 -1.1533192E+00 -8.7275288E-01 -1.2922717E+00 -7.2805530E-01
-1.0523271E+00 1.4569359E-01 -1.1976413E+00 -9.0633177E-01 -1.3366166E+00 -7.6695527E-01
-1.0924547E+00 1.4742012E-01 -1.2400149E+00 -9.4264014E-01 -1.3838548E+00 -8.0934663E-01
-1.1219619E+00 1.5341057E-01 -1.2767320E+00 -9.6660953E-01 -1.4248938E+00 -8.2558210E-01
-1.1350463E+00 1.6634322E-01 -1.3027386E+00 -9.7075242E-01 -1.4615006E+00 -8.0818318E-01
-1.1252224E+00 1.8485185E-01 -1.3114276E+00 -9.4151451E-01 -1.4889261E+00 -7.6901205E-01
-1.0889447E+00 2.0818437E-01 -1.2883434E+00 -8.6966370E-01 -1.5055252E+00 -7.0198117E-01
-1.0347638E+00 2.3262438E-01 -1.2497664E+00 -7.8850824E-01 -1.5113605E+00 -5.9997549E-01
-9.7574123E-01 2.5368401E-01 -1.2041664E+00 -7.0738529E-01 -1.5055329E+00 -4.9786983E-01
-9.2360329E-01 2.6951666E-01 -1.1682668E+00 -6.4277202E-01 -1.4984865E+00 -4.1849120E-01
-8.8688645E-01 2.7947827E-01 -1.1463020E+00 -6.0131165E-01 -1.4857697E+00 -3.5903306E-01
-8.7272118E-01 2.8203183E-01 -1.1364469E+00 -5.7995278E-01 -1.4653755E+00 -3.4412089E-01
-8.8539372E-01 2.7828007E-01 -1.1631793E+00 -6.0645518E-01 -1.4518002E+00 -3.5707615E-01
-9.2454003E-01 2.7852661E-01 -1.2037567E+00 -6.4437681E-01 -1.4772140E+00 -3.8566772E-01
-9.8509315E-01 2.9187689E-01 -1.2706264E+00 -6.9747182E-01 -1.5731694E+00 -4.2191752E-01
-1.0609866E+00 3.2705972E-01 -1.3522908E+00 -7.0871222E-01 -1.7536999E+00 -4.5582935E-01
-1.1454316E+00 3.8496396E-01 -1.4840534E+00 -7.0835456E-01 -1.9063622E+00 -4.2588585E-01
-1.2333135E+00 4.6587128E-01 -1.6455416E+00 -6.9839290E-01 -2.1342895E+00 -3.8018917E-01
-1.3174588E+00 5.6238665E-01 -1.8209316E+00 -6.8070855E-01 -2.4136738E+00 -2.7082456E-01
-1.3895976E+00 6.5828247E-01 -1.9834778E+00 -6.6509179E-01 -2.6903840E+00 -1.3100299E-01
-1.4452085E+00 7.3967722E-01 -2.1156784E+00 -6.4320376E-01 -3.0126605E+00 -6.7233640E-02
-1.4721618E+00 7.8340693E-01 -2.1804816E+00 -6.2698867E-01 -3.1237060E+00 4.1087996E-03
-1.4875403E+00 8.1554439E-01 -2.2298151E+00 -6.1394640E-01 -3.2085258E+00 6.0829150E-02
