-8.9502325E-01 1.9814852E-01 -1.0917110E+00 -6.9941869E-01 -1.2868513E+00 -5.0748629E-01
-9.0031074E-01 1.6659361E-01 -1.0625786E+00 -7.3673665E-01 -1.2324844E+00 -5.7061840E-01
-9.1003415E-01 1.3489959E-01 -1.0419174E+00 -7.7773071E-01 -1.1781987E+00 -6.4156207E-01
-9.2905384E-01 1.0578222E-01 -1.0349723E+00 -8.2483204E-01 -1.1392196E+00 -7.2294518E-01
-9.5563945E-01 1.0605576E-01 -1.0623424E+00 -8.5057645E-01 -1.1611684E+00 -7.4769991E-01
-9.8673084E-01 1.2127414E-01 -1.1077274E+00 -8.6359105E-01 -1.2242298E+00 -7.5510948E-01
-1.0175403E+00 1.3483942E-01 -1.1521237E+00 -8.8065416E-01 -1.2836961E+00 -7.6212813E-01
-1.0412773E+00 1.4167378E-01 -1.1815026E+00 -9.0059085E-01 -1.3224353E+00 -7.6762208E-01
-1.0523875E+00 1.4315302E-01 -1.1939427E+00 -9.1057231E-01 -1.3356036E+00 -7.7322842E-01
-1.0510215E+00 1.4548619E-01 -1.1953232E+00 -9.0439287E-01 -1.3401724E+00 -7.7053467E-01
-1.0357004E+00 1.5623339E-01 -1.1886315E+00 -8.8197960E-01 -1.3481892E+00 -7.3032551E-01
-1.0081037E+00 1.7300228E-01 -1.1778443E+00 -8.3731216E-01 -1.3521963E+00 -6.6989991E-01
-9.7338084E-01 1.9176565E-01 -1.1642448E+00 -7.8383707E-01 -1.3551379E+00 -5.9614049E-01
-9.3956888E-01 2.1138919E-01 -1.1479871E+00 -7.3186382E-01 -1.3592489E+00 -5.2965352E-01
-9.0950016E-01 2.3123356E-01 -1.1311763E+00 -6.7230954E-01 -1.3709535E+00 -4.6501906E-01
-8.8727120E-01 2.4994831E-01 -1.1254014E+00 -6.2472844E-01 -1.3849857E+00 -4.1321240E-01
-8.7771622E-01 2.6279081E-01 -1.1288140E+00 -6.0453771E-01 -1.4004761E+00 -3.7651717E-01
-8.8555688E-01 2.6714771E-01 -1.1409718E+00 -6.0590772E-01 -1.4149329E+00 -3.7281738E-01
-9.1339179E-01 2.6560758E-01 -1.1844120E+00 -6.4405790E-01 -1.4366272E+00 -4.0266147E-01
-9.6026690E-01 2.6576528E-01 -1.2267255E+00 -6.9041354E-01 -1.4862625E+00 -4.6045828E-01
-1.0266718E+00 2.7798727E-01 -1.3015701E+00 -7.4533107E-01 -1.5906560E+00 -5.0534235E-01
-1.1074365E+00 3.0585895E-01 -1.3867481E+00 -7.8449025E-01 -1.7077547E+00 -5.0749172E-01
-1.1953856E+00 3.5503603E-01 -1.5032687E+00 -7.9492257E-01 -1.8997974E+00 -5.3352316E-01
-1.2862293E+00 4.2909703E-01 -1.6215626E+00 -7.6393656E-01 -2.1479508E+00 -5.1453292E-01
-1.3742747E+00 5.1933495E-01 -1.7805053E+00 -7.4632878E-01 -2.4357798E+00 -4.5533634E-01
-1.4558489E+00 6.1787484E-01 -1.9354158E+00 -7.0301444E-01 -2.7122896E+00 -3.5486830E-01
-1.5220578E+00 7.1103311E-01 -2.1088182E+00 -6.8615601E-01 -2.9623277E+00 -2.3923437E-01
-1.5702733E+00 7.9117762E-01 -2.2545856E+00 -6.6999885E-01 -3.2524724E+00 -1.5483938E-01
-1.5927337E+00 8.3599169E-01 -2.3379403E+00 -6.6478692E-01 -3.3680666E+00 -5.9978069E-02
-1.6061247E+00 8.6814423E-01 -2.3941690E+00 -6.5728723E-01 -3.4427446E+00 9.0843539E-03
