-1.0736360E+00 2.0477464E-01 -1.2796834E+00 -8.6729994E-01 -1.4658392E+00 -6.7406411E-01
-1.0716282E+00 1.7124775E-01 -1.2435613E+00 -8.9862382E-01 -1.3998579E+00 -7.3516143E-01
-1.0691750E+00 1.3718841E-01 -1.2127290E+00 -9.3710096E-01 -1.3338052E+00 -7.9920268E-01
-1.0675276E+00 1.0457855E-01 -1.1729736E+00 -9.6264755E-01 -1.2699196E+00 -8.6609686E-01
-1.0691311E+00 1.0415022E-01 -1.1727776E+00 -9.6627473E-01 -1.2743583E+00 -8.6412444E-01
-1.0706767E+00 1.2255258E-01 -1.1932937E+00 -9.4879755E-01 -1.3083032E+00 -8.2707284E-01
-1.0700981E+00 1.3525080E-01 -1.2057611E+00 -9.3282484E-01 -1.3317461E+00 -8.0535479E-01
-1.0674664E+00 1.4111307E-01 -1.2081918E+00 -9.2426051E-01 -1.3419981E+00 -7.8895536E-01
-1.0649599E+00 1.4339232E-01 -1.2071074E+00 -9.1983602E-01 -1.3392441E+00 -7.8199093E-01
-1.0663587E+00 1.4595311E-01 -1.2135773E+00 -9.1621193E-01 -1.3484476E+00 -7.8486268E-01
-1.0721147E+00 1.5768400E-01 -1.2323178E+00 -9.1582818E-01 -1.3815135E+00 -7.6702915E-01
-1.0771260E+00 1.7611451E-01 -1.2527943E+00 -8.9931517E-01 -1.4244071E+00 -7.4001490E-01
-1.0792976E+00 1.9608420E-01 -1.2796508E+00 -8.8258388E-01 -1.4643297E+00 -7.0401280E-01
-1.0782495E+00 2.1636622E-01 -1.2793366E+00 -8.4716351E-01 -1.5098506E+00 -6.6457474E-01
-1.0727003E+00 2.3735677E-01 -1.2920520E+00 -8.2056796E-01 -1.5384547E+00 -6.2341396E-01
-1.0628407E+00 2.5668103E-01 -1.2990140E+00 -7.8862603E-01 -1.5717954E+00 -5.8656652E-01
-1.0461694E+00 2.7433558E-01 -1.2908276E+00 -7.4798304E-01 -1.6133963E+00 -5.4877392E-01
-1.0274185E+00 2.8666743E-01 -1.2807863E+00 -7.1455585E-01 -1.6329963E+00 -5.0506563E-01
-1.0091883E+00 2.9400362E-01 -1.2762309E+00 -6.9170649E-01 -1.6219034E+00 -4.7806758E-01
-9.9590340E-01 2.9346686E-01 -1.2632453E+00 -6.7584507E-01 -1.6005624E+00 -4.5113141E-01
-9.8971768E-01 2.9058987E-01 -1.2535444E+00 -6.7673088E-01 -1.5900878E+00 -4.4946998E-01
-9.8983759E-01 2.9935659E-01 -1.2548691E+00 -6.7340664E-01 -1.5712435E+00 -3.9845480E-01
-9.9593897E-01 3.3241256E-01 -1.2771304E+00 -6.4622117E-01 -1.6477806E+00 -3.4742699E-01
-1.0086254E+00 3.9251370E-01 -1.3198779E+00 -5.7865996E-01 -1.8018700E+00 -2.7678682E-01
-1.0268051E+00 4.7128693E-01 -1.3735154E+00 -4.8031961E-01 -1.9920773E+00 -1.8065868E-01
-1.0508389E+00 5.5930153E-01 -1.4720703E+00 -3.9665977E-01 -2.1750020E+00 -4.9735776E-02
-1.0735033E+00 6.4481182E-01 -1.5880706E+00 -3.2774261E-01 -2.3393673E+00 1.1012293E-01
-1.0942042E+00 7.1729945E-01 -1.7066539E+00 -2.8393088E-01 -2.4736256E+00 2.4418764E-01
-1.1054833E+00 7.5648906E-01 -1.7770648E+00 -2.6782254E-01 -2.5344990E+00 3.2767494E-01
-1.1138221E+00 7.8311151E-01 -1.8181164E+00 -2.4709958E-01 -2.5763470E+00 3.9746755E-01
