-9.8888552E-01 2.0343825E-01 -1.1924211E+00 -7.8446984E-01 -1.3864830E+00 -5.9008909E-01
-9.7791520E-01 1.7249477E-01 -1.1516004E+00 -8.0702496E-01 -1.3149280E+00 -6.4135591E-01
-9.6044635E-01 1.3983111E-01 -1.0956688E+00 -8.1508218E-01 -1.2351792E+00 -6.8960402E-01
-9.3197412E-01 1.0962545E-01 -1.0415965E+00 -8.2186050E-01 -1.1488701E+00 -7.2338628E-01
-9.0999563E-01 1.0907581E-01 -1.0194096E+00 -8.0113381E-01 -1.1267998E+00 -6.9741067E-01
-9.0437447E-01 1.2391242E-01 -1.0276604E+00 -7.8204648E-01 -1.1479014E+00 -6.5992564E-01
-9.2109304E-01 1.3449039E-01 -1.0589234E+00 -7.9140736E-01 -1.1805405E+00 -6.5334598E-01
-9.5731689E-01 1.3916589E-01 -1.0999388E+00 -8.2543832E-01 -1.2231670E+00 -6.7832896E-01
-1.0031403E+00 1.4313407E-01 -1.1390441E+00 -8.5217728E-01 -1.2856032E+00 -7.3072716E-01
-1.0472210E+00 1.4894007E-01 -1.1954555E+00 -8.9406453E-01 -1.3415609E+00 -7.6485926E-01
-1.0804015E+00 1.5844890E-01 -1.2396738E+00 -9.2319936E-01 -1.3895450E+00 -7.7007709E-01
-1.0981150E+00 1.7373711E-01 -1.2584750E+00 -9.2065165E-01 -1.4555572E+00 -7.5937274E-01
-1.0982259E+00 1.9152996E-01 -1.2845863E+00 -9.0716903E-01 -1.4888515E+00 -7.2686203E-01
-1.0848871E+00 2.1003150E-01 -1.2863343E+00 -8.6839177E-01 -1.5030853E+00 -6.7737224E-01
-1.0636120E+00 2.2788663E-01 -1.2829889E+00 -8.2896287E-01 -1.5176647E+00 -6.2405305E-01
-1.0363203E+00 2.4531809E-01 -1.2762419E+00 -7.9249397E-01 -1.5404434E+00 -5.6526163E-01
-1.0055021E+00 2.6100728E-01 -1.2515747E+00 -7.3271025E-01 -1.5404793E+00 -5.1403048E-01
-9.7340139E-01 2.7247129E-01 -1.2289045E+00 -6.8282994E-01 -1.5270124E+00 -4.6139968E-01
-9.4229957E-01 2.8138615E-01 -1.2030627E+00 -6.3923413E-01 -1.5155664E+00 -4.1634403E-01
-9.1490986E-01 2.8424627E-01 -1.1845736E+00 -6.1635208E-01 -1.4922399E+00 -3.7821500E-01
-8.9435092E-01 2.8299238E-01 -1.1746216E+00 -6.1437351E-01 -1.4616766E+00 -3.5052751E-01
-8.8388313E-01 2.8469129E-01 -1.1677791E+00 -5.9860793E-01 -1.4583210E+00 -3.4291804E-01
-8.8664046E-01 3.0142994E-01 -1.1627966E+00 -5.6607993E-01 -1.5116139E+00 -3.3115478E-01
-9.0496995E-01 3.4102013E-01 -1.1931998E+00 -5.2771168E-01 -1.6383695E+00 -2.9209463E-01
-9.3485298E-01 4.0574118E-01 -1.2750596E+00 -4.8732212E-01 -1.7683373E+00 -1.8041945E-01
-9.7074349E-01 4.8867815E-01 -1.3771082E+00 -4.1690518E-01 -1.9467606E+00 -5.5477827E-02
-1.0036611E+00 5.7439292E-01 -1.4959179E+00 -3.5085537E-01 -2.1228517E+00 6.6755453E-02
-1.0299798E+00 6.5019279E-01 -1.5995348E+00 -2.8975426E-01 -2.2734264E+00 1.8800326E-01
-1.0416639E+00 6.9176118E-01 -1.6578641E+00 -2.5885119E-01 -2.3400830E+00 2.7910846E-01
-1.0482323E+00 7.2056393E-01 -1.7015906E+00 -2.4512907E-01 -2.3895431E+00 3.5902602E-01
