-1.2900652E+00 2.0137155E-01 -1.4904191E+00 -1.0919016E+00 -1.6931300E+00 -9.0115452E-01
-1.2506985E+00 1.7010524E-01 -1.4206543E+00 -1.0825151E+00 -1.5892962E+00 -9.2371030E-01
-1.1928655E+00 1.3784394E-01 -1.3303624E+00 -1.0564479E+00 -1.4663157E+00 -9.2510987E-01
-1.0848772E+00 1.0724737E-01 -1.1931610E+00 -9.7825824E-01 -1.2930878E+00 -8.7369325E-01
-9.6599819E-01 1.0645968E-01 -1.0705997E+00 -8.6047651E-01 -1.1759937E+00 -7.5632307E-01
-8.5479170E-01 1.2471496E-01 -9.7670981E-01 -7.3162108E-01 -1.0984567E+00 -6.0569936E-01
-7.7711800E-01 1.3972644E-01 -9.1695538E-01 -6.3517660E-01 -1.0466616E+00 -5.0313162E-01
-7.4298557E-01 1.4567663E-01 -8.8891130E-01 -5.9545823E-01 -1.0240891E+00 -4.5812239E-01
-7.5113596E-01 1.4603734E-01 -8.9882233E-01 -6.0401413E-01 -1.0365556E+00 -4.6761010E-01
-7.8868942E-01 1.4613331E-01 -9.3568429E-01 -6.4125289E-01 -1.0797069E+00 -5.1241777E-01
-8.4357083E-01 1.5432089E-01 -9.9832710E-01 -6.9077618E-01 -1.1443687E+00 -5.4288956E-01
-9.0477912E-01 1.7307329E-01 -1.0792923E+00 -7.3068172E-01 -1.2363924E+00 -5.6933818E-01
-9.6263229E-01 1.9485376E-01 -1.1544898E+00 -7.6502578E-01 -1.3513583E+00 -5.9234457E-01
-1.0095047E+00 2.1304793E-01 -1.2055474E+00 -7.8340073E-01 -1.4487071E+00 -6.0989023E-01
-1.0409751E+00 2.2665108E-01 -1.2664219E+00 -8.1507321E-01 -1.5055467E+00 -6.1502736E-01
-1.0586336E+00 2.3832348E-01 -1.2932424E+00 -8.2495111E-01 -1.5425122E+00 -5.9941081E-01
-1.0668075E+00 2.5064599E-01 -1.3131575E+00 -8.1858066E-01 -1.5673981E+00 -5.8251695E-01
-1.0726597E+00 2.6073528E-01 -1.3252879E+00 -8.1360657E-01 -1.5998572E+00 -5.7471234E-01
-1.0829597E+00 2.6962206E-01 -1.3388648E+00 -8.0472178E-01 -1.6329959E+00 -5.7376423E-01
-1.1006114E+00 2.7596291E-01 -1.3605905E+00 -8.0592821E-01 -1.6505783E+00 -5.8018381E-01
-1.1296620E+00 2.8253064E-01 -1.3992209E+00 -8.3227616E-01 -1.7000079E+00 -6.0315733E-01
-1.1653719E+00 3.0102040E-01 -1.4421655E+00 -8.4196511E-01 -1.7582482E+00 -5.9064567E-01
-1.2060647E+00 3.4038622E-01 -1.4990624E+00 -8.2855415E-01 -1.8837677E+00 -5.6618165E-01
-1.2499890E+00 4.0329182E-01 -1.5661618E+00 -7.8648925E-01 -2.0567091E+00 -4.9858542E-01
-1.2938361E+00 4.8770536E-01 -1.6734545E+00 -7.3109839E-01 -2.2893577E+00 -3.9672213E-01
-1.3334094E+00 5.8297028E-01 -1.7952209E+00 -6.5504279E-01 -2.5174641E+00 -2.7375576E-01
-1.3660365E+00 6.7715904E-01 -1.9132457E+00 -5.7723937E-01 -2.7137407E+00 -1.2405393E-01
-1.3904431E+00 7.5825362E-01 -2.0191406E+00 -5.1775605E-01 -2.8778406E+00 2.9398806E-02
-1.4016500E+00 8.0087752E-01 -2.0803138E+00 -4.8905633E-01 -2.9807637E+00 1.1501910E-01
-1.4080311E+00 8.3142907E-01 -2.1186296E+00 -4.6181995E-01 -3.0505148E+00 1.7662384E-01
