-8.1265282E-01 1.9877400E-01 -1.0106828E+00 -6.1356297E-01 -1.1983141E+00 -4.1546118E-01
-8.1713916E-01 1.6774648E-01 -9.8456837E-01 -6.4870114E-01 -1.1386848E+00 -4.8370102E-01
-8.2871659E-01 1.3384304E-01 -9.6223719E-01 -6.9260174E-01 -1.0854474E+00 -5.6597909E-01
-8.6083157E-01 1.0222112E-01 -9.6253495E-01 -7.5915704E-01 -1.0600472E+00 -6.5630347E-01
-9.0929582E-01 1.0251760E-01 -1.0099712E+00 -8.0661628E-01 -1.1111453E+00 -7.0678938E-01
-9.7142729E-01 1.2195165E-01 -1.0914920E+00 -8.4984089E-01 -1.2157773E+00 -7.3445355E-01
-1.0398326E+00 1.3823639E-01 -1.1790687E+00 -9.0222831E-01 -1.3141653E+00 -7.7236030E-01
-1.1041992E+00 1.4408733E-01 -1.2502465E+00 -9.6034974E-01 -1.3837147E+00 -8.2318702E-01
-1.1504550E+00 1.4356055E-01 -1.2945217E+00 -1.0096970E+00 -1.4268623E+00 -8.6305335E-01
-1.1713758E+00 1.4499256E-01 -1.3155124E+00 -1.0305136E+00 -1.4568615E+00 -8.8324331E-01
-1.1666027E+00 1.5295452E-01 -1.3136064E+00 -1.0099236E+00 -1.4750754E+00 -8.7329446E-01
-1.1377659E+00 1.6670142E-01 -1.3037240E+00 -9.7241501E-01 -1.4754903E+00 -8.1839254E-01
-1.0913370E+00 1.8586160E-01 -1.2756157E+00 -9.0914881E-01 -1.4641557E+00 -7.3007682E-01
-1.0355470E+00 2.0980579E-01 -1.2419830E+00 -8.2677121E-01 -1.4531502E+00 -6.3077662E-01
-9.8125808E-01 2.3518585E-01 -1.2034941E+00 -7.3655046E-01 -1.4520792E+00 -5.2792469E-01
-9.3824041E-01 2.5646471E-01 -1.1937156E+00 -6.8228013E-01 -1.4563522E+00 -4.4529906E-01
-9.1800056E-01 2.7065463E-01 -1.1784686E+00 -6.3430397E-01 -1.4632393E+00 -4.0940016E-01
-9.2066421E-01 2.7562705E-01 -1.1825026E+00 -6.2620896E-01 -1.4747400E+00 -4.0578656E-01
-9.4254736E-01 2.7355918E-01 -1.1965363E+00 -6.5396204E-01 -1.5016513E+00 -4.2568896E-01
-9.7758236E-01 2.6976489E-01 -1.2298720E+00 -7.0202683E-01 -1.5389468E+00 -4.6302513E-01
-1.0203600E+00 2.7547420E-01 -1.2906890E+00 -7.4765541E-01 -1.5798314E+00 -5.0201819E-01
-1.0664767E+00 2.9980875E-01 -1.3373970E+00 -7.5016599E-01 -1.6578068E+00 -4.9113714E-01
-1.1104586E+00 3.4886349E-01 -1.4011015E+00 -7.3122396E-01 -1.8136418E+00 -4.4465727E-01
-1.1472246E+00 4.1907235E-01 -1.4732723E+00 -6.8222565E-01 -2.0338980E+00 -3.8073869E-01
-1.1736096E+00 5.0268542E-01 -1.5586956E+00 -6.0166231E-01 -2.2166871E+00 -2.5912271E-01
-1.1938215E+00 5.9184444E-01 -1.6638649E+00 -5.1186507E-01 -2.3785461E+00 -1.2763710E-01
-1.2090309E+00 6.7850709E-01 -1.7376827E+00 -3.9906101E-01 -2.5393920E+00 -8.3941118E-05
-1.2187515E+00 7.5527520E-01 -1.7982978E+00 -2.9531036E-01 -2.6789161E+00 1.2395446E-01
-1.2220780E+00 7.9619873E-01 -1.8351212E+00 -2.4031393E-01 -2.7541964E+00 2.0321398E-01
-1.2236264E+00 8.2521846E-01 -1.8767450E+00 -2.1561828E-01 -2.8156031E+00 2.6902347E-01
