-1.0760726E+00 1.9949015E-01 -1.2749982E+00 -8.7686217E-01 -1.4674157E+00 -6.8532249E-01
-1.0742878E+00 1.7018551E-01 -1.2442113E+00 -9.0307434E-01 -1.4079716E+00 -7.4636019E-01
-1.0714906E+00 1.3903547E-01 -1.2055503E+00 -9.2430050E-01 -1.3464803E+00 -8.0725965E-01
-1.0619580E+00 1.0881343E-01 -1.1691072E+00 -9.5387156E-01 -1.2806864E+00 -8.5348689E-01
-1.0469838E+00 1.0628546E-01 -1.1526883E+00 -9.4309291E-01 -1.2551995E+00 -8.3610490E-01
-1.0286427E+00 1.2210815E-01 -1.1511239E+00 -9.0755143E-01 -1.2662670E+00 -7.8757063E-01
-1.0117651E+00 1.3690678E-01 -1.1486974E+00 -8.7799248E-01 -1.2803103E+00 -7.3745741E-01
-1.0019879E+00 1.4313171E-01 -1.1439942E+00 -8.6107936E-01 -1.2827929E+00 -7.2125778E-01
-1.0043254E+00 1.4400358E-01 -1.1463685E+00 -8.6172565E-01 -1.2834743E+00 -7.2013134E-01
-1.0223851E+00 1.4542528E-01 -1.1680186E+00 -8.7922761E-01 -1.3017905E+00 -7.3359449E-01
-1.0547334E+00 1.5303496E-01 -1.2059505E+00 -9.0398072E-01 -1.3567365E+00 -7.5519541E-01
-1.0936000E+00 1.6827421E-01 -1.2603552E+00 -9.2614670E-01 -1.4275366E+00 -7.7046413E-01
-1.1289182E+00 1.8762508E-01 -1.3139291E+00 -9.4300043E-01 -1.5118150E+00 -7.6871545E-01
-1.1509615E+00 2.0843550E-01 -1.3563893E+00 -9.4309509E-01 -1.5715524E+00 -7.5320016E-01
-1.1548089E+00 2.2964483E-01 -1.3851942E+00 -9.2373296E-01 -1.6064326E+00 -7.1820216E-01
-1.1383079E+00 2.4716950E-01 -1.3863130E+00 -8.8933877E-01 -1.6301752E+00 -6.7431151E-01
-1.1051173E+00 2.5973082E-01 -1.3669727E+00 -8.4247361E-01 -1.6184702E+00 -6.1006699E-01
-1.0648948E+00 2.6665815E-01 -1.3302550E+00 -7.9629440E-01 -1.5854465E+00 -5.5551230E-01
-1.0231343E+00 2.7059721E-01 -1.2973636E+00 -7.4836829E-01 -1.5474637E+00 -4.9953018E-01
-9.8263884E-01 2.7190863E-01 -1.2612807E+00 -7.0994005E-01 -1.5046870E+00 -4.6090265E-01
-9.4432336E-01 2.7125923E-01 -1.2170877E+00 -6.7407434E-01 -1.4819268E+00 -4.2387483E-01
-9.1053483E-01 2.7449565E-01 -1.1806039E+00 -6.4202089E-01 -1.4627557E+00 -3.8450170E-01
-8.8220072E-01 2.9042241E-01 -1.1649398E+00 -5.9608801E-01 -1.4663801E+00 -3.3420772E-01
-8.6171834E-01 3.2299830E-01 -1.1503818E+00 -5.2586090E-01 -1.5271972E+00 -2.6592164E-01
-8.5046958E-01 3.7612971E-01 -1.1599360E+00 -4.2103924E-01 -1.5845766E+00 -1.5886517E-01
-8.4758273E-01 4.4621677E-01 -1.2057491E+00 -3.2167058E-01 -1.6976872E+00 -5.0335004E-02
-8.4926042E-01 5.2273634E-01 -1.2747061E+00 -2.2963617E-01 -1.8444512E+00 8.8061416E-02
-8.5180061E-01 5.9417043E-01 -1.3693004E+00 -1.6589116E-01 -1.9619742E+00 2.3794536E-01
-8.5277931E-01 6.3317876E-01 -1.4276966E+00 -1.3861574E-01 -2.0287954E+00 3.3477834E-01
-8.5340166E-01 6.5949428E-01 -1.4617844E+00 -1.1610530E-01 -2.0517506E+00 4.2875336E-01
