-8.5006127E-01 2.0346207E-01 -1.0530982E+00 -6.4447573E-01 -1.2483431E+00 -4.5429597E-01
-8.7195215E-01 1.7242824E-01 -1.0450629E+00 -6.9807797E-01 -1.2128024E+00 -5.4019555E-01
-9.0444605E-01 1.4050688E-01 -1.0458258E+00 -7.6149508E-01 -1.1808527E+00 -6.3520824E-01
-9.6609331E-01 1.0885174E-01 -1.0764324E+00 -8.5779479E-01 -1.1789237E+00 -7.5711712E-01
-1.0402319E+00 1.0536789E-01 -1.1457582E+00 -9.3493173E-01 -1.2452461E+00 -8.3465775E-01
-1.1153202E+00 1.2197071E-01 -1.2353969E+00 -9.9475391E-01 -1.3559330E+00 -8.7317816E-01
-1.1754975E+00 1.3819410E-01 -1.3128152E+00 -1.0381976E+00 -1.4451065E+00 -9.0215501E-01
-1.2127796E+00 1.4712344E-01 -1.3589074E+00 -1.0642053E+00 -1.4972074E+00 -9.2335636E-01
-1.2228117E+00 1.5052338E-01 -1.3744698E+00 -1.0717847E+00 -1.5171180E+00 -9.2917777E-01
-1.2065654E+00 1.5378109E-01 -1.3608794E+00 -1.0563694E+00 -1.5121242E+00 -9.0382893E-01
-1.1688023E+00 1.6215004E-01 -1.3299221E+00 -1.0092991E+00 -1.4898617E+00 -8.5094543E-01
-1.1206613E+00 1.7777304E-01 -1.2990675E+00 -9.4639853E-01 -1.4728353E+00 -7.7716666E-01
-1.0715499E+00 1.9591190E-01 -1.2599429E+00 -8.7106562E-01 -1.4574600E+00 -6.9369914E-01
-1.0286126E+00 2.1360303E-01 -1.2442362E+00 -8.1751407E-01 -1.4492136E+00 -6.1512769E-01
-9.9491839E-01 2.3194712E-01 -1.2308917E+00 -7.6082164E-01 -1.4487367E+00 -5.5130795E-01
-9.7230929E-01 2.5298867E-01 -1.2292184E+00 -7.1139186E-01 -1.4654420E+00 -4.8824130E-01
-9.5786697E-01 2.7073153E-01 -1.2329887E+00 -6.8239208E-01 -1.4775238E+00 -4.3082784E-01
-9.4469122E-01 2.7876303E-01 -1.2285653E+00 -6.6515590E-01 -1.4760747E+00 -4.0354811E-01
-9.2836920E-01 2.7937892E-01 -1.2100575E+00 -6.5067432E-01 -1.4679777E+00 -3.7967388E-01
-9.1323314E-01 2.7716335E-01 -1.1875341E+00 -6.4047940E-01 -1.4599434E+00 -3.6237021E-01
-9.0002103E-01 2.7600331E-01 -1.1733489E+00 -6.2777850E-01 -1.4465122E+00 -3.5137753E-01
-8.8545274E-01 2.8183557E-01 -1.1664596E+00 -6.0628084E-01 -1.4404175E+00 -3.4276139E-01
-8.6792209E-01 3.0525564E-01 -1.1472114E+00 -5.4477357E-01 -1.4894805E+00 -3.0528216E-01
-8.5293817E-01 3.5160699E-01 -1.1520123E+00 -4.7561288E-01 -1.5558146E+00 -1.8196653E-01
-8.4048010E-01 4.1748307E-01 -1.1566661E+00 -3.6429440E-01 -1.6764957E+00 -6.8773945E-02
-8.2975658E-01 4.9698494E-01 -1.1875830E+00 -2.5495833E-01 -1.8301213E+00 5.9573929E-02
-8.2252286E-01 5.7830162E-01 -1.2419628E+00 -1.4408631E-01 -1.9652267E+00 1.9099473E-01
-8.2021826E-01 6.5155055E-01 -1.2894610E+00 -3.0801332E-02 -2.0630830E+00 3.2419415E-01
-8.2024187E-01 6.9256972E-01 -1.3183489E+00 2.8786921E-02 -2.1105146E+00 4.0901561E-01
-8.2023913E-01 7.2156061E-01 -1.3440527E+00 6.4015098E-02 -2.1019315E+00 5.0000000E-01
