-1.5309119E+00 1.8846317E-01 -1.7084514E+00 -1.3364044E+00 -1.9159064E+00 -1.1722980E+00
-1.5023296E+00 1.6393548E-01 -1.6545862E+00 -1.3315398E+00 -1.8397288E+00 -1.1927143E+00
-1.4980911E+00 1.5965070E-01 -1.6461182E+00 -1.3317318E+00 -1.8267801E+00 -1.1980906E+00
-1.3835935E+00 1.4447986E-01 -1.5127557E+00 -1.2290086E+00 -1.6696203E+00 -1.1059911E+00
-1.1037540E+00 1.7616110E-01 -1.2569484E+00 -9.1345986E-01 -1.4604510E+00 -7.6980136E-01
-8.1811735E-01 1.9904421E-01 -9.8905441E-01 -6.0077882E-01 -1.2182342E+00 -4.3918360E-01
-6.9911141E-01 2.0798720E-01 -8.7758109E-01 -4.7233572E-01 -1.1207821E+00 -3.0877811E-01
-6.8279864E-01 2.0684035E-01 -8.5826381E-01 -4.5678905E-01 -1.1029164E+00 -2.9307585E-01
-6.5521771E-01 2.1065365E-01 -8.3934892E-01 -4.2871973E-01 -1.0767329E+00 -2.5082972E-01
-6.5105429E-01 2.2467406E-01 -8.5763425E-01 -4.1335327E-01 -1.1132115E+00 -2.3407306E-01
-6.7453681E-01 2.2328119E-01 -8.8695634E-01 -4.4076048E-01 -1.1153047E+00 -2.5026917E-01
-7.6732746E-01 3.1111604E-01 -1.0807286E+00 -4.5723068E-01 -1.3851496E+00 -1.7643026E-01
-8.8584597E-01 4.5698201E-01 -1.3110866E+00 -3.8997920E-01 -1.7868105E+00 -1.3331978E-02
-1.0232052E+00 6.4896053E-01 -1.5971350E+00 -2.7503371E-01 -2.2950571E+00 1.8824701E-01
-1.0983838E+00 7.5643607E-01 -1.7601489E+00 -1.9641822E-01 -2.5652344E+00 2.8353616E-01
-1.1027310E+00 7.5742005E-01 -1.7630401E+00 -1.9513348E-01 -2.5693056E+00 2.7238990E-01
-1.1733855E+00 8.4498749E-01 -1.8567424E+00 -7.5397485E-02 -2.7812956E+00 2.9272724E-01
-1.2274996E+00 9.4055253E-01 -1.9860442E+00 3.3050743E-02 -2.9607561E+00 4.1630836E-01
-1.2274361E+00 9.4217680E-01 -1.9968842E+00 2.7300184E-02 -2.9576902E+00 4.1658480E-01
-1.2376515E+00 9.7174360E-01 -2.0382396E+00 5.3350038E-02 -3.5000000E+00 5.0000000E-01
