-1.1454905E+00 1.6929164E-01 -1.3145252E+00 -9.7782808E-01 -1.4810710E+00 -8.1616928E-01
-1.1091535E+00 1.4266058E-01 -1.2511806E+00 -9.6853953E-01 -1.3929919E+00 -8.3109876E-01
-1.0923849E+00 1.3630118E-01 -1.2273670E+00 -9.5889453E-01 -1.3676961E+00 -8.2759948E-01
-9.8761895E-01 1.1680085E-01 -1.1004433E+00 -8.7236264E-01 -1.2261057E+00 -7.6237089E-01
-8.2120542E-01 1.5092487E-01 -9.6961591E-01 -6.7309331E-01 -1.1226331E+00 -5.2793316E-01
-7.6480405E-01 1.7227865E-01 -9.2037838E-01 -5.8849795E-01 -1.1261652E+00 -4.4316937E-01
-8.0092846E-01 1.8005620E-01 -9.5558339E-01 -6.1045170E-01 -1.1671765E+00 -4.5500041E-01
-8.4692505E-01 1.7786770E-01 -9.9586522E-01 -6.5447605E-01 -1.2099862E+00 -5.0711700E-01
-9.4063755E-01 1.8316448E-01 -1.1035560E+00 -7.4409455E-01 -1.3268335E+00 -6.0244554E-01
-9.9188021E-01 1.9962700E-01 -1.1766345E+00 -7.8305960E-01 -1.3999530E+00 -6.1543315E-01
-1.1390204E+00 2.1914702E-01 -1.3567100E+00 -9.2243147E-01 -1.5771468E+00 -7.2027930E-01
-1.4016918E+00 3.2335019E-01 -1.6993976E+00 -1.0694321E+00 -2.0694443E+00 -7.8717301E-01
-1.5946165E+00 4.4636710E-01 -2.0111661E+00 -1.1397731E+00 -2.5051733E+00 -7.3962422E-01
-1.7225988E+00 5.9651745E-01 -2.3290645E+00 -1.1226584E+00 -2.8830707E+00 -5.5458545E-01
-1.7553080E+00 6.8786682E-01 -2.4692592E+00 -1.0452649E+00 -3.0498922E+00 -3.9893955E-01
-1.7509815E+00 6.9139269E-01 -2.5000716E+00 -1.0705849E+00 -3.0459065E+00 -3.8840607E-01
-1.7531523E+00 7.8020509E-01 -2.6650942E+00 -1.0105920E+00 -3.1936843E+00 -2.8259002E-01
-1.7470176E+00 8.8010398E-01 -2.8185620E+00 -9.2527838E-01 -3.3701666E+00 -1.3901503E-01
-1.7444990E+00 8.8190338E-01 -2.8294634E+00 -9.3306038E-01 -3.3666689E+00 -1.4131761E-01
-1.7427776E+00 9.1203813E-01 -2.8575589E+00 -8.9531565E-01 -3.4694130E+00 -1.3227426E-01
