-9.0543355E-01 1.7486456E-01 -1.0787773E+00 -7.3145304E-01 -1.2515209E+00 -5.6562233E-01
-9.1070154E-01 1.4678499E-01 -1.0564063E+00 -7.6518827E-01 -1.2025310E+00 -6.2890285E-01
-9.1344668E-01 1.4005335E-01 -1.0464319E+00 -7.6927184E-01 -1.1964946E+00 -6.4557896E-01
-9.2591679E-01 1.2132902E-01 -1.0396606E+00 -7.9912243E-01 -1.1719757E+00 -6.9759462E-01
-9.5201337E-01 1.6536629E-01 -1.1053781E+00 -7.7656917E-01 -1.2849420E+00 -6.4291068E-01
-9.7934831E-01 1.9906724E-01 -1.1477615E+00 -7.6299944E-01 -1.4018468E+00 -6.1557332E-01
-9.9423525E-01 2.1222247E-01 -1.1748506E+00 -7.6051826E-01 -1.4244640E+00 -5.9851897E-01
-9.9930279E-01 2.1113507E-01 -1.1823770E+00 -7.6492416E-01 -1.4234210E+00 -6.0550278E-01
-1.0131864E+00 2.1724066E-01 -1.2122739E+00 -7.7772876E-01 -1.4559942E+00 -6.1182774E-01
-1.0214118E+00 2.3114312E-01 -1.2402895E+00 -7.7416955E-01 -1.4821865E+00 -5.8696314E-01
-1.0378130E+00 2.2960479E-01 -1.2686780E+00 -8.1264660E-01 -1.4939933E+00 -5.9418991E-01
-1.0659380E+00 3.2280515E-01 -1.3594911E+00 -7.2692238E-01 -1.7317895E+00 -4.6520199E-01
-1.0871044E+00 4.7010360E-01 -1.5093437E+00 -5.8862808E-01 -2.0160226E+00 -1.7147589E-01
-1.1041700E+00 6.5259281E-01 -1.6680976E+00 -3.6082099E-01 -2.3936594E+00 1.1907556E-01
-1.1119071E+00 7.5296037E-01 -1.7438201E+00 -2.0819433E-01 -2.5831562E+00 2.6952644E-01
-1.1116265E+00 7.5633340E-01 -1.7422064E+00 -1.9818002E-01 -2.5843440E+00 2.7404028E-01
-1.1205013E+00 8.4000546E-01 -1.7708435E+00 -2.2243228E-02 -2.7290944E+00 3.3804164E-01
-1.1314090E+00 9.2921088E-01 -1.7556533E+00 2.0959593E-01 -2.8451846E+00 4.6146247E-01
-1.1342230E+00 9.3005921E-01 -1.7318583E+00 2.3782218E-01 -2.8510620E+00 4.3849584E-01
-1.1377604E+00 9.5858838E-01 -1.7988657E+00 2.4573774E-01 -2.8589260E+00 5.0000000E-01
