-1.3358325E+00 1.8313342E-01 -1.5174919E+00 -1.1525741E+00 -1.6990406E+00 -9.8303614E-01
-1.3111783E+00 1.5690354E-01 -1.4671094E+00 -1.1527459E+00 -1.6261651E+00 -1.0124462E+00
-1.2971181E+00 1.5092034E-01 -1.4461828E+00 -1.1461977E+00 -1.5999993E+00 -1.0086129E+00
-1.2325932E+00 1.3248143E-01 -1.3527592E+00 -1.0921597E+00 -1.5080683E+00 -9.8520591E-01
-1.1428259E+00 1.7380256E-01 -1.3132498E+00 -9.7199936E-01 -1.4973701E+00 -8.1188778E-01
-1.1182704E+00 2.0403757E-01 -1.3048028E+00 -9.0156481E-01 -1.5447533E+00 -7.4343697E-01
-1.1324733E+00 2.1179491E-01 -1.3286427E+00 -9.0933865E-01 -1.5722581E+00 -7.3918651E-01
-1.1496745E+00 2.0744290E-01 -1.3451530E+00 -9.3282143E-01 -1.5572319E+00 -7.4787132E-01
-1.1508995E+00 2.1065294E-01 -1.3496296E+00 -9.3112007E-01 -1.5797932E+00 -7.5386742E-01
-1.1508769E+00 2.2406176E-01 -1.3620463E+00 -9.1750812E-01 -1.6039016E+00 -7.2528261E-01
-1.0799417E+00 2.2976436E-01 -1.3059684E+00 -8.5158764E-01 -1.5401927E+00 -6.4075534E-01
-8.9289473E-01 3.0310070E-01 -1.1871576E+00 -5.9332632E-01 -1.5126431E+00 -3.1239960E-01
-7.0277976E-01 3.9559369E-01 -1.0649678E+00 -2.8072568E-01 -1.4859217E+00 5.5302013E-02
-5.3297788E-01 5.0365974E-01 -9.0533073E-01 8.5592811E-02 -1.5216024E+00 3.6251305E-01
-4.7140730E-01 5.6480566E-01 -8.0966205E-01 2.6019104E-01 -1.5448644E+00 4.9364327E-01
-4.7268553E-01 5.6540828E-01 -8.0514874E-01 2.5962831E-01 -1.5643491E+00 4.7697393E-01
-4.6469443E-01 6.1483647E-01 -7.6013662E-01 3.1736394E-01 -1.6672349E+00 4.8888701E-01
-4.7383373E-01 6.8864701E-01 -7.4366516E-01 4.2226307E-01 -1.8124011E+00 5.0000000E-01
-4.7923158E-01 6.8990792E-01 -7.3685959E-01 4.1942246E-01 -1.8328692E+00 4.8484173E-01
-4.8640677E-01 7.1646029E-01 -7.1978345E-01 4.9175673E-01 -1.8735249E+00 5.0000000E-01
