-1.4866457E+00 1.7532806E-01 -1.6610316E+00 -1.3131031E+00 -1.8397684E+00 -1.1523764E+00
-1.4444218E+00 1.4942558E-01 -1.5920289E+00 -1.2971014E+00 -1.7458600E+00 -1.1571984E+00
-1.4320983E+00 1.4390171E-01 -1.5733119E+00 -1.2913094E+00 -1.7263668E+00 -1.1543881E+00
-1.2802310E+00 1.2583340E-01 -1.3955914E+00 -1.1495149E+00 -1.5389248E+00 -1.0440853E+00
-9.7426989E-01 1.5887993E-01 -1.1224825E+00 -8.0794011E-01 -1.3000109E+00 -6.7890260E-01
-7.4924152E-01 1.7925403E-01 -9.0510829E-01 -5.5642010E-01 -1.1085691E+00 -4.0938147E-01
-7.0478032E-01 1.8611175E-01 -8.6164614E-01 -5.0191981E-01 -1.0819843E+00 -3.5138413E-01
-7.3401966E-01 1.8231280E-01 -8.8919062E-01 -5.3494781E-01 -1.1041956E+00 -3.9049339E-01
-7.9887469E-01 1.8672989E-01 -9.6435517E-01 -5.9868460E-01 -1.1725745E+00 -4.4065185E-01
-8.4400713E-01 2.0357665E-01 -1.0270264E+00 -6.2615035E-01 -1.2676923E+00 -4.6811218E-01
-9.9232299E-01 2.2039138E-01 -1.1987749E+00 -7.6386590E-01 -1.4431832E+00 -5.7579339E-01
-1.2761919E+00 3.3615220E-01 -1.5932774E+00 -9.2565830E-01 -1.9585650E+00 -6.4263640E-01
-1.4923699E+00 4.8363347E-01 -1.9493349E+00 -9.7841673E-01 -2.4608338E+00 -5.8053940E-01
-1.6358473E+00 6.5923871E-01 -2.2771577E+00 -9.1708897E-01 -2.9149854E+00 -3.7942575E-01
-1.6732937E+00 7.5841449E-01 -2.4877684E+00 -8.8517525E-01 -3.1021503E+00 -2.3646930E-01
-1.6681310E+00 7.6140864E-01 -2.4860776E+00 -8.7130746E-01 -3.1349226E+00 -2.6534383E-01
-1.6708079E+00 8.4947902E-01 -2.6135757E+00 -7.5544273E-01 -3.2230981E+00 -1.2993709E-01
-1.6671537E+00 9.4486899E-01 -2.8022078E+00 -7.1477688E-01 -3.3774242E+00 9.3071450E-03
-1.6667536E+00 9.4565639E-01 -2.8012427E+00 -7.1245440E-01 -3.3796068E+00 -3.7278464E-03
-1.6656210E+00 9.7753345E-01 -2.8381961E+00 -6.7984509E-01 -3.5000000E+00 5.0000000E-01
