-7.2044395E-01 1.7085784E-01 -8.8901171E-01 -5.5196993E-01 -1.0662047E+00 -3.8945826E-01
-7.3406378E-01 1.4430558E-01 -8.7720910E-01 -5.9143999E-01 -1.0208318E+00 -4.5275265E-01
-7.3145506E-01 1.3811207E-01 -8.6835478E-01 -5.9480398E-01 -1.0062634E+00 -4.6367941E-01
-8.0413593E-01 1.1891737E-01 -9.2145729E-01 -6.8627502E-01 -1.0456672E+00 -5.7729873E-01
-9.9754857E-01 1.5884090E-01 -1.1450332E+00 -8.3170289E-01 -1.3231471E+00 -6.9950067E-01
-1.1965415E+00 1.9842599E-01 -1.3798114E+00 -9.8660178E-01 -1.6048806E+00 -8.2957227E-01
-1.2740634E+00 2.1724646E-01 -1.4748280E+00 -1.0433804E+00 -1.7001340E+00 -8.5798960E-01
-1.2771334E+00 2.1772426E-01 -1.4755814E+00 -1.0414227E+00 -1.7043459E+00 -8.6170164E-01
-1.2708157E+00 2.2561909E-01 -1.4810120E+00 -1.0283787E+00 -1.7257738E+00 -8.5394643E-01
-1.2573916E+00 2.3986867E-01 -1.4847738E+00 -1.0030672E+00 -1.7383832E+00 -8.1025868E-01
-1.1907330E+00 2.3878518E-01 -1.4119014E+00 -9.3935389E-01 -1.6792055E+00 -7.4293461E-01
-1.0443056E+00 3.1982465E-01 -1.3267977E+00 -7.0679644E-01 -1.7198909E+00 -4.5252171E-01
-9.1749922E-01 4.4861878E-01 -1.2857699E+00 -4.2026037E-01 -1.8317408E+00 -7.4433828E-02
-8.2195547E-01 6.0562692E-01 -1.2717066E+00 -1.0578777E-01 -2.0434026E+00 2.7622528E-01
-7.9834364E-01 6.9067035E-01 -1.2744086E+00 4.8639718E-02 -2.1539179E+00 4.3092333E-01
-8.0097205E-01 6.9041642E-01 -1.2720574E+00 4.8934878E-02 -2.1644604E+00 4.1610347E-01
-8.1839741E-01 7.6343389E-01 -1.2664050E+00 1.7274229E-01 -2.3302972E+00 4.3944405E-01
-8.4437326E-01 8.5152551E-01 -1.2751647E+00 3.3951501E-01 -2.4893031E+00 5.0000000E-01
-8.4729679E-01 8.5285490E-01 -1.2622819E+00 3.5273939E-01 -2.5044198E+00 4.8223804E-01
-8.5487777E-01 8.8151283E-01 -1.2806476E+00 4.0526097E-01 -2.5504918E+00 5.0000000E-01
