-1.0299565E+00 1.7966483E-01 -1.2060288E+00 -8.5273576E-01 -1.3880696E+00 -6.7845637E-01
-1.0304956E+00 1.5226707E-01 -1.1800882E+00 -8.7945294E-01 -1.3359533E+00 -7.3601021E-01
-1.0304588E+00 1.4609031E-01 -1.1737032E+00 -8.8621066E-01 -1.3217723E+00 -7.4796045E-01
-1.0426125E+00 1.2596682E-01 -1.1645876E+00 -9.1676499E-01 -1.2972610E+00 -8.0686277E-01
-1.0697117E+00 1.6224742E-01 -1.2215793E+00 -9.0213856E-01 -1.4007056E+00 -7.6229561E-01
-1.0924173E+00 2.0081443E-01 -1.2675667E+00 -8.7338614E-01 -1.5131261E+00 -7.2934880E-01
-1.0993988E+00 2.1838373E-01 -1.2847699E+00 -8.5827425E-01 -1.5383983E+00 -6.8709625E-01
-1.0986465E+00 2.1805781E-01 -1.2857105E+00 -8.5912587E-01 -1.5353464E+00 -6.8805892E-01
-1.1004743E+00 2.2246004E-01 -1.3014321E+00 -8.6394666E-01 -1.5400645E+00 -6.7214943E-01
-1.1026302E+00 2.3542998E-01 -1.3220915E+00 -8.5691396E-01 -1.5834239E+00 -6.6064264E-01
-1.0985680E+00 2.3398773E-01 -1.3314655E+00 -8.6301311E-01 -1.5649269E+00 -6.5342928E-01
-1.0754838E+00 3.2069478E-01 -1.3669380E+00 -7.4559370E-01 -1.7308685E+00 -4.7179327E-01
-1.0465000E+00 4.5710750E-01 -1.4406340E+00 -5.6343788E-01 -2.0340191E+00 -2.0987937E-01
-1.0218971E+00 6.2258128E-01 -1.5438747E+00 -3.1961016E-01 -2.2929699E+00 1.3539680E-01
-1.0154478E+00 7.1449555E-01 -1.5899282E+00 -1.6121453E-01 -2.4412057E+00 2.8902015E-01
-1.0153212E+00 7.1723477E-01 -1.5837735E+00 -1.4923888E-01 -2.4470145E+00 2.8622224E-01
-1.0248811E+00 7.9792072E-01 -1.5825976E+00 2.1361746E-02 -2.5890331E+00 3.4418734E-01
-1.0392998E+00 8.8981600E-01 -1.6050671E+00 2.0386220E-01 -2.7159681E+00 4.6594453E-01
-1.0410727E+00 8.8982914E-01 -1.6146568E+00 1.9881790E-01 -2.7231771E+00 4.4802524E-01
-1.0465028E+00 9.1779458E-01 -1.6532029E+00 2.3062196E-01 -2.7477149E+00 5.0000000E-01
