-9.4649272E-01 1.7271179E-01 -1.1159311E+00 -7.7664132E-01 -1.2884946E+00 -6.0415123E-01
-9.6262252E-01 1.4457279E-01 -1.1053049E+00 -8.1858731E-01 -1.2464568E+00 -6.7710364E-01
-9.6894309E-01 1.3742015E-01 -1.1060164E+00 -8.3033145E-01 -1.2369429E+00 -7.0179147E-01
-1.0125529E+00 1.1910463E-01 -1.1237969E+00 -8.8728652E-01 -1.2541681E+00 -7.8922950E-01
-1.0851818E+00 1.6117156E-01 -1.2335370E+00 -9.1377314E-01 -1.4161114E+00 -7.8744856E-01
-1.1262326E+00 1.9710227E-01 -1.2984442E+00 -9.0902880E-01 -1.5409289E+00 -7.6767429E-01
-1.1301055E+00 2.1658319E-01 -1.3165363E+00 -8.8810181E-01 -1.5650789E+00 -7.2389821E-01
-1.1238467E+00 2.1852761E-01 -1.3160141E+00 -8.8222223E-01 -1.5601434E+00 -7.1518849E-01
-1.1142512E+00 2.2457084E-01 -1.3198955E+00 -8.7285567E-01 -1.5766572E+00 -7.0097842E-01
-1.1078047E+00 2.3975384E-01 -1.3339160E+00 -8.5529093E-01 -1.5937124E+00 -6.5529823E-01
-1.0952990E+00 2.3779938E-01 -1.3301819E+00 -8.6128518E-01 -1.5730892E+00 -6.3613833E-01
-1.0782722E+00 3.2737756E-01 -1.3780479E+00 -7.3392377E-01 -1.7533176E+00 -4.6387076E-01
-1.0718993E+00 4.8088707E-01 -1.4822863E+00 -5.3925247E-01 -2.0554471E+00 -1.6269974E-01
-1.0787686E+00 6.6783959E-01 -1.6264599E+00 -2.9106864E-01 -2.4223954E+00 1.3638881E-01
-1.0911671E+00 7.6946436E-01 -1.6956641E+00 -1.3496392E-01 -2.6199875E+00 2.7204128E-01
-1.0921759E+00 7.7144391E-01 -1.6953884E+00 -1.2841240E-01 -2.6136136E+00 2.7046555E-01
-1.1145255E+00 8.5985726E-01 -1.6962263E+00 6.9650587E-02 -2.7762582E+00 3.1579123E-01
-1.1340592E+00 9.5543449E-01 -1.7015037E+00 2.7836187E-01 -2.9275548E+00 4.3626520E-01
-1.1349144E+00 9.5492899E-01 -1.6960615E+00 2.8585242E-01 -2.9237066E+00 4.3308742E-01
-1.1384693E+00 9.8268440E-01 -1.7509298E+00 3.0366159E-01 -3.5000000E+00 5.0000000E-01
