-8.9457936E-01 1.7025366E-01 -1.0636140E+00 -7.2380973E-01 -1.2284857E+00 -5.6731440E-01
-9.0364878E-01 1.4275515E-01 -1.0451907E+00 -7.6098073E-01 -1.1881752E+00 -6.3099084E-01
-9.0690420E-01 1.3633563E-01 -1.0412808E+00 -7.7125677E-01 -1.1819968E+00 -6.4728323E-01
-9.3075975E-01 1.1678579E-01 -1.0394378E+00 -8.1033531E-01 -1.1696702E+00 -7.1033771E-01
-9.7339837E-01 1.5938797E-01 -1.1231054E+00 -8.0698237E-01 -1.2975242E+00 -6.7463915E-01
-9.9844502E-01 1.9133754E-01 -1.1604804E+00 -7.8728763E-01 -1.3854467E+00 -6.3839941E-01
-1.0017047E+00 2.0785372E-01 -1.1708284E+00 -7.6623085E-01 -1.4212435E+00 -6.1653344E-01
-9.9525949E-01 2.1109076E-01 -1.1636191E+00 -7.5184672E-01 -1.4224136E+00 -6.1015803E-01
-9.9417454E-01 2.2218629E-01 -1.1760219E+00 -7.3865818E-01 -1.4410328E+00 -5.8693252E-01
-9.9080568E-01 2.3888462E-01 -1.1939018E+00 -7.2055650E-01 -1.4715164E+00 -5.4890340E-01
-1.0131210E+00 2.3600099E-01 -1.2339691E+00 -7.6303293E-01 -1.4917429E+00 -5.7066779E-01
-1.0917793E+00 3.1545553E-01 -1.3861936E+00 -7.6623205E-01 -1.7348892E+00 -4.8847851E-01
-1.1935175E+00 4.6988700E-01 -1.6362233E+00 -6.9775531E-01 -2.1449650E+00 -3.0892156E-01
-1.3085703E+00 6.7416202E-01 -1.9618314E+00 -5.6400588E-01 -2.6538885E+00 -7.3654546E-02
-1.3659888E+00 7.8661716E-01 -2.1384035E+00 -4.6327242E-01 -2.9026481E+00 4.6391989E-02
-1.3678862E+00 7.9041354E-01 -2.1392805E+00 -4.5060080E-01 -2.8659662E+00 7.7083978E-02
-1.4117291E+00 8.8553631E-01 -2.2549611E+00 -3.0204910E-01 -3.0264293E+00 1.4090813E-01
-1.4439018E+00 9.8674639E-01 -2.3966805E+00 -1.7835664E-01 -3.2438849E+00 2.5220692E-01
-1.4451140E+00 9.8868303E-01 -2.3842712E+00 -1.5946947E-01 -3.2484230E+00 2.5708851E-01
-1.4537335E+00 1.0201065E+00 -2.4661693E+00 -1.6956429E-01 -3.5000000E+00 5.0000000E-01
