-9.7072772E-01 1.6527835E-01 -1.1327737E+00 -8.0755242E-01 -1.3002314E+00 -6.4987431E-01
-9.6797340E-01 1.3914031E-01 -1.1042637E+00 -8.2946656E-01 -1.2472870E+00 -6.9779311E-01
-9.6284732E-01 1.3314309E-01 -1.0941414E+00 -8.3163491E-01 -1.2298523E+00 -7.0382719E-01
-9.6823707E-01 1.1710883E-01 -1.0819697E+00 -8.5235746E-01 -1.2054012E+00 -7.4687273E-01
-1.0119154E+00 1.6172273E-01 -1.1600743E+00 -8.3981143E-01 -1.3456727E+00 -7.1206739E-01
-1.0877769E+00 1.9548791E-01 -1.2533716E+00 -8.6928567E-01 -1.5043177E+00 -7.3934160E-01
-1.1298616E+00 2.0921732E-01 -1.2974095E+00 -8.8948160E-01 -1.5565911E+00 -7.4405261E-01
-1.1404851E+00 2.0896401E-01 -1.3115980E+00 -9.0229137E-01 -1.5664675E+00 -7.5459533E-01
-1.1607524E+00 2.1451360E-01 -1.3506084E+00 -9.2681835E-01 -1.6108875E+00 -7.7021939E-01
-1.1666520E+00 2.2872811E-01 -1.3797551E+00 -9.2470225E-01 -1.6346581E+00 -7.3887670E-01
-1.1655660E+00 2.3285620E-01 -1.3968332E+00 -9.3394493E-01 -1.6352021E+00 -7.2019973E-01
-1.1514023E+00 3.2632690E-01 -1.4510167E+00 -8.0909974E-01 -1.8281166E+00 -5.3595778E-01
-1.1369618E+00 4.7114388E-01 -1.5630023E+00 -6.3270912E-01 -2.0808767E+00 -2.3129539E-01
-1.1308488E+00 6.5036090E-01 -1.7048987E+00 -3.8677542E-01 -2.4242622E+00 7.9596233E-02
-1.1358795E+00 7.4925496E-01 -1.7704620E+00 -2.3757095E-01 -2.6261876E+00 2.2568805E-01
-1.1392369E+00 7.5120597E-01 -1.7671714E+00 -2.2967960E-01 -2.6306143E+00 2.1761889E-01
-1.1518625E+00 8.4104820E-01 -1.7869723E+00 -5.2308124E-02 -2.8086897E+00 2.8576942E-01
-1.1625587E+00 9.3926804E-01 -1.8352014E+00 1.3204721E-01 -2.9285076E+00 4.4439155E-01
-1.1626595E+00 9.4142314E-01 -1.8345017E+00 1.3583721E-01 -2.9333757E+00 4.2724266E-01
-1.1640084E+00 9.7296527E-01 -1.8514353E+00 1.9156774E-01 -2.9490115E+00 5.0000000E-01
