-1.1600349E+00 1.7682578E-01 -1.3330344E+00 -9.8471505E-01 -1.5106521E+00 -8.1286812E-01
-1.1273758E+00 1.4955212E-01 -1.2744715E+00 -9.7909779E-01 -1.4237664E+00 -8.3517664E-01
-1.1102584E+00 1.4262914E-01 -1.2516104E+00 -9.6897717E-01 -1.3922815E+00 -8.3219327E-01
-1.0240755E+00 1.2389147E-01 -1.1459387E+00 -9.0098797E-01 -1.2771254E+00 -7.8950186E-01
-8.9824837E-01 1.6253260E-01 -1.0413936E+00 -7.2693034E-01 -1.2428696E+00 -5.9551657E-01
-8.5536381E-01 1.9070486E-01 -1.0154383E+00 -6.4607844E-01 -1.2409345E+00 -4.9635127E-01
-8.7371343E-01 2.0232820E-01 -1.0377975E+00 -6.4368215E-01 -1.2868033E+00 -4.9819429E-01
-8.9494324E-01 2.0014570E-01 -1.0638231E+00 -6.7385980E-01 -1.3016379E+00 -5.2083550E-01
-9.2978864E-01 2.0543094E-01 -1.1141679E+00 -7.0773044E-01 -1.3560720E+00 -5.5427561E-01
-9.4710627E-01 2.2267437E-01 -1.1554788E+00 -7.1219721E-01 -1.4006329E+00 -5.3140167E-01
-9.9105239E-01 2.3053465E-01 -1.2214983E+00 -7.6284691E-01 -1.4506743E+00 -5.4746110E-01
-1.0751992E+00 3.2298143E-01 -1.3774022E+00 -7.3997150E-01 -1.7405008E+00 -4.6918581E-01
-1.1523785E+00 4.6128409E-01 -1.5703053E+00 -6.6235054E-01 -2.1132903E+00 -2.9458153E-01
-1.2239141E+00 6.3710716E-01 -1.8123649E+00 -5.2606460E-01 -2.4942561E+00 -1.8251657E-02
-1.2553429E+00 7.3806284E-01 -1.9410611E+00 -4.1905992E-01 -2.6946726E+00 1.2419003E-01
-1.2562930E+00 7.4112936E-01 -1.9428657E+00 -4.1008420E-01 -2.6942336E+00 1.2342885E-01
-1.2829891E+00 8.3364068E-01 -2.0158257E+00 -2.3941791E-01 -2.8660778E+00 1.9534914E-01
-1.3029371E+00 9.3483484E-01 -2.1356434E+00 -1.0997915E-01 -3.0251197E+00 3.5917742E-01
-1.3026975E+00 9.3524084E-01 -2.1429480E+00 -1.1648426E-01 -3.0093857E+00 3.6397570E-01
-1.3084727E+00 9.6642441E-01 -2.1759407E+00 -7.8080730E-02 -3.5000000E+00 5.0000000E-01
