-1.1037919E+00 1.7711083E-01 -1.2755589E+00 -9.3080841E-01 -1.4606032E+00 -7.5893411E-01
-1.1054124E+00 1.5122146E-01 -1.2530698E+00 -9.5712871E-01 -1.4098663E+00 -8.1431718E-01
-1.1060374E+00 1.4497428E-01 -1.2493992E+00 -9.6248655E-01 -1.3939943E+00 -8.2918110E-01
-1.1125409E+00 1.2385736E-01 -1.2354558E+00 -9.8898616E-01 -1.3577364E+00 -8.7459335E-01
-1.1257841E+00 1.6588812E-01 -1.2800691E+00 -9.5217871E-01 -1.4622786E+00 -8.1166061E-01
-1.1316184E+00 1.9987620E-01 -1.3127726E+00 -9.1460903E-01 -1.5417732E+00 -7.6312169E-01
-1.1282398E+00 2.1368432E-01 -1.3226982E+00 -8.9520701E-01 -1.5668727E+00 -7.3562256E-01
-1.1252422E+00 2.1434347E-01 -1.3224205E+00 -8.9200679E-01 -1.5621631E+00 -7.3364675E-01
-1.1086511E+00 2.2146971E-01 -1.3122842E+00 -8.6862573E-01 -1.5593630E+00 -6.9913466E-01
-1.1011493E+00 2.3561522E-01 -1.3219536E+00 -8.5102431E-01 -1.5770126E+00 -6.5902259E-01
-1.0551129E+00 2.3547409E-01 -1.2893959E+00 -8.1981148E-01 -1.5334714E+00 -6.1184790E-01
-9.5457865E-01 3.1401210E-01 -1.2474184E+00 -6.2634193E-01 -1.5957076E+00 -3.6430549E-01
-8.6919125E-01 4.3718908E-01 -1.2514681E+00 -3.8777263E-01 -1.7388239E+00 -4.4640726E-02
-8.1255637E-01 5.9305602E-01 -1.2948980E+00 -1.1667169E-01 -1.9623493E+00 2.7364419E-01
-8.0331559E-01 6.8080715E-01 -1.3261951E+00 2.8738277E-02 -2.0924134E+00 4.2783828E-01
-8.0703024E-01 6.8232488E-01 -1.3252206E+00 2.9786051E-02 -2.1050265E+00 4.1829718E-01
-8.2347407E-01 7.5962572E-01 -1.2938549E+00 1.8440119E-01 -2.2948747E+00 4.2198223E-01
-8.4247482E-01 8.5049500E-01 -1.2667672E+00 3.5770045E-01 -2.4585766E+00 4.8974777E-01
-8.4531306E-01 8.5212538E-01 -1.2562342E+00 3.6930588E-01 -2.4780748E+00 4.6976892E-01
-8.4943999E-01 8.8181251E-01 -1.2704742E+00 4.2521059E-01 -2.5177925E+00 5.0000000E-01
