-1.4612370E+00 1.8599197E-01 -1.6447741E+00 -1.2781364E+00 -1.8345414E+00 -1.1023785E+00
-1.4356812E+00 1.6394417E-01 -1.5891323E+00 -1.2675137E+00 -1.7697513E+00 -1.1241136E+00
-1.4339312E+00 1.6038192E-01 -1.5917694E+00 -1.2763675E+00 -1.7609156E+00 -1.1301882E+00
-1.3328844E+00 1.4369664E-01 -1.4580783E+00 -1.1804842E+00 -1.6240899E+00 -1.0561864E+00
-1.0813265E+00 1.7504861E-01 -1.2327572E+00 -8.9534592E-01 -1.4374576E+00 -7.4342875E-01
-8.2285783E-01 1.9963799E-01 -9.8466319E-01 -6.0363271E-01 -1.2282867E+00 -4.4269570E-01
-7.1841389E-01 2.1059764E-01 -8.8857040E-01 -4.8715863E-01 -1.1490693E+00 -3.2091977E-01
-7.0894132E-01 2.0783745E-01 -8.7523313E-01 -4.7779705E-01 -1.1298040E+00 -3.1707527E-01
-6.9369464E-01 2.0856234E-01 -8.7572732E-01 -4.6798504E-01 -1.1102254E+00 -2.9747276E-01
-6.9400505E-01 2.2301191E-01 -8.9723567E-01 -4.5586650E-01 -1.1545888E+00 -2.8456701E-01
-7.4212700E-01 2.1809102E-01 -9.5701117E-01 -5.2405313E-01 -1.1790993E+00 -3.2359977E-01
-8.8554030E-01 3.1070445E-01 -1.1815282E+00 -5.6685559E-01 -1.5114207E+00 -2.8779937E-01
-1.0506512E+00 4.7747403E-01 -1.5227318E+00 -5.6580675E-01 -1.9802985E+00 -1.0999679E-01
-1.2222025E+00 6.8362821E-01 -1.9761187E+00 -5.5763271E-01 -2.5053645E+00 1.0575449E-01
-1.3012612E+00 7.9475901E-01 -2.2062364E+00 -5.1255258E-01 -2.7115886E+00 2.4637539E-01
-1.3026395E+00 7.9744169E-01 -2.2135167E+00 -5.0966137E-01 -2.7145922E+00 2.4369550E-01
-1.3540206E+00 8.9153369E-01 -2.3974492E+00 -4.2314271E-01 -2.9067423E+00 2.8790273E-01
-1.3875517E+00 9.8958496E-01 -2.4867770E+00 -2.5663980E-01 -3.0775145E+00 4.0684199E-01
-1.3861701E+00 9.8986916E-01 -2.4858118E+00 -2.5551281E-01 -3.0684385E+00 4.0858695E-01
-1.3929937E+00 1.0195212E+00 -2.5223632E+00 -2.2970521E-01 -3.5000000E+00 5.0000000E-01
