-1.4483478E+00 1.8520647E-01 -1.6315622E+00 -1.2652539E+00 -1.8159904E+00 -1.0901895E+00
-1.4177642E+00 1.6041926E-01 -1.5736812E+00 -1.2582191E+00 -1.7446553E+00 -1.1125950E+00
-1.4074183E+00 1.5526803E-01 -1.5593578E+00 -1.2540474E+00 -1.7246587E+00 -1.1115175E+00
-1.3077599E+00 1.3953076E-01 -1.4348179E+00 -1.1603679E+00 -1.5847984E+00 -1.0378396E+00
-1.1039540E+00 1.7748935E-01 -1.2634472E+00 -9.1623738E-01 -1.4776474E+00 -7.7650457E-01
-9.4107124E-01 2.0236279E-01 -1.1198612E+00 -7.1835866E-01 -1.3446418E+00 -5.5933096E-01
-8.9294679E-01 2.0866246E-01 -1.0766240E+00 -6.6116196E-01 -1.3112048E+00 -5.0144356E-01
-8.9873234E-01 2.0493430E-01 -1.0806529E+00 -6.7289085E-01 -1.3084362E+00 -5.1344477E-01
-8.9970290E-01 2.0683424E-01 -1.0881390E+00 -6.7951979E-01 -1.3292444E+00 -5.1361260E-01
-9.0772449E-01 2.2003720E-01 -1.1107039E+00 -6.7670820E-01 -1.3579432E+00 -4.9282319E-01
-9.0966669E-01 2.2539493E-01 -1.1331845E+00 -6.8812539E-01 -1.3615012E+00 -4.7570374E-01
-8.9902393E-01 3.2045963E-01 -1.2055799E+00 -5.6700849E-01 -1.5450271E+00 -2.8823253E-01
-8.7929970E-01 4.4780386E-01 -1.2910992E+00 -4.0208406E-01 -1.7687599E+00 -1.8198675E-02
-8.6121690E-01 6.0153077E-01 -1.3832224E+00 -1.8570611E-01 -2.0276994E+00 2.8417718E-01
-8.5874599E-01 6.8791212E-01 -1.4293147E+00 -4.0185156E-02 -2.1557520E+00 4.2797551E-01
-8.6112097E-01 6.8937486E-01 -1.4317529E+00 -3.9942619E-02 -2.1663387E+00 4.1922352E-01
-8.7546893E-01 7.6436172E-01 -1.3922355E+00 1.3047613E-01 -2.3443905E+00 4.3346103E-01
-8.8996691E-01 8.5340036E-01 -1.3544083E+00 3.2116424E-01 -2.4954172E+00 5.0000000E-01
-8.9200868E-01 8.5627434E-01 -1.3305916E+00 3.4523599E-01 -2.5188124E+00 4.7806972E-01
-8.9711511E-01 8.8426388E-01 -1.3552090E+00 3.8626708E-01 -2.5532375E+00 5.0000000E-01
