-1.2580544E+00 1.7181824E-01 -1.4303937E+00 -1.0866709E+00 -1.5936013E+00 -9.2280989E-01
-1.2250897E+00 1.4778324E-01 -1.3733241E+00 -1.0781086E+00 -1.5168465E+00 -9.3863601E-01
-1.2086516E+00 1.4347412E-01 -1.3528748E+00 -1.0658002E+00 -1.4925282E+00 -9.3169121E-01
-1.1188653E+00 1.2651863E-01 -1.2368955E+00 -9.8728620E-01 -1.3755039E+00 -8.7753781E-01
-9.8246516E-01 1.6218013E-01 -1.1366479E+00 -8.1161616E-01 -1.3112064E+00 -6.7778877E-01
-9.3656247E-01 1.8936034E-01 -1.1021224E+00 -7.3114117E-01 -1.3374195E+00 -5.8936144E-01
-9.6053017E-01 2.0228905E-01 -1.1323195E+00 -7.3346629E-01 -1.3901656E+00 -5.9840662E-01
-9.8767100E-01 2.0211807E-01 -1.1594863E+00 -7.5914469E-01 -1.4121498E+00 -6.2561753E-01
-1.0254501E+00 2.1254527E-01 -1.2100536E+00 -7.8888768E-01 -1.4704228E+00 -6.4235373E-01
-1.0437532E+00 2.3221350E-01 -1.2495211E+00 -7.8880612E-01 -1.5280027E+00 -6.2315568E-01
-1.0797221E+00 2.3986927E-01 -1.2981895E+00 -8.2482351E-01 -1.5741157E+00 -6.3384023E-01
-1.1465263E+00 3.1903150E-01 -1.4414389E+00 -8.1484339E-01 -1.7984452E+00 -5.4164261E-01
-1.2064871E+00 4.4517678E-01 -1.6231185E+00 -7.4129144E-01 -2.1167587E+00 -3.6759644E-01
-1.2635425E+00 6.1928108E-01 -1.8538732E+00 -5.8461976E-01 -2.4946325E+00 -1.1354655E-01
-1.2904151E+00 7.2101059E-01 -1.9836872E+00 -4.8364714E-01 -2.7142844E+00 3.4119875E-02
-1.2914176E+00 7.2253436E-01 -1.9834807E+00 -4.7799016E-01 -2.7213464E+00 3.1425615E-02
-1.3132757E+00 8.0817342E-01 -2.0884856E+00 -3.6029033E-01 -2.8378403E+00 1.5887800E-01
-1.3279381E+00 9.0366034E-01 -2.2142365E+00 -2.5675783E-01 -2.9859397E+00 3.4357865E-01
-1.3280728E+00 9.0436922E-01 -2.2101723E+00 -2.5048747E-01 -2.9752456E+00 3.4568108E-01
-1.3314756E+00 9.3344834E-01 -2.2544160E+00 -2.2992035E-01 -2.9928099E+00 4.3558308E-01
