-1.2765388E+00 1.8126714E-01 -1.4566066E+00 -1.0961310E+00 -1.6406146E+00 -9.3123461E-01
-1.2717600E+00 1.5678119E-01 -1.4193341E+00 -1.1076779E+00 -1.5905447E+00 -9.7650448E-01
-1.2715052E+00 1.5016042E-01 -1.4118192E+00 -1.1145383E+00 -1.5794534E+00 -9.9023006E-01
-1.2576202E+00 1.3337049E-01 -1.3831831E+00 -1.1169586E+00 -1.5269789E+00 -1.0084405E+00
-1.2126400E+00 1.6896025E-01 -1.3806372E+00 -1.0451500E+00 -1.5496946E+00 -8.8846446E-01
-1.1510034E+00 1.9623667E-01 -1.3441079E+00 -9.5707434E-01 -1.5493887E+00 -7.7968174E-01
-1.1151163E+00 2.1033577E-01 -1.3106952E+00 -8.9595068E-01 -1.5432449E+00 -7.1502827E-01
-1.1051322E+00 2.1004336E-01 -1.3021032E+00 -8.8699588E-01 -1.5351355E+00 -7.0567000E-01
-1.0635428E+00 2.1591104E-01 -1.2707195E+00 -8.3809118E-01 -1.4954790E+00 -6.5338322E-01
-1.0439140E+00 2.2921570E-01 -1.2727202E+00 -8.1349537E-01 -1.4950814E+00 -6.0261579E-01
-9.5478736E-01 2.2996280E-01 -1.1830345E+00 -7.2770256E-01 -1.4105205E+00 -5.0933052E-01
-7.7955659E-01 2.9965162E-01 -1.0569523E+00 -4.6480072E-01 -1.3859318E+00 -2.1359195E-01
-6.3927125E-01 4.0383781E-01 -9.8132034E-01 -2.0083761E-01 -1.4389395E+00 1.3399254E-01
-5.4670572E-01 5.3509030E-01 -9.3364609E-01 7.9335262E-02 -1.5976509E+00 4.1209276E-01
-5.3305474E-01 6.1212128E-01 -8.9977780E-01 2.3515359E-01 -1.7149285E+00 5.0000000E-01
-5.3960411E-01 6.1377834E-01 -8.9237361E-01 2.3782137E-01 -1.7373509E+00 4.9036666E-01
-5.6937290E-01 6.8224930E-01 -8.8526134E-01 3.1265934E-01 -1.9352535E+00 4.7335657E-01
-6.0359475E-01 7.6751971E-01 -9.1206800E-01 4.1112425E-01 -2.1154921E+00 5.0000000E-01
-6.0568278E-01 7.6834991E-01 -9.0111151E-01 4.1303483E-01 -2.1300056E+00 4.8710269E-01
-6.1374598E-01 7.9691894E-01 -8.8839430E-01 4.8198460E-01 -2.1833771E+00 5.0000000E-01
