-1.2181133E+00 1.8135397E-01 -1.3974237E+00 -1.0366645E+00 -1.5785092E+00 -8.6807628E-01
-1.2132107E+00 1.5411513E-01 -1.3645890E+00 -1.0585707E+00 -1.5214762E+00 -9.1605778E-01
-1.2125993E+00 1.4842643E-01 -1.3594798E+00 -1.0645899E+00 -1.5091485E+00 -9.2544993E-01
-1.2027595E+00 1.3165134E-01 -1.3346018E+00 -1.0720350E+00 -1.4650408E+00 -9.5193186E-01
-1.1714831E+00 1.7375672E-01 -1.3413992E+00 -1.0002768E+00 -1.5236710E+00 -8.3535723E-01
-1.1265529E+00 2.0420132E-01 -1.3106165E+00 -9.1152555E-01 -1.5332490E+00 -7.3080463E-01
-1.0959223E+00 2.1632475E-01 -1.2889001E+00 -8.6155862E-01 -1.5270520E+00 -6.8383687E-01
-1.0830073E+00 2.1488643E-01 -1.2767032E+00 -8.4789800E-01 -1.5093079E+00 -6.7561416E-01
-1.0488603E+00 2.2060901E-01 -1.2548169E+00 -8.1124825E-01 -1.5008333E+00 -6.4400851E-01
-1.0325823E+00 2.3627599E-01 -1.2553194E+00 -7.8220326E-01 -1.5126972E+00 -5.9325341E-01
-9.6675008E-01 2.3650292E-01 -1.2025927E+00 -7.3086711E-01 -1.4431138E+00 -5.1716596E-01
-8.4085093E-01 3.0514213E-01 -1.1471209E+00 -5.3495494E-01 -1.4443708E+00 -2.5252983E-01
-7.4631286E-01 4.1548481E-01 -1.1342828E+00 -3.0188853E-01 -1.5628466E+00 5.1469074E-02
-6.8940152E-01 5.5989702E-01 -1.1460703E+00 -3.0255655E-02 -1.7847572E+00 3.4219058E-01
-6.7987135E-01 6.4159608E-01 -1.1458073E+00 1.0975177E-01 -1.8976451E+00 4.8147266E-01
-6.8255513E-01 6.4178892E-01 -1.1336358E+00 1.1729935E-01 -1.9249420E+00 4.5343520E-01
-6.9659493E-01 7.1395840E-01 -1.0835276E+00 2.4461299E-01 -2.1012774E+00 4.4929826E-01
-7.1476966E-01 8.0201677E-01 -1.0806657E+00 3.8174552E-01 -2.2493034E+00 5.0000000E-01
-7.1832729E-01 8.0249516E-01 -1.0698644E+00 3.8694520E-01 -2.2669989E+00 4.8276191E-01
-7.2622421E-01 8.2905662E-01 -1.0785978E+00 4.4534630E-01 -2.3086797E+00 5.0000000E-01
