-1.4172776E+00 1.9138721E-01 -1.6035208E+00 -1.2293702E+00 -1.8081379E+00 -1.0481381E+00
-1.4092819E+00 1.6819043E-01 -1.5746107E+00 -1.2439671E+00 -1.7504561E+00 -1.0838265E+00
-1.4109784E+00 1.6302799E-01 -1.5663436E+00 -1.2447629E+00 -1.7407591E+00 -1.0976875E+00
-1.3883983E+00 1.4487612E-01 -1.5226888E+00 -1.2335255E+00 -1.6833154E+00 -1.1199354E+00
-1.3150776E+00 1.7175665E-01 -1.4832983E+00 -1.1448397E+00 -1.6617784E+00 -9.8791523E-01
-1.2047105E+00 1.9513564E-01 -1.4014953E+00 -1.0110074E+00 -1.5957918E+00 -8.3468942E-01
-1.1315096E+00 2.0792303E-01 -1.3303159E+00 -9.1285114E-01 -1.5438799E+00 -7.4082749E-01
-1.0998318E+00 2.0588760E-01 -1.3076645E+00 -8.9203245E-01 -1.5081953E+00 -7.0745247E-01
-1.0205080E+00 2.1296164E-01 -1.2354913E+00 -8.0556765E-01 -1.4390146E+00 -6.1083967E-01
-9.8248470E-01 2.2981551E-01 -1.2127805E+00 -7.5168458E-01 -1.4328776E+00 -5.3765391E-01
-8.4846797E-01 2.3980340E-01 -1.0840913E+00 -6.1049175E-01 -1.3234336E+00 -3.8112112E-01
-6.0887933E-01 3.0109797E-01 -9.0872206E-01 -3.0974022E-01 -1.2071188E+00 -2.8660173E-02
-4.4515101E-01 3.7656028E-01 -7.7919258E-01 -3.3260292E-02 -1.1757610E+00 2.7109058E-01
-3.6961888E-01 4.8528130E-01 -6.7502089E-01 2.3867458E-01 -1.3081132E+00 4.6331698E-01
-3.7950231E-01 5.5782991E-01 -6.5975093E-01 3.4296165E-01 -1.4646639E+00 5.0000000E-01
-3.8919111E-01 5.6024150E-01 -6.6736853E-01 3.3584359E-01 -1.4814661E+00 5.0000000E-01
-4.5518718E-01 6.2618752E-01 -7.3397316E-01 3.3647981E-01 -1.7046996E+00 4.9794496E-01
-5.2200159E-01 7.0801078E-01 -8.0126458E-01 4.0951163E-01 -1.9195870E+00 5.0000000E-01
-5.2646303E-01 7.0829053E-01 -7.9669573E-01 4.0876054E-01 -1.9268540E+00 4.9170155E-01
-5.4354876E-01 7.3470649E-01 -8.0788229E-01 4.6708904E-01 -1.9806780E+00 5.0000000E-01
