-1.1287671E+00 1.7581156E-01 -1.3042578E+00 -9.5398796E-01 -1.4712383E+00 -7.8430498E-01
-1.1252270E+00 1.4824879E-01 -1.2729563E+00 -9.7731421E-01 -1.4179948E+00 -8.4027203E-01
-1.1261230E+00 1.4204713E-01 -1.2674229E+00 -9.8367907E-01 -1.4090400E+00 -8.5627542E-01
-1.0928203E+00 1.2231191E-01 -1.2079326E+00 -9.6601971E-01 -1.3410606E+00 -8.6185529E-01
-9.9594612E-01 1.6046672E-01 -1.1436020E+00 -8.2847534E-01 -1.3227734E+00 -6.9191825E-01
-8.8625939E-01 1.8896140E-01 -1.0557824E+00 -6.8900859E-01 -1.2618785E+00 -5.1996886E-01
-8.4069675E-01 2.0139878E-01 -1.0185682E+00 -6.2530331E-01 -1.2413721E+00 -4.5485648E-01
-8.3561260E-01 1.9834764E-01 -1.0100883E+00 -6.2303665E-01 -1.2308844E+00 -4.5694857E-01
-8.3705061E-01 2.0320479E-01 -1.0159547E+00 -6.1472258E-01 -1.2409638E+00 -4.4916682E-01
-8.4031408E-01 2.1925844E-01 -1.0382995E+00 -6.0316581E-01 -1.2788565E+00 -4.2292304E-01
-8.9439743E-01 2.2805588E-01 -1.1077144E+00 -6.5914765E-01 -1.3583270E+00 -4.6083986E-01
-1.0333861E+00 3.2371152E-01 -1.3572922E+00 -7.1084881E-01 -1.6747114E+00 -4.1933123E-01
-1.1799506E+00 4.6980970E-01 -1.6143259E+00 -6.7479271E-01 -2.1412085E+00 -3.0333445E-01
-1.3263517E+00 6.6037731E-01 -1.9230133E+00 -5.6709952E-01 -2.6522522E+00 -1.2299943E-01
-1.3936752E+00 7.6866928E-01 -2.0958736E+00 -4.7586769E-01 -2.8948221E+00 -1.1929459E-02
-1.3954060E+00 7.7359395E-01 -2.1044299E+00 -4.6862456E-01 -2.9002136E+00 -1.2671291E-02
-1.4380143E+00 8.6000771E-01 -2.2578777E+00 -3.7429823E-01 -3.0558448E+00 7.7079396E-02
-1.4651549E+00 9.5071554E-01 -2.5285495E+00 -4.1416844E-01 -3.2116963E+00 2.3781166E-01
-1.4650996E+00 9.5063330E-01 -2.5259528E+00 -4.1382811E-01 -3.2139233E+00 2.3882164E-01
-1.4708963E+00 9.7837235E-01 -2.5579901E+00 -3.8779455E-01 -3.5000000E+00 5.0000000E-01
