-1.0505135E+00 1.6684072E-01 -1.2189913E+00 -8.8385518E-01 -1.3741763E+00 -7.2766755E-01
-1.0458828E+00 1.4032416E-01 -1.1855083E+00 -9.0550595E-01 -1.3209994E+00 -7.7396597E-01
-1.0502029E+00 1.3395160E-01 -1.1822207E+00 -9.1733505E-01 -1.3146020E+00 -7.8834154E-01
-1.0275107E+00 1.1211280E-01 -1.1368031E+00 -9.1600721E-01 -1.2525235E+00 -8.1202843E-01
-9.4333577E-01 1.4439500E-01 -1.0781456E+00 -7.9379316E-01 -1.2362063E+00 -6.6965357E-01
-8.3339072E-01 1.7051006E-01 -9.7961126E-01 -6.4881614E-01 -1.1722505E+00 -5.1223034E-01
-7.8418995E-01 1.8406316E-01 -9.3700223E-01 -5.8438900E-01 -1.1462838E+00 -4.3982542E-01
-7.7687965E-01 1.8326043E-01 -9.2380628E-01 -5.7806366E-01 -1.1426822E+00 -4.3764831E-01
-7.9840246E-01 1.9250832E-01 -9.5184479E-01 -5.9003530E-01 -1.1891979E+00 -4.4002786E-01
-8.1536288E-01 2.1064934E-01 -9.8917594E-01 -5.8968620E-01 -1.2403943E+00 -4.1708322E-01
-9.5546234E-01 2.2413543E-01 -1.1590837E+00 -7.2047099E-01 -1.4223529E+00 -5.3821999E-01
-1.2946112E+00 3.1605964E-01 -1.5936834E+00 -9.6729475E-01 -1.9298058E+00 -6.8987110E-01
-1.6351138E+00 4.4661204E-01 -2.0661847E+00 -1.1716295E+00 -2.5093340E+00 -7.6871094E-01
-1.9487995E+00 6.0491613E-01 -2.6264569E+00 -1.4040739E+00 -3.0930057E+00 -7.7738107E-01
-2.0759277E+00 6.8950605E-01 -2.8950290E+00 -1.5105070E+00 -3.3409471E+00 -7.3701983E-01
-2.0736313E+00 6.9077019E-01 -2.8996875E+00 -1.5150897E+00 -3.3310565E+00 -7.3106153E-01
-2.1331363E+00 7.5826814E-01 -3.1447887E+00 -1.6464689E+00 -3.3924789E+00 -6.7159659E-01
-2.1651862E+00 8.4032365E-01 -3.3566088E+00 -1.7252879E+00 -3.4939836E+00 -6.0850397E-01
-2.1632212E+00 8.4171297E-01 -3.3730205E+00 -1.7444022E+00 -3.4675066E+00 -5.9018846E-01
-2.1696929E+00 8.6954872E-01 -3.4611018E+00 -1.7716817E+00 -3.5000000E+00 -5.6513257E-01
