-1.4196231E+00 1.8277599E-01 -1.5996061E+00 -1.2399322E+00 -1.7808306E+00 -1.0603890E+00
-1.3875140E+00 1.5740321E-01 -1.5421655E+00 -1.2311920E+00 -1.7002510E+00 -1.0802107E+00
-1.3802527E+00 1.5114750E-01 -1.5270583E+00 -1.2294467E+00 -1.6837979E+00 -1.0887100E+00
-1.2694187E+00 1.3388745E-01 -1.3928271E+00 -1.1266611E+00 -1.5453201E+00 -1.0230044E+00
-1.0293706E+00 1.7054211E-01 -1.1834739E+00 -8.5125283E-01 -1.3664197E+00 -6.9656424E-01
-8.1779941E-01 1.9724928E-01 -9.8040866E-01 -6.0054951E-01 -1.2155385E+00 -4.4571645E-01
-7.4274648E-01 2.0535011E-01 -9.1089649E-01 -5.1712008E-01 -1.1653550E+00 -3.5941254E-01
-7.4144664E-01 2.0175843E-01 -9.0352469E-01 -5.1563918E-01 -1.1582773E+00 -3.6918110E-01
-7.4455042E-01 2.0635022E-01 -9.1687729E-01 -5.1558624E-01 -1.1873873E+00 -3.7587873E-01
-7.5442691E-01 2.2164291E-01 -9.5097057E-01 -5.1449700E-01 -1.2182845E+00 -3.4826193E-01
-8.1105058E-01 2.2508294E-01 -1.0235587E+00 -5.7543715E-01 -1.2657695E+00 -3.8592639E-01
-9.4865763E-01 3.1923616E-01 -1.2407825E+00 -6.1629423E-01 -1.6036349E+00 -3.5189260E-01
-1.0846852E+00 4.7130270E-01 -1.5092993E+00 -5.7800051E-01 -2.0721336E+00 -2.1478450E-01
-1.2089256E+00 6.6120297E-01 -1.8210924E+00 -4.7663292E-01 -2.5000200E+00 4.8842454E-02
-1.2617037E+00 7.6319686E-01 -1.9745439E+00 -3.9049357E-01 -2.7356804E+00 1.7425610E-01
-1.2621746E+00 7.6504463E-01 -1.9734330E+00 -3.8311708E-01 -2.7377895E+00 1.7215248E-01
-1.3015825E+00 8.5035073E-01 -2.0882482E+00 -2.6532015E-01 -2.8972263E+00 2.2814779E-01
-1.3292934E+00 9.4284639E-01 -2.2366247E+00 -1.7679617E-01 -3.0466890E+00 3.6214156E-01
-1.3298915E+00 9.4302163E-01 -2.2456455E+00 -1.8584300E-01 -3.0374256E+00 3.6550711E-01
-1.3360943E+00 9.7088916E-01 -2.2860433E+00 -1.6094038E-01 -3.5000000E+00 5.0000000E-01
