-1.1512845E+00 1.7413755E-01 -1.3221539E+00 -9.7733007E-01 -1.4931900E+00 -8.0675302E-01
-1.1331266E+00 1.4857055E-01 -1.2794239E+00 -9.8453842E-01 -1.4264956E+00 -8.4117874E-01
-1.1232277E+00 1.4316419E-01 -1.2652319E+00 -9.8088642E-01 -1.4094788E+00 -8.4732786E-01
-1.0798407E+00 1.2531502E-01 -1.2019794E+00 -9.5628856E-01 -1.3357826E+00 -8.4262153E-01
-1.0217833E+00 1.6448692E-01 -1.1684623E+00 -8.4734131E-01 -1.3630129E+00 -7.1668957E-01
-1.0058295E+00 1.9549262E-01 -1.1761352E+00 -7.9313377E-01 -1.4179158E+00 -6.5126663E-01
-1.0151049E+00 2.0681592E-01 -1.1923845E+00 -7.8337894E-01 -1.4520213E+00 -6.4704786E-01
-1.0244012E+00 2.0532305E-01 -1.2024716E+00 -7.9452121E-01 -1.4380672E+00 -6.4318421E-01
-1.0347387E+00 2.1311800E-01 -1.2271687E+00 -8.0158121E-01 -1.4572460E+00 -6.3439853E-01
-1.0384958E+00 2.3110112E-01 -1.2488953E+00 -7.8797620E-01 -1.5126042E+00 -6.1445343E-01
-1.0439820E+00 2.3433498E-01 -1.2638903E+00 -7.9798497E-01 -1.5229136E+00 -6.0509566E-01
-1.0519296E+00 3.2367779E-01 -1.3503321E+00 -7.1585552E-01 -1.7188225E+00 -4.3653831E-01
-1.0618983E+00 4.6941422E-01 -1.4704700E+00 -5.5184621E-01 -2.0646592E+00 -2.0860856E-01
-1.0839960E+00 6.5520074E-01 -1.6242547E+00 -3.1020950E-01 -2.4003226E+00 1.1231895E-01
-1.1051508E+00 7.5808978E-01 -1.7159110E+00 -1.6741275E-01 -2.5980221E+00 2.5688523E-01
-1.1083627E+00 7.6006090E-01 -1.7143557E+00 -1.6123459E-01 -2.6014541E+00 2.4985967E-01
-1.1404128E+00 8.4757556E-01 -1.7699787E+00 -8.9854322E-03 -2.7705766E+00 3.0347558E-01
-1.1672186E+00 9.4057265E-01 -1.8243330E+00 1.5851013E-01 -2.9252578E+00 4.3903386E-01
-1.1681232E+00 9.4074499E-01 -1.8056913E+00 1.7835135E-01 -2.9304188E+00 4.2429856E-01
-1.1740012E+00 9.6762220E-01 -1.8646009E+00 1.8376819E-01 -2.9363163E+00 5.0000000E-01
