-1.0356483E+00 1.7037918E-01 -1.2057237E+00 -8.6588092E-01 -1.3678794E+00 -7.0261841E-01
-1.0308186E+00 1.4349316E-01 -1.1732333E+00 -8.8900476E-01 -1.3145476E+00 -7.5257006E-01
-1.0273225E+00 1.3751712E-01 -1.1631084E+00 -8.9084111E-01 -1.3008054E+00 -7.6111701E-01
-1.0162450E+00 1.1801509E-01 -1.1319467E+00 -8.9910604E-01 -1.2545499E+00 -7.9129761E-01
-1.0083776E+00 1.5362686E-01 -1.1594214E+00 -8.5785997E-01 -1.3154170E+00 -7.0714735E-01
-1.0183418E+00 1.8232600E-01 -1.1768487E+00 -8.1820111E-01 -1.3834997E+00 -6.7409365E-01
-1.0301013E+00 1.9958840E-01 -1.1988336E+00 -8.1055997E-01 -1.4342832E+00 -6.5579429E-01
-1.0347730E+00 2.0073564E-01 -1.1993514E+00 -8.1064994E-01 -1.4436774E+00 -6.6217518E-01
-1.0499330E+00 2.1155584E-01 -1.2276155E+00 -8.1789484E-01 -1.4837736E+00 -6.5647879E-01
-1.0556512E+00 2.2896833E-01 -1.2521241E+00 -8.0661274E-01 -1.5412319E+00 -6.4212256E-01
-1.0938419E+00 2.3930412E-01 -1.3141279E+00 -8.4136438E-01 -1.5642682E+00 -6.3058154E-01
-1.1969020E+00 3.3149132E-01 -1.4990741E+00 -8.5215798E-01 -1.8878891E+00 -5.7911738E-01
-1.3152086E+00 4.6079135E-01 -1.7270994E+00 -8.2397837E-01 -2.2891490E+00 -4.6580853E-01
-1.4400383E+00 6.2653820E-01 -2.0286276E+00 -7.6073328E-01 -2.7054258E+00 -2.6714076E-01
-1.4995393E+00 7.2412443E-01 -2.2029636E+00 -7.0076187E-01 -2.9194607E+00 -1.4350783E-01
-1.5015848E+00 7.2855657E-01 -2.2145523E+00 -6.9826255E-01 -2.9288826E+00 -1.4091972E-01
-1.5318328E+00 8.1832924E-01 -2.3724411E+00 -6.1613921E-01 -3.0627738E+00 -1.4466293E-02
-1.5461911E+00 9.1754620E-01 -2.5016927E+00 -5.0221142E-01 -3.2729715E+00 1.0681317E-01
-1.5433447E+00 9.1874141E-01 -2.4967503E+00 -4.9387430E-01 -3.2824448E+00 9.5279397E-02
-1.5442849E+00 9.4744389E-01 -2.5892356E+00 -5.1593278E-01 -3.5000000E+00 5.0000000E-01
