-1.0733433E+00 1.7582179E-01 -1.2488854E+00 -8.9751593E-01 -1.4251612E+00 -7.3882186E-01
-1.0677360E+00 1.4873568E-01 -1.2145384E+00 -9.1976550E-01 -1.3698618E+00 -7.8635150E-01
-1.0637782E+00 1.4352369E-01 -1.2055554E+00 -9.2073536E-01 -1.3533187E+00 -7.9104852E-01
-1.0500462E+00 1.2286565E-01 -1.1694600E+00 -9.2831051E-01 -1.3020562E+00 -8.1817937E-01
-1.0389274E+00 1.5939895E-01 -1.1858152E+00 -8.7561008E-01 -1.3662917E+00 -7.3976077E-01
-1.0508724E+00 1.9162345E-01 -1.2216696E+00 -8.4479420E-01 -1.4314297E+00 -6.8588045E-01
-1.0652079E+00 2.0628287E-01 -1.2446746E+00 -8.4172317E-01 -1.4990271E+00 -6.8986590E-01
-1.0736925E+00 2.0533777E-01 -1.2530771E+00 -8.4962993E-01 -1.5043558E+00 -7.0039962E-01
-1.0862513E+00 2.1357952E-01 -1.2769172E+00 -8.5383158E-01 -1.5143730E+00 -6.8054695E-01
-1.0917546E+00 2.3038405E-01 -1.3029778E+00 -8.4623314E-01 -1.5717475E+00 -6.6498001E-01
-1.0945942E+00 2.3726053E-01 -1.3171461E+00 -8.4775597E-01 -1.5772117E+00 -6.4595818E-01
-1.0927912E+00 3.2562257E-01 -1.3921069E+00 -7.5768329E-01 -1.7671486E+00 -4.7881287E-01
-1.0926895E+00 4.5621826E-01 -1.4805415E+00 -6.0520766E-01 -2.0152092E+00 -2.1326115E-01
-1.1015526E+00 6.2489245E-01 -1.6081533E+00 -3.8720780E-01 -2.3534165E+00 6.2652258E-02
-1.1119986E+00 7.2178896E-01 -1.6937974E+00 -2.6001377E-01 -2.5475765E+00 2.1127437E-01
-1.1131127E+00 7.2496294E-01 -1.6936009E+00 -2.5346227E-01 -2.5571176E+00 2.1309025E-01
-1.1302505E+00 8.0874437E-01 -1.7352684E+00 -9.8851364E-02 -2.7301066E+00 3.0047270E-01
-1.1465166E+00 9.0119458E-01 -1.8207689E+00 4.3259208E-02 -2.8589870E+00 4.3788409E-01
-1.1476224E+00 9.0131791E-01 -1.8219450E+00 4.6024275E-02 -2.8593406E+00 4.1615688E-01
-1.1511109E+00 9.3004690E-01 -1.8676762E+00 7.3426337E-02 -2.8580188E+00 5.0000000E-01
