-1.0671898E+00 1.7221260E-01 -1.2369914E+00 -8.9548390E-01 -1.4094124E+00 -7.3473212E-01
-1.0744945E+00 1.4440855E-01 -1.2167470E+00 -9.3095333E-01 -1.3619821E+00 -7.9523647E-01
-1.0766530E+00 1.3909857E-01 -1.2138816E+00 -9.3719706E-01 -1.3546934E+00 -8.0992164E-01
-1.0974244E+00 1.2343352E-01 -1.2115355E+00 -9.6754817E-01 -1.3500819E+00 -8.6506778E-01
-1.1345151E+00 1.6305723E-01 -1.2860637E+00 -9.6712736E-01 -1.4687033E+00 -8.2236160E-01
-1.1544984E+00 1.9751109E-01 -1.3298949E+00 -9.4195209E-01 -1.5486396E+00 -7.7858936E-01
-1.1514388E+00 2.1475158E-01 -1.3433340E+00 -9.1702079E-01 -1.5745661E+00 -7.4705779E-01
-1.1439593E+00 2.1560534E-01 -1.3346279E+00 -9.0416170E-01 -1.5720783E+00 -7.4005096E-01
-1.1230723E+00 2.2245390E-01 -1.3220312E+00 -8.7463001E-01 -1.5789466E+00 -7.2251402E-01
-1.1094387E+00 2.3687415E-01 -1.3285337E+00 -8.4990152E-01 -1.5872315E+00 -6.7573430E-01
-1.0661337E+00 2.3579869E-01 -1.3005873E+00 -8.3162424E-01 -1.5443253E+00 -6.1675850E-01
-9.8928584E-01 3.1603442E-01 -1.2798598E+00 -6.6320905E-01 -1.6357137E+00 -3.8345049E-01
-9.4019601E-01 4.4495671E-01 -1.3398263E+00 -4.6523625E-01 -1.8398234E+00 -8.7006851E-02
-9.1747835E-01 6.0412433E-01 -1.4123596E+00 -2.0077695E-01 -2.1005897E+00 1.9738256E-01
-9.1798837E-01 6.9586558E-01 -1.4540105E+00 -5.1526084E-02 -2.2741536E+00 3.3041275E-01
-9.1936927E-01 6.9906558E-01 -1.4559830E+00 -4.6565787E-02 -2.2860259E+00 3.2976439E-01
-9.3560080E-01 7.8214086E-01 -1.4543127E+00 1.0690521E-01 -2.4618765E+00 3.8557713E-01
-9.5320158E-01 8.7482859E-01 -1.4505090E+00 2.8524150E-01 -2.5996452E+00 4.9459193E-01
-9.5330775E-01 8.7493757E-01 -1.4342702E+00 3.0250296E-01 -2.6176510E+00 4.6851637E-01
-9.5740828E-01 9.0338670E-01 -1.4806647E+00 3.1842803E-01 -2.6552853E+00 5.0000000E-01
