-8.9662533E-01 1.6837849E-01 -1.0622172E+00 -7.3053012E-01 -1.2340297E+00 -5.7045213E-01
-8.9874440E-01 1.4321931E-01 -1.0406615E+00 -7.5781052E-01 -1.1851305E+00 -6.2114749E-01
-8.9337221E-01 1.3756354E-01 -1.0298281E+00 -7.5732142E-01 -1.1660169E+00 -6.2694323E-01
-9.1952101E-01 1.2303800E-01 -1.0408944E+00 -7.9735632E-01 -1.1653905E+00 -6.8287420E-01
-1.0284767E+00 1.6611526E-01 -1.1932931E+00 -8.6394463E-01 -1.3617870E+00 -7.0910823E-01
-1.1809869E+00 1.9836764E-01 -1.3814426E+00 -9.8316333E-01 -1.5793794E+00 -8.0209225E-01
-1.2567174E+00 2.1362606E-01 -1.4719981E+00 -1.0448132E+00 -1.6849746E+00 -8.5280421E-01
-1.2700774E+00 2.1352086E-01 -1.4852555E+00 -1.0574349E+00 -1.7002534E+00 -8.6606023E-01
-1.2722034E+00 2.2212812E-01 -1.4916846E+00 -1.0499520E+00 -1.7155326E+00 -8.4760079E-01
-1.2617971E+00 2.3765107E-01 -1.4951500E+00 -1.0227689E+00 -1.7355083E+00 -8.0710955E-01
-1.1761748E+00 2.4226501E-01 -1.4129640E+00 -9.3197263E-01 -1.6597951E+00 -7.0926484E-01
-9.8052813E-01 3.1632212E-01 -1.2787496E+00 -6.5342267E-01 -1.6207778E+00 -3.8128724E-01
-8.0678497E-01 4.2890473E-01 -1.1700831E+00 -3.4902882E-01 -1.6584307E+00 1.5327468E-02
-6.7550423E-01 5.6801017E-01 -1.0742009E+00 -1.0932630E-02 -1.7828462E+00 3.4142912E-01
-6.4020745E-01 6.4501497E-01 -1.0535005E+00 1.4472669E-01 -1.8598510E+00 4.8046886E-01
-6.4614972E-01 6.4502713E-01 -1.0528998E+00 1.4561819E-01 -1.8870929E+00 4.5327752E-01
-6.6011325E-01 7.0796058E-01 -1.0259004E+00 2.5535813E-01 -2.0635194E+00 4.5748489E-01
-6.8225313E-01 7.8908945E-01 -1.0277258E+00 3.8570900E-01 -2.2160604E+00 5.0000000E-01
-6.8342776E-01 7.9066033E-01 -1.0117488E+00 3.9710603E-01 -2.2340757E+00 4.8412038E-01
-6.9039438E-01 8.1869468E-01 -1.0157059E+00 4.5689998E-01 -2.2793498E+00 5.0000000E-01
