-9.1126864E-01 1.7165909E-01 -1.0810144E+00 -7.3970944E-01 -1.2508594E+00 -5.7631002E-01
-9.2103666E-01 1.4529580E-01 -1.0656947E+00 -7.7564634E-01 -1.2073994E+00 -6.4008130E-01
-9.2416854E-01 1.3847467E-01 -1.0618440E+00 -7.8607772E-01 -1.1955695E+00 -6.5568706E-01
-9.5770286E-01 1.1847147E-01 -1.0738733E+00 -8.4014837E-01 -1.1921120E+00 -7.2919386E-01
-1.0324019E+00 1.5651194E-01 -1.1856503E+00 -8.7809738E-01 -1.3522694E+00 -7.3548073E-01
-1.1078123E+00 1.9112789E-01 -1.2794185E+00 -9.0156258E-01 -1.4882981E+00 -7.4335213E-01
-1.1409820E+00 2.0828996E-01 -1.3256293E+00 -9.1574843E-01 -1.5740874E+00 -7.5963184E-01
-1.1491481E+00 2.0917316E-01 -1.3349305E+00 -9.2264934E-01 -1.5697772E+00 -7.5306147E-01
-1.1649682E+00 2.1584115E-01 -1.3563151E+00 -9.2809723E-01 -1.5921732E+00 -7.5505362E-01
-1.1711447E+00 2.3011963E-01 -1.3838395E+00 -9.2540871E-01 -1.6432487E+00 -7.4746281E-01
-1.1762796E+00 2.2958201E-01 -1.4032123E+00 -9.4877378E-01 -1.6383408E+00 -7.4320099E-01
-1.1726306E+00 3.2503227E-01 -1.4738614E+00 -8.3132855E-01 -1.8358206E+00 -5.6897818E-01
-1.1644171E+00 4.7687127E-01 -1.5869737E+00 -6.4922380E-01 -2.1626802E+00 -2.8144988E-01
-1.1616446E+00 6.6019141E-01 -1.7441086E+00 -4.1637818E-01 -2.4783510E+00 8.0244218E-02
-1.1652077E+00 7.5770855E-01 -1.8254623E+00 -2.7131369E-01 -2.6452479E+00 2.4179182E-01
-1.1656729E+00 7.5812905E-01 -1.8224896E+00 -2.6593332E-01 -2.6463149E+00 2.3301274E-01
-1.1768682E+00 8.4056722E-01 -1.8280607E+00 -6.5237271E-02 -2.7856909E+00 2.8526790E-01
-1.1904163E+00 9.3189410E-01 -1.8883649E+00 9.8293787E-02 -2.9132008E+00 4.2315341E-01
-1.1925103E+00 9.3312695E-01 -1.8932259E+00 9.5796937E-02 -2.9164797E+00 4.1382918E-01
-1.1937400E+00 9.6179656E-01 -1.9414451E+00 1.1717792E-01 -2.9131688E+00 5.0000000E-01
