-1.0426427E+00 1.7415310E-01 -1.2143168E+00 -8.6958166E-01 -1.3852774E+00 -7.0048197E-01
-1.0391671E+00 1.5010590E-01 -1.1872874E+00 -8.9055079E-01 -1.3367619E+00 -7.4555487E-01
-1.0325862E+00 1.4422677E-01 -1.1728612E+00 -8.9050175E-01 -1.3207937E+00 -7.4860503E-01
-1.0512412E+00 1.2771297E-01 -1.1778296E+00 -9.2470680E-01 -1.3075185E+00 -8.0731092E-01
-1.1273062E+00 1.6637557E-01 -1.2829144E+00 -9.4971728E-01 -1.4629871E+00 -8.1836417E-01
-1.2218021E+00 1.9819771E-01 -1.4075420E+00 -1.0097732E+00 -1.6255192E+00 -8.5533026E-01
-1.2583293E+00 2.1476898E-01 -1.4667274E+00 -1.0333084E+00 -1.6865039E+00 -8.5722099E-01
-1.2572520E+00 2.1516385E-01 -1.4740170E+00 -1.0401060E+00 -1.6894890E+00 -8.5514504E-01
-1.2275626E+00 2.2124156E-01 -1.4487221E+00 -1.0041426E+00 -1.6747394E+00 -8.1472352E-01
-1.2027696E+00 2.3414452E-01 -1.4368990E+00 -9.6764795E-01 -1.6769276E+00 -7.5783984E-01
-1.0855169E+00 2.4155981E-01 -1.3157261E+00 -8.3270201E-01 -1.5678802E+00 -6.2366396E-01
-8.4790062E-01 3.1366631E-01 -1.1569534E+00 -5.3781494E-01 -1.4789171E+00 -2.4037885E-01
-6.6165598E-01 4.0189242E-01 -1.0269480E+00 -2.4046189E-01 -1.5080163E+00 8.7842953E-02
-5.4428306E-01 5.1533569E-01 -9.4811226E-01 5.8032369E-02 -1.5409517E+00 3.9569972E-01
-5.2588371E-01 5.8610979E-01 -9.1544839E-01 2.0616798E-01 -1.6189284E+00 5.0000000E-01
-5.3311256E-01 5.8704701E-01 -9.1153779E-01 2.0612658E-01 -1.6513326E+00 4.7473068E-01
-5.7510974E-01 6.5591006E-01 -9.1405137E-01 2.8675953E-01 -1.8470262E+00 4.5655262E-01
-6.2239192E-01 7.4343658E-01 -9.5783810E-01 4.0533531E-01 -2.0207001E+00 5.0000000E-01
-6.2698826E-01 7.4361970E-01 -9.5259706E-01 4.0609647E-01 -2.0411241E+00 4.8080630E-01
-6.4147980E-01 7.7254101E-01 -9.5326388E-01 4.7458894E-01 -2.0910945E+00 5.0000000E-01
