-1.1137053E+00 1.6877772E-01 -1.2823308E+00 -9.4547569E-01 -1.4496613E+00 -7.8763122E-01
-1.0969069E+00 1.4376685E-01 -1.2317869E+00 -9.4629905E-01 -1.3854044E+00 -8.2623280E-01
-1.0858197E+00 1.3865448E-01 -1.2144129E+00 -9.3910345E-01 -1.3660010E+00 -8.2483134E-01
-1.0431604E+00 1.2384334E-01 -1.1578238E+00 -9.1518698E-01 -1.2989406E+00 -8.0972248E-01
-9.9149715E-01 1.6846292E-01 -1.1415706E+00 -8.0928387E-01 -1.3360662E+00 -6.8150162E-01
-9.9187595E-01 2.0088924E-01 -1.1642149E+00 -7.7471323E-01 -1.4186509E+00 -6.2578971E-01
-1.0144214E+00 2.1296747E-01 -1.1941355E+00 -7.8069170E-01 -1.4499826E+00 -6.1673463E-01
-1.0325683E+00 2.1025370E-01 -1.2084675E+00 -7.9745528E-01 -1.4575304E+00 -6.4182604E-01
-1.0570897E+00 2.1518780E-01 -1.2542017E+00 -8.2553619E-01 -1.5013359E+00 -6.6291534E-01
-1.0691078E+00 2.2926207E-01 -1.2864482E+00 -8.2655842E-01 -1.5323901E+00 -6.3883219E-01
-1.0762192E+00 2.3150393E-01 -1.3054538E+00 -8.4862891E-01 -1.5331858E+00 -6.2985175E-01
-1.0593511E+00 3.1756911E-01 -1.3465976E+00 -7.2673552E-01 -1.7099381E+00 -4.6451672E-01
-1.0238881E+00 4.5282573E-01 -1.4088595E+00 -5.3421688E-01 -1.9271134E+00 -1.5517322E-01
-9.8789799E-01 6.1898264E-01 -1.4799824E+00 -2.7790796E-01 -2.2267438E+00 1.5435848E-01
-9.7806454E-01 7.0906464E-01 -1.5233293E+00 -1.3298751E-01 -2.3857220E+00 3.0964099E-01
-9.7977262E-01 7.1091231E-01 -1.5270227E+00 -1.3096018E-01 -2.3856509E+00 3.1046386E-01
-9.8494573E-01 7.8364132E-01 -1.5254435E+00 2.6594811E-02 -2.5213382E+00 3.6574583E-01
-9.9429610E-01 8.6797149E-01 -1.5428066E+00 1.9775453E-01 -2.6400382E+00 4.7291723E-01
-9.9576042E-01 8.6941687E-01 -1.5335683E+00 2.0769468E-01 -2.6595699E+00 4.4669865E-01
-9.9979224E-01 8.9745762E-01 -1.5801190E+00 2.2979379E-01 -2.6785389E+00 5.0000000E-01
