-8.6937301E-01 1.7115779E-01 -1.0403523E+00 -6.9892088E-01 -1.2043733E+00 -5.3621730E-01
-8.7782790E-01 1.4265874E-01 -1.0194175E+00 -7.3593179E-01 -1.1615985E+00 -6.0394960E-01
-8.7636928E-01 1.3601292E-01 -1.0120408E+00 -7.4050522E-01 -1.1479117E+00 -6.1666922E-01
-9.1108884E-01 1.1426130E-01 -1.0158522E+00 -7.9092397E-01 -1.1456545E+00 -6.9493002E-01
-1.0145820E+00 1.5673753E-01 -1.1695404E+00 -8.5865278E-01 -1.3340200E+00 -7.1691922E-01
-1.1405392E+00 1.9035925E-01 -1.3148233E+00 -9.4107250E-01 -1.5359267E+00 -7.8382270E-01
-1.2011513E+00 2.0581685E-01 -1.3803367E+00 -9.7587061E-01 -1.6341372E+00 -8.2938394E-01
-1.2106720E+00 2.0591370E-01 -1.3880974E+00 -9.8126117E-01 -1.6454743E+00 -8.4052881E-01
-1.2269888E+00 2.1639306E-01 -1.4200653E+00 -9.9073301E-01 -1.6754931E+00 -8.3196300E-01
-1.2285896E+00 2.3270688E-01 -1.4429902E+00 -9.7967646E-01 -1.7048609E+00 -7.9312750E-01
-1.2172353E+00 2.3978330E-01 -1.4410770E+00 -9.6717279E-01 -1.7053914E+00 -7.6119751E-01
-1.1874191E+00 3.1816817E-01 -1.4764224E+00 -8.5009031E-01 -1.8359963E+00 -5.9117820E-01
-1.1707231E+00 4.3636090E-01 -1.5531991E+00 -6.9937601E-01 -2.0408264E+00 -3.4380529E-01
-1.1785683E+00 6.0069292E-01 -1.7009643E+00 -5.0104881E-01 -2.3621494E+00 -5.7669027E-02
-1.1959463E+00 7.0045621E-01 -1.8106291E+00 -3.7403994E-01 -2.5599542E+00 9.3959548E-02
-1.1989943E+00 7.0542677E-01 -1.8174487E+00 -3.6859943E-01 -2.5692040E+00 9.8226086E-02
-1.2278175E+00 7.9593574E-01 -1.9334752E+00 -2.4861337E-01 -2.7349840E+00 1.9356396E-01
-1.2528822E+00 8.9585399E-01 -2.0831267E+00 -1.4306598E-01 -2.8871478E+00 3.6521815E-01
-1.2532893E+00 8.9698725E-01 -2.0874381E+00 -1.4583757E-01 -2.8732565E+00 3.6706545E-01
-1.2596412E+00 9.2843025E-01 -2.1345771E+00 -1.2293958E-01 -2.9000763E+00 4.6197950E-01
