-1.0016868E+00 1.7590213E-01 -1.1686335E+00 -8.1927376E-01 -1.3549873E+00 -6.6499655E-01
-1.0000766E+00 1.4828001E-01 -1.1386358E+00 -8.4580235E-01 -1.2996658E+00 -7.1525104E-01
-9.9584609E-01 1.4042407E-01 -1.1287441E+00 -8.5162820E-01 -1.2795452E+00 -7.2631979E-01
-9.9985647E-01 1.2074601E-01 -1.1124458E+00 -8.7370960E-01 -1.2466601E+00 -7.7154639E-01
-1.0297226E+00 1.6331258E-01 -1.1919200E+00 -8.6663662E-01 -1.3542903E+00 -7.1800965E-01
-1.0741112E+00 2.0056928E-01 -1.2619730E+00 -8.6350084E-01 -1.4836227E+00 -6.9938991E-01
-1.0968094E+00 2.1727076E-01 -1.2919194E+00 -8.6457200E-01 -1.5284494E+00 -6.7806785E-01
-1.1023335E+00 2.1654377E-01 -1.2925462E+00 -8.6647478E-01 -1.5344513E+00 -6.9103673E-01
-1.1025786E+00 2.2070192E-01 -1.2953537E+00 -8.5948990E-01 -1.5390492E+00 -6.8370322E-01
-1.1011673E+00 2.3438536E-01 -1.3154378E+00 -8.5076063E-01 -1.5833587E+00 -6.6730312E-01
-1.0720085E+00 2.3540879E-01 -1.3017954E+00 -8.3869391E-01 -1.5464837E+00 -6.2039619E-01
-1.0055598E+00 3.2025462E-01 -1.3070751E+00 -6.7263614E-01 -1.6458606E+00 -4.0043257E-01
-9.5284139E-01 4.4467757E-01 -1.3585720E+00 -4.7767240E-01 -1.8579055E+00 -1.3236440E-01
-9.2461705E-01 5.9480927E-01 -1.4390482E+00 -2.4431768E-01 -2.0810663E+00 1.8265151E-01
-9.2654077E-01 6.7997425E-01 -1.4867241E+00 -1.0680822E-01 -2.2445197E+00 3.1010825E-01
-9.2915911E-01 6.8165330E-01 -1.4885259E+00 -1.0424805E-01 -2.2542493E+00 3.0745922E-01
-9.5067612E-01 7.5918334E-01 -1.4784666E+00 6.3910915E-02 -2.4146388E+00 3.3867660E-01
-9.7327577E-01 8.5300623E-01 -1.5050118E+00 2.3534900E-01 -2.5642488E+00 4.5550785E-01
-9.7702277E-01 8.5591816E-01 -1.4929032E+00 2.5529075E-01 -2.5750285E+00 4.4114347E-01
-9.8452978E-01 8.8710944E-01 -1.5735348E+00 2.5000477E-01 -2.6012359E+00 5.0000000E-01
