-1.0790916E+00 1.7650940E-01 -1.2402795E+00 -8.9000265E-01 -1.4376843E+00 -7.4786654E-01
-1.0967552E+00 1.5222794E-01 -1.2390485E+00 -9.3781425E-01 -1.4086550E+00 -8.1130314E-01
-1.1062675E+00 1.4665721E-01 -1.2447948E+00 -9.5446744E-01 -1.4045412E+00 -8.2740036E-01
-1.1457219E+00 1.2667293E-01 -1.2684064E+00 -1.0213365E+00 -1.4048478E+00 -9.0282113E-01
-1.1882260E+00 1.6835503E-01 -1.3445297E+00 -1.0134086E+00 -1.5352352E+00 -8.6981573E-01
-1.1703169E+00 2.0597092E-01 -1.3513388E+00 -9.4378513E-01 -1.5986536E+00 -7.9854769E-01
-1.1308325E+00 2.1991979E-01 -1.3137145E+00 -8.7845960E-01 -1.5740900E+00 -7.2708183E-01
-1.1054659E+00 2.1860008E-01 -1.2883302E+00 -8.5578338E-01 -1.5672017E+00 -7.1853407E-01
-1.0539611E+00 2.2638733E-01 -1.2576431E+00 -8.0684439E-01 -1.5247254E+00 -6.3926838E-01
-1.0255676E+00 2.4369033E-01 -1.2534496E+00 -7.6641799E-01 -1.5245630E+00 -5.7364094E-01
-9.5880835E-01 2.4450540E-01 -1.2014869E+00 -7.1203064E-01 -1.4502643E+00 -4.9580965E-01
-8.6305555E-01 3.1064372E-01 -1.1651035E+00 -5.5594093E-01 -1.4889938E+00 -2.5677253E-01
-8.3079941E-01 4.2765280E-01 -1.2312735E+00 -3.8127904E-01 -1.7107013E+00 -3.6372627E-02
-8.6396382E-01 5.9257171E-01 -1.3892502E+00 -1.7632212E-01 -2.0029852E+00 2.4093314E-01
-9.1131339E-01 6.9134234E-01 -1.4785792E+00 -4.9886680E-02 -2.2246501E+00 3.4921715E-01
-9.2095015E-01 6.9377572E-01 -1.4866525E+00 -5.2050693E-02 -2.2413650E+00 3.3714400E-01
-9.9299015E-01 7.8486244E-01 -1.5894523E+00 4.3859706E-02 -2.4816338E+00 3.7410970E-01
-1.0550730E+00 8.8282356E-01 -1.7032308E+00 1.5326318E-01 -2.6726985E+00 4.7251179E-01
-1.0566771E+00 8.8317060E-01 -1.7036401E+00 1.5485296E-01 -2.6834909E+00 4.4969054E-01
-1.0719195E+00 9.1074280E-01 -1.7544629E+00 1.6581297E-01 -2.7106561E+00 5.0000000E-01
