-1.1269909E+00 1.6861169E-01 -1.2952139E+00 -9.5856646E-01 -1.4594538E+00 -8.0074894E-01
-1.0953064E+00 1.4075633E-01 -1.2373590E+00 -9.5449284E-01 -1.3725569E+00 -8.2529819E-01
-1.0818045E+00 1.3460958E-01 -1.2186758E+00 -9.4671305E-01 -1.3454080E+00 -8.2269738E-01
-9.8265113E-01 1.1455008E-01 -1.0976949E+00 -8.6558286E-01 -1.2098388E+00 -7.6598942E-01
-8.1602187E-01 1.4633227E-01 -9.5403570E-01 -6.6082912E-01 -1.1105666E+00 -5.4153175E-01
-7.3426298E-01 1.6008533E-01 -8.7951147E-01 -5.6454306E-01 -1.0643890E+00 -4.3907958E-01
-7.4547384E-01 1.6857312E-01 -8.9440851E-01 -5.6371308E-01 -1.0804726E+00 -4.2450646E-01
-7.7243354E-01 1.6727494E-01 -9.1613649E-01 -5.8966636E-01 -1.1103189E+00 -4.5596399E-01
-8.4261872E-01 1.7571804E-01 -9.9390390E-01 -6.5305301E-01 -1.2144539E+00 -5.2231413E-01
-8.7818892E-01 1.9323142E-01 -1.0485152E+00 -6.7261017E-01 -1.2852914E+00 -5.2122539E-01
-1.0532744E+00 2.1756056E-01 -1.2551862E+00 -8.2466988E-01 -1.4990252E+00 -6.4132300E-01
-1.4349496E+00 3.2613240E-01 -1.7585954E+00 -1.1136021E+00 -2.0904286E+00 -8.0027476E-01
-1.7875059E+00 4.3860475E-01 -2.2168918E+00 -1.3373961E+00 -2.6459246E+00 -9.2592375E-01
-2.0894925E+00 5.6157820E-01 -2.6692090E+00 -1.5229802E+00 -3.1734333E+00 -1.0179943E+00
-2.2033433E+00 6.3401748E-01 -2.9508375E+00 -1.6645006E+00 -3.3852711E+00 -9.9566061E-01
-2.2000011E+00 6.3450707E-01 -2.9566959E+00 -1.6732509E+00 -3.3686213E+00 -9.8413420E-01
-2.2421402E+00 7.0773755E-01 -3.1835564E+00 -1.8012683E+00 -3.4141136E+00 -8.7161549E-01
-2.2563682E+00 8.0039918E-01 -3.3689653E+00 -1.8547253E+00 -3.5000000E+00 -7.4710881E-01
-2.2512697E+00 8.0364767E-01 -3.3815574E+00 -1.8681539E+00 -3.4771552E+00 -7.2022380E-01
-2.2519993E+00 8.3359920E-01 -3.4575103E+00 -1.8826205E+00 -3.5000000E+00 -6.7895295E-01
