-1.1069220E+00 1.7198155E-01 -1.2783931E+00 -9.3743276E-01 -1.4464372E+00 -7.6994970E-01
-1.0931051E+00 1.4670193E-01 -1.2377898E+00 -9.4896644E-01 -1.3862225E+00 -8.0828840E-01
-1.0884745E+00 1.4170857E-01 -1.2228952E+00 -9.4342683E-01 -1.3745213E+00 -8.1766938E-01
-1.0349567E+00 1.2373231E-01 -1.1493938E+00 -9.0694363E-01 -1.2898339E+00 -8.0029644E-01
-9.3425239E-01 1.5861282E-01 -1.0819477E+00 -7.6711474E-01 -1.2568104E+00 -6.3733578E-01
-8.7336415E-01 1.8465659E-01 -1.0317904E+00 -6.7220257E-01 -1.2464852E+00 -5.2158201E-01
-8.7198152E-01 1.9755078E-01 -1.0401686E+00 -6.5446563E-01 -1.2675624E+00 -5.0123643E-01
-8.8740360E-01 1.9644819E-01 -1.0563657E+00 -6.7094717E-01 -1.2767176E+00 -5.1847628E-01
-9.1766044E-01 2.0145917E-01 -1.0978135E+00 -6.9813558E-01 -1.3117826E+00 -5.3275359E-01
-9.3424747E-01 2.1444642E-01 -1.1319611E+00 -7.0497265E-01 -1.3694042E+00 -5.3380581E-01
-9.9464340E-01 2.1513003E-01 -1.2091723E+00 -7.8246517E-01 -1.4263456E+00 -5.8462669E-01
-1.1193440E+00 3.0889755E-01 -1.4022802E+00 -7.9696954E-01 -1.7585226E+00 -5.3550017E-01
-1.2326410E+00 4.5862711E-01 -1.6527136E+00 -7.4411689E-01 -2.1802102E+00 -3.7659783E-01
-1.3374734E+00 6.4257223E-01 -1.9374333E+00 -6.2817193E-01 -2.6383064E+00 -1.5084909E-01
-1.3848162E+00 7.4422367E-01 -2.0922105E+00 -5.3842797E-01 -2.8626965E+00 -4.2529288E-02
-1.3853719E+00 7.4887308E-01 -2.0993260E+00 -5.3021688E-01 -2.8696082E+00 -4.2986127E-02
-1.4140487E+00 8.3424519E-01 -2.1997430E+00 -4.0123585E-01 -2.9841019E+00 7.1948000E-02
-1.4339502E+00 9.2610311E-01 -2.3672778E+00 -3.3949908E-01 -3.1519726E+00 2.2221689E-01
-1.4356682E+00 9.2857614E-01 -2.3794952E+00 -3.4645446E-01 -3.2009832E+00 2.0352278E-01
-1.4412740E+00 9.5796027E-01 -2.4267885E+00 -3.2779088E-01 -3.5000000E+00 5.0000000E-01
