-9.6584007E-01 1.7731241E-01 -1.1434146E+00 -7.8777362E-01 -1.3120161E+00 -6.2274901E-01
-9.5622147E-01 1.5125213E-01 -1.1087896E+00 -8.0494376E-01 -1.2527307E+00 -6.6258750E-01
-9.4722600E-01 1.4599300E-01 -1.0934773E+00 -8.0143105E-01 -1.2356739E+00 -6.6542400E-01
-9.3891154E-01 1.2415296E-01 -1.0542033E+00 -8.0953937E-01 -1.1927392E+00 -7.0427069E-01
-9.7724557E-01 1.6496943E-01 -1.1259268E+00 -8.0347966E-01 -1.3163413E+00 -6.6947111E-01
-1.0756837E+00 2.0107241E-01 -1.2514129E+00 -8.5633704E-01 -1.4778635E+00 -6.9561358E-01
-1.1413417E+00 2.1671419E-01 -1.3304652E+00 -9.0334418E-01 -1.5733963E+00 -7.3280782E-01
-1.1658186E+00 2.1630397E-01 -1.3557662E+00 -9.2819871E-01 -1.5949376E+00 -7.5611203E-01
-1.1959787E+00 2.2150269E-01 -1.3950035E+00 -9.5917282E-01 -1.6561861E+00 -7.8985666E-01
-1.2055961E+00 2.3536859E-01 -1.4198289E+00 -9.5545339E-01 -1.6878839E+00 -7.7096218E-01
-1.1861796E+00 2.3959966E-01 -1.4205154E+00 -9.4831172E-01 -1.6697828E+00 -7.3003380E-01
-1.1107123E+00 3.3303125E-01 -1.4304538E+00 -7.8311972E-01 -1.7904582E+00 -4.7924216E-01
-1.0229640E+00 4.6924283E-01 -1.4250390E+00 -5.1904235E-01 -1.9545176E+00 -1.2917995E-01
-9.4388181E-01 6.2878172E-01 -1.4370727E+00 -2.1056611E-01 -2.1946232E+00 2.0858527E-01
-9.1749301E-01 7.1391574E-01 -1.4406608E+00 -4.4979780E-02 -2.3286686E+00 3.5975183E-01
-9.1979004E-01 7.1517820E-01 -1.4336416E+00 -4.0269693E-02 -2.3321439E+00 3.5175125E-01
-9.2265780E-01 7.8403941E-01 -1.3857107E+00 1.2773162E-01 -2.4820555E+00 3.7279668E-01
-9.3304834E-01 8.6336396E-01 -1.4021864E+00 2.8041156E-01 -2.6031845E+00 4.6347152E-01
-9.3416365E-01 8.6345265E-01 -1.3922708E+00 2.9391620E-01 -2.6038788E+00 4.5280533E-01
-9.3587192E-01 8.9137887E-01 -1.4586582E+00 3.0191988E-01 -2.6209573E+00 5.0000000E-01
