-1.2416837E+00 1.7429785E-01 -1.4115189E+00 -1.0695050E+00 -1.5936021E+00 -9.0643309E-01
-1.2366545E+00 1.4974778E-01 -1.3813803E+00 -1.0886930E+00 -1.5396173E+00 -9.4665955E-01
-1.2364193E+00 1.4281430E-01 -1.3758217E+00 -1.0952452E+00 -1.5250030E+00 -9.5825601E-01
-1.2149494E+00 1.2429574E-01 -1.3373503E+00 -1.0913899E+00 -1.4642949E+00 -9.7748954E-01
-1.1575741E+00 1.6371573E-01 -1.3111446E+00 -9.9209017E-01 -1.4929830E+00 -8.4349074E-01
-1.0894600E+00 1.9646045E-01 -1.2604085E+00 -8.7793496E-01 -1.4837457E+00 -7.1504634E-01
-1.0570568E+00 2.1242288E-01 -1.2418119E+00 -8.2684827E-01 -1.4821368E+00 -6.5680083E-01
-1.0507505E+00 2.1215047E-01 -1.2342987E+00 -8.1897274E-01 -1.4724536E+00 -6.5363297E-01
-1.0400857E+00 2.1655034E-01 -1.2349083E+00 -8.0603972E-01 -1.4681408E+00 -6.2840296E-01
-1.0370387E+00 2.3014964E-01 -1.2499522E+00 -7.8939844E-01 -1.5110859E+00 -6.1622989E-01
-1.0414308E+00 2.3317298E-01 -1.2719557E+00 -8.0945859E-01 -1.5160345E+00 -6.0584448E-01
-1.0692540E+00 3.2351987E-01 -1.3703538E+00 -7.3249349E-01 -1.7326732E+00 -4.7089520E-01
-1.1113083E+00 4.6065979E-01 -1.5323219E+00 -6.1527492E-01 -2.0194576E+00 -2.2699543E-01
-1.1593357E+00 6.3333265E-01 -1.7638697E+00 -4.6698707E-01 -2.3845638E+00 4.7482580E-02
-1.1832912E+00 7.2887965E-01 -1.8634063E+00 -3.4749926E-01 -2.5856080E+00 1.8783607E-01
-1.1840549E+00 7.3058133E-01 -1.8625040E+00 -3.4168937E-01 -2.5924224E+00 1.8693591E-01
-1.2115606E+00 8.1522304E-01 -1.9576887E+00 -2.2646871E-01 -2.7475148E+00 2.7796753E-01
-1.2325929E+00 9.1289495E-01 -2.0743207E+00 -1.0446546E-01 -2.8778643E+00 4.2872123E-01
-1.2316201E+00 9.1398100E-01 -2.0722558E+00 -1.0003363E-01 -2.8757916E+00 4.1418789E-01
-1.2362606E+00 9.4464768E-01 -2.1030537E+00 -6.0709209E-02 -2.8878414E+00 5.0000000E-01
