-1.2917404E+00 1.7097323E-01 -1.4537710E+00 -1.1154645E+00 -1.6407108E+00 -9.6655925E-01
-1.2683917E+00 1.4523325E-01 -1.4067387E+00 -1.1180364E+00 -1.5614046E+00 -9.9135242E-01
-1.2650684E+00 1.3910432E-01 -1.4036117E+00 -1.1268525E+00 -1.5445587E+00 -1.0002219E+00
-1.1778868E+00 1.1997422E-01 -1.2948080E+00 -1.0604480E+00 -1.4245405E+00 -9.4781671E-01
-9.7727422E-01 1.5139155E-01 -1.1143108E+00 -8.2049076E-01 -1.2913560E+00 -6.9135718E-01
-8.0009911E-01 1.7268353E-01 -9.5227241E-01 -6.1911957E-01 -1.1473450E+00 -4.6585077E-01
-7.4887695E-01 1.8215695E-01 -9.0157955E-01 -5.5197145E-01 -1.1195701E+00 -4.0432750E-01
-7.6054767E-01 1.8025253E-01 -9.0872024E-01 -5.6418926E-01 -1.1263463E+00 -4.2017707E-01
-8.0566122E-01 1.8817378E-01 -9.6036246E-01 -5.9816240E-01 -1.1862244E+00 -4.5157125E-01
-8.3744339E-01 2.0547721E-01 -1.0121227E+00 -6.1229365E-01 -1.2515493E+00 -4.5048980E-01
-9.9012423E-01 2.1863398E-01 -1.1928557E+00 -7.6237762E-01 -1.4342382E+00 -5.7615396E-01
-1.3157601E+00 3.2065204E-01 -1.6276914E+00 -9.9677034E-01 -1.9520033E+00 -6.8552575E-01
-1.6060124E+00 4.6012573E-01 -2.0825912E+00 -1.1668554E+00 -2.4825733E+00 -6.7504492E-01
-1.8454098E+00 6.2893636E-01 -2.5446428E+00 -1.2673061E+00 -3.0345665E+00 -6.1810268E-01
-1.9295804E+00 7.2044217E-01 -2.7835001E+00 -1.3026512E+00 -3.2588635E+00 -5.4661060E-01
-1.9235079E+00 7.2121421E-01 -2.7843015E+00 -1.2997378E+00 -3.2509377E+00 -5.4745011E-01
-1.9536004E+00 7.9846818E-01 -3.0095482E+00 -1.3484154E+00 -3.3350678E+00 -4.4891813E-01
-1.9675569E+00 8.8939438E-01 -3.2392552E+00 -1.3854756E+00 -3.4683016E+00 -3.4288770E-01
-1.9670370E+00 8.9148558E-01 -3.2569563E+00 -1.3993053E+00 -3.4530589E+00 -3.3065694E-01
-1.9681319E+00 9.2152616E-01 -3.2759724E+00 -1.3530930E+00 -3.5000000E+00 -3.0593467E-01
