-1.1967238E+00 1.7011823E-01 -1.3683459E+00 -1.0278122E+00 -1.5318968E+00 -8.6556848E-01
-1.1709347E+00 1.4352776E-01 -1.3147931E+00 -1.0285099E+00 -1.4564604E+00 -8.9543600E-01
-1.1623445E+00 1.3652227E-01 -1.2922656E+00 -1.0209984E+00 -1.4370306E+00 -9.0147887E-01
-1.0786858E+00 1.1526975E-01 -1.1884904E+00 -9.5919144E-01 -1.3104815E+00 -8.6118135E-01
-9.2685175E-01 1.5006104E-01 -1.0747756E+00 -7.7943648E-01 -1.2305625E+00 -6.3793206E-01
-8.3503256E-01 1.7482417E-01 -9.9178276E-01 -6.5034510E-01 -1.1982916E+00 -5.0904815E-01
-8.2957006E-01 1.8508508E-01 -9.8671103E-01 -6.2871993E-01 -1.2068982E+00 -4.7660364E-01
-8.4986366E-01 1.8266380E-01 -1.0003685E+00 -6.4701729E-01 -1.2227756E+00 -5.0713777E-01
-8.9075798E-01 1.9079930E-01 -1.0542151E+00 -6.8069959E-01 -1.2779841E+00 -5.3221374E-01
-9.1105398E-01 2.0990890E-01 -1.0937148E+00 -6.8293957E-01 -1.3504712E+00 -5.2454641E-01
-1.0067889E+00 2.2455077E-01 -1.2175607E+00 -7.7358956E-01 -1.4660861E+00 -5.8260037E-01
-1.2184096E+00 3.1717545E-01 -1.5148194E+00 -8.9010847E-01 -1.8674185E+00 -6.1646464E-01
-1.4246711E+00 4.4632546E-01 -1.8622447E+00 -9.8406364E-01 -2.3253829E+00 -5.5820433E-01
-1.6211923E+00 6.1828622E-01 -2.2736290E+00 -1.0240345E+00 -2.8027113E+00 -3.8799071E-01
-1.7060494E+00 7.1862388E-01 -2.4998813E+00 -1.0194245E+00 -3.0756696E+00 -3.0865269E-01
-1.7076187E+00 7.2065227E-01 -2.5122007E+00 -1.0242450E+00 -3.0735963E+00 -3.0704464E-01
-1.7557345E+00 8.0168456E-01 -2.7226495E+00 -1.0223696E+00 -3.2251426E+00 -2.4661448E-01
-1.7813879E+00 8.9211607E-01 -2.8783238E+00 -9.5804124E-01 -3.4220066E+00 -1.7378735E-01
-1.7776564E+00 8.9374705E-01 -2.8754719E+00 -9.5171288E-01 -3.4089606E+00 -1.7309108E-01
-1.7805988E+00 9.2346341E-01 -2.9063388E+00 -9.1671263E-01 -3.5000000E+00 -1.7613734E-01
