-1.0116832E+00 1.7664010E-01 -1.1869232E+00 -8.3588544E-01 -1.3601189E+00 -6.6704034E-01
-1.0123794E+00 1.5107464E-01 -1.1611720E+00 -8.6371935E-01 -1.3163130E+00 -7.2037515E-01
-1.0096369E+00 1.4461857E-01 -1.1454171E+00 -8.6097697E-01 -1.3031720E+00 -7.3142319E-01
-1.0197793E+00 1.2426662E-01 -1.1347622E+00 -8.8809188E-01 -1.2721969E+00 -7.8820337E-01
-1.0572532E+00 1.6184799E-01 -1.2090622E+00 -8.8688680E-01 -1.3872110E+00 -7.5389881E-01
-1.0911010E+00 1.9613712E-01 -1.2705162E+00 -8.8130665E-01 -1.4940243E+00 -7.3109035E-01
-1.0921260E+00 2.1480606E-01 -1.2893088E+00 -8.5963660E-01 -1.5283591E+00 -6.9994289E-01
-1.0753348E+00 2.1732139E-01 -1.2742876E+00 -8.3802892E-01 -1.5172544E+00 -6.7756921E-01
-1.0335921E+00 2.2825488E-01 -1.2433628E+00 -7.8498486E-01 -1.5002616E+00 -6.1624161E-01
-1.0047544E+00 2.4662056E-01 -1.2327464E+00 -7.3805367E-01 -1.5099795E+00 -5.5076460E-01
-9.3613647E-01 2.4827839E-01 -1.1656077E+00 -6.7154004E-01 -1.4432715E+00 -4.7176497E-01
-8.4753386E-01 3.1359905E-01 -1.1616198E+00 -5.3645894E-01 -1.4733582E+00 -2.4786170E-01
-8.3666579E-01 4.3442025E-01 -1.2466002E+00 -3.7235383E-01 -1.6863107E+00 -3.2409211E-03
-8.9597011E-01 6.1044869E-01 -1.4437271E+00 -1.9382901E-01 -2.0793473E+00 2.4081910E-01
-9.5175909E-01 7.1558510E-01 -1.5666507E+00 -8.1349561E-02 -2.3133372E+00 3.5148197E-01
-9.5917950E-01 7.1891564E-01 -1.5697975E+00 -7.7599640E-02 -2.3272931E+00 3.4030203E-01
-1.0245352E+00 8.0514035E-01 -1.6371470E+00 3.5319762E-02 -2.5561840E+00 3.6311214E-01
-1.0767790E+00 8.9564221E-01 -1.7217354E+00 1.4732022E-01 -2.7345185E+00 4.6048618E-01
-1.0775083E+00 8.9576266E-01 -1.7177732E+00 1.5238791E-01 -2.7397839E+00 4.4182635E-01
-1.0902120E+00 9.2385221E-01 -1.7604471E+00 1.7287079E-01 -2.7639286E+00 5.0000000E-01
