-1.3544882E+00 1.6472699E-01 -1.5201250E+00 -1.1921136E+00 -1.6804153E+00 -1.0344074E+00
-1.2993570E+00 1.3850830E-01 -1.4376317E+00 -1.1620764E+00 -1.5755527E+00 -1.0345373E+00
-1.2792562E+00 1.3321062E-01 -1.4121932E+00 -1.1465502E+00 -1.5444939E+00 -1.0269106E+00
-1.1018915E+00 1.1443953E-01 -1.2148308E+00 -9.8851682E-01 -1.3301538E+00 -8.8111068E-01
-7.7658417E-01 1.4434921E-01 -9.1841363E-01 -6.3329482E-01 -1.0654898E+00 -4.9812861E-01
-5.8050035E-01 1.5440741E-01 -7.3171983E-01 -4.2756001E-01 -8.9121605E-01 -2.8483173E-01
-5.7480917E-01 1.5869388E-01 -7.2077774E-01 -4.0802800E-01 -9.0196356E-01 -2.7940633E-01
-6.2704869E-01 1.5577154E-01 -7.6703764E-01 -4.5884588E-01 -9.3506342E-01 -3.2984372E-01
-7.4544110E-01 1.6610313E-01 -8.9785742E-01 -5.6844708E-01 -1.0726954E+00 -4.2821000E-01
-8.1635319E-01 1.8502165E-01 -9.8916784E-01 -6.2246569E-01 -1.1924127E+00 -4.7120796E-01
-1.0596306E+00 2.0942645E-01 -1.2574120E+00 -8.4237170E-01 -1.4859878E+00 -6.6067792E-01
-1.5320739E+00 3.1950938E-01 -1.8302795E+00 -1.2029120E+00 -2.1832253E+00 -9.1773063E-01
-1.9197617E+00 4.3736384E-01 -2.3546993E+00 -1.4886754E+00 -2.7590726E+00 -1.0287031E+00
-2.2201506E+00 5.6504284E-01 -2.8828389E+00 -1.7457498E+00 -3.2567651E+00 -1.1233991E+00
-2.3204627E+00 6.3535895E-01 -3.1172429E+00 -1.8532168E+00 -3.4506836E+00 -1.1165507E+00
-2.3152607E+00 6.3715303E-01 -3.1182131E+00 -1.8546295E+00 -3.4293392E+00 -1.0957086E+00
-2.3381874E+00 6.9723956E-01 -3.2701611E+00 -1.9578484E+00 -3.4577554E+00 -9.8183880E-01
-2.3369394E+00 7.7749498E-01 -3.4051023E+00 -1.9986134E+00 -3.5000000E+00 -8.3619746E-01
-2.3331719E+00 7.8044657E-01 -3.4055429E+00 -2.0045371E+00 -3.4856341E+00 -8.1383463E-01
-2.3306145E+00 8.0873875E-01 -3.5000000E+00 -2.0467815E+00 -3.5000000E+00 -7.6531230E-01
