-1.0296743E+00 1.7163533E-01 -1.1920335E+00 -8.5307497E-01 -1.3755171E+00 -6.9975501E-01
-1.0426502E+00 1.4571031E-01 -1.1784406E+00 -8.9173152E-01 -1.3399471E+00 -7.6722449E-01
-1.0466643E+00 1.3967814E-01 -1.1789021E+00 -9.0366916E-01 -1.3305796E+00 -7.8090929E-01
-1.0916398E+00 1.2155141E-01 -1.2022559E+00 -9.6317856E-01 -1.3417318E+00 -8.6448198E-01
-1.1813388E+00 1.6415928E-01 -1.3345304E+00 -1.0107687E+00 -1.5190859E+00 -8.7317590E-01
-1.2421183E+00 2.0447785E-01 -1.4281396E+00 -1.0219785E+00 -1.6611084E+00 -8.6516631E-01
-1.2483443E+00 2.2360114E-01 -1.4538360E+00 -1.0068281E+00 -1.7043111E+00 -8.3737479E-01
-1.2363297E+00 2.2335922E-01 -1.4428780E+00 -9.9459236E-01 -1.6741594E+00 -8.1505907E-01
-1.2091590E+00 2.3161819E-01 -1.4260900E+00 -9.5814098E-01 -1.6595659E+00 -7.6937121E-01
-1.1914372E+00 2.4792756E-01 -1.4431460E+00 -9.4031608E-01 -1.6869054E+00 -7.3150553E-01
-1.1303769E+00 2.4533118E-01 -1.3756126E+00 -8.8449804E-01 -1.6174878E+00 -6.6278684E-01
-1.0157870E+00 3.2108307E-01 -1.3151745E+00 -6.8421526E-01 -1.6729189E+00 -4.0837676E-01
-9.3562872E-01 4.5473272E-01 -1.3232582E+00 -4.4569370E-01 -1.8570870E+00 -7.2561711E-02
-8.9641302E-01 6.2853332E-01 -1.3734279E+00 -1.6039110E-01 -2.1546472E+00 2.5836536E-01
-8.9652514E-01 7.2473153E-01 -1.4095327E+00 -3.3503847E-03 -2.3076650E+00 4.0660349E-01
-9.0006356E-01 7.2781537E-01 -1.4120669E+00 -2.9622275E-04 -2.3175741E+00 3.9841461E-01
-9.1930120E-01 8.0219384E-01 -1.4138212E+00 1.3929097E-01 -2.4896899E+00 4.0943027E-01
-9.3925247E-01 8.8428425E-01 -1.4240813E+00 2.9648133E-01 -2.6239385E+00 4.9573967E-01
-9.3958407E-01 8.8493947E-01 -1.4085476E+00 3.1002448E-01 -2.6475077E+00 4.6812799E-01
-9.4376557E-01 9.1054091E-01 -1.4435506E+00 3.3395524E-01 -2.6816802E+00 5.0000000E-01
