-1.2445060E+00 1.7101048E-01 -1.4129633E+00 -1.0737673E+00 -1.5845562E+00 -9.1328473E-01
-1.2291961E+00 1.4480922E-01 -1.3713556E+00 -1.0851893E+00 -1.5220536E+00 -9.5044535E-01
-1.2265443E+00 1.3889181E-01 -1.3556460E+00 -1.0809679E+00 -1.5098768E+00 -9.6399247E-01
-1.1707576E+00 1.2233466E-01 -1.2807699E+00 -1.0402661E+00 -1.4249711E+00 -9.4379491E-01
-1.0284939E+00 1.5312958E-01 -1.1802810E+00 -8.7658145E-01 -1.3423834E+00 -7.3820996E-01
-8.6514919E-01 1.6800521E-01 -1.0117387E+00 -6.8295132E-01 -1.2182746E+00 -5.5713269E-01
-7.8477864E-01 1.7756984E-01 -9.3847828E-01 -5.9465578E-01 -1.1436292E+00 -4.4625682E-01
-7.6106719E-01 1.7714694E-01 -9.0927473E-01 -5.6907271E-01 -1.1192239E+00 -4.2260024E-01
-7.3070279E-01 1.8539837E-01 -8.9021000E-01 -5.3149451E-01 -1.1015421E+00 -3.7799250E-01
-7.1381659E-01 2.0199982E-01 -8.9296755E-01 -4.9846451E-01 -1.1125010E+00 -3.2647202E-01
-7.6932815E-01 2.1490361E-01 -9.7062437E-01 -5.4599818E-01 -1.2094572E+00 -3.6422115E-01
-9.9505509E-01 3.0651942E-01 -1.2877115E+00 -6.7932239E-01 -1.6152820E+00 -4.0978367E-01
-1.3033179E+00 4.3277767E-01 -1.7103784E+00 -8.5869831E-01 -2.1720283E+00 -4.7086044E-01
-1.6591181E+00 5.9358979E-01 -2.2571990E+00 -1.0732007E+00 -2.8252104E+00 -5.1230389E-01
-1.8368687E+00 6.8342879E-01 -2.6031769E+00 -1.2190279E+00 -3.1364294E+00 -5.2785076E-01
-1.8436846E+00 6.8498681E-01 -2.6126234E+00 -1.2231485E+00 -3.1425175E+00 -5.3779024E-01
-1.9696546E+00 7.5790167E-01 -2.9219157E+00 -1.3758338E+00 -3.3194868E+00 -5.3267328E-01
-2.0540666E+00 8.4421505E-01 -3.2224020E+00 -1.5087415E+00 -3.4976821E+00 -5.1964875E-01
-2.0513331E+00 8.4579406E-01 -3.2559696E+00 -1.5395389E+00 -3.4519019E+00 -4.8279742E-01
-2.0712588E+00 8.7251299E-01 -3.3082589E+00 -1.5339330E+00 -3.5000000E+00 -4.7972697E-01
