-9.8468992E-01 1.6991442E-01 -1.1435365E+00 -8.0571293E-01 -1.3247213E+00 -6.5888812E-01
-9.8030458E-01 1.4281414E-01 -1.1164758E+00 -8.3156968E-01 -1.2651727E+00 -7.0813128E-01
-9.7991822E-01 1.3672769E-01 -1.1173640E+00 -8.4396396E-01 -1.2501281E+00 -7.1824744E-01
-9.6157854E-01 1.1555757E-01 -1.0762955E+00 -8.4614503E-01 -1.1946408E+00 -7.4230513E-01
-9.1661133E-01 1.4938966E-01 -1.0548623E+00 -7.5684760E-01 -1.2211706E+00 -6.4057867E-01
-8.7545899E-01 1.7459709E-01 -1.0338462E+00 -6.9089755E-01 -1.2360989E+00 -5.5049047E-01
-8.6444312E-01 1.8786957E-01 -1.0283328E+00 -6.6090942E-01 -1.2431875E+00 -5.0996990E-01
-8.6608136E-01 1.8856761E-01 -1.0264941E+00 -6.5832373E-01 -1.2465055E+00 -5.1227362E-01
-8.8663409E-01 1.9840548E-01 -1.0540197E+00 -6.6803644E-01 -1.2851888E+00 -5.1356171E-01
-8.9794718E-01 2.1614922E-01 -1.0855974E+00 -6.6410670E-01 -1.3327578E+00 -4.8737716E-01
-9.7977114E-01 2.2758257E-01 -1.1923596E+00 -7.4266620E-01 -1.4408337E+00 -5.4898586E-01
-1.1783684E+00 3.2827784E-01 -1.4786079E+00 -8.3436755E-01 -1.8580993E+00 -5.6832766E-01
-1.3843003E+00 4.6545242E-01 -1.8154705E+00 -8.9416882E-01 -2.3330406E+00 -5.0639230E-01
-1.5838850E+00 6.3662969E-01 -2.2418441E+00 -9.2867522E-01 -2.7964693E+00 -3.5870683E-01
-1.6736943E+00 7.3536068E-01 -2.4899678E+00 -9.3727763E-01 -3.0485952E+00 -2.8486908E-01
-1.6754323E+00 7.3927174E-01 -2.5091174E+00 -9.4409662E-01 -3.0550607E+00 -2.8506265E-01
-1.7360173E+00 8.2638609E-01 -2.7769086E+00 -9.9285157E-01 -3.2129168E+00 -2.1304067E-01
-1.7751187E+00 9.2329039E-01 -2.9899400E+00 -9.8027723E-01 -3.4113093E+00 -1.1421684E-01
-1.7731944E+00 9.2441445E-01 -2.9859487E+00 -9.7346933E-01 -3.4030785E+00 -1.1605181E-01
-1.7805675E+00 9.5567492E-01 -3.0373946E+00 -9.5765681E-01 -3.5000000E+00 -1.1698722E-01
