-8.1810817E-01 1.7583112E-01 -9.9388006E-01 -6.4248528E-01 -1.1650494E+00 -4.7649013E-01
-8.4225994E-01 1.4791250E-01 -9.8988729E-01 -6.9563558E-01 -1.1361598E+00 -5.5514810E-01
-8.4970099E-01 1.4211252E-01 -9.9211350E-01 -7.0773798E-01 -1.1296397E+00 -5.7491621E-01
-9.3606760E-01 1.1988072E-01 -1.0475261E+00 -8.1191524E-01 -1.1799971E+00 -7.0794412E-01
-1.1068122E+00 1.6241103E-01 -1.2695377E+00 -9.4320668E-01 -1.4281734E+00 -7.9614024E-01
-1.2357023E+00 1.9936439E-01 -1.4258646E+00 -1.0237001E+00 -1.6389365E+00 -8.6577161E-01
-1.2674160E+00 2.1700811E-01 -1.4695243E+00 -1.0335054E+00 -1.7079661E+00 -8.6770853E-01
-1.2580116E+00 2.1900638E-01 -1.4613137E+00 -1.0214976E+00 -1.6980737E+00 -8.5346736E-01
-1.2385443E+00 2.2626183E-01 -1.4626124E+00 -1.0097391E+00 -1.6929667E+00 -8.1360561E-01
-1.2238876E+00 2.3986255E-01 -1.4617252E+00 -9.8052829E-01 -1.7094248E+00 -7.7333609E-01
-1.1659851E+00 2.3939312E-01 -1.4046845E+00 -9.2364631E-01 -1.6509572E+00 -7.1820845E-01
-1.0344983E+00 3.1348393E-01 -1.3234593E+00 -7.0333199E-01 -1.6679653E+00 -4.4800743E-01
-9.0748778E-01 4.3576870E-01 -1.2957887E+00 -4.2780769E-01 -1.7584837E+00 -8.7898324E-02
-7.9515537E-01 5.8888360E-01 -1.2759174E+00 -8.8517182E-02 -1.9188293E+00 2.6502140E-01
-7.5798186E-01 6.7501934E-01 -1.2667346E+00 9.1496301E-02 -2.0310218E+00 4.2954894E-01
-7.6052845E-01 6.7865559E-01 -1.2640907E+00 9.9315492E-02 -2.0467168E+00 4.2505373E-01
-7.6367939E-01 7.4721077E-01 -1.2100830E+00 2.3388846E-01 -2.2015499E+00 4.5558857E-01
-7.7801678E-01 8.2574351E-01 -1.1879323E+00 3.8021379E-01 -2.3373233E+00 5.0000000E-01
-7.8240894E-01 8.2391150E-01 -1.1738282E+00 3.8149005E-01 -2.3550311E+00 4.7721832E-01
-7.8841167E-01 8.4898682E-01 -1.1993643E+00 4.1199671E-01 -2.3910906E+00 5.0000000E-01
