-1.4956977E+00 1.7953296E-01 -1.6750654E+00 -1.3167495E+00 -1.8529960E+00 -1.1499925E+00
-1.4634837E+00 1.5390155E-01 -1.6151392E+00 -1.3109763E+00 -1.7779433E+00 -1.1703036E+00
-1.4534372E+00 1.4902522E-01 -1.6008068E+00 -1.3069312E+00 -1.7588385E+00 -1.1703876E+00
-1.3519187E+00 1.3597680E-01 -1.4777950E+00 -1.2095364E+00 -1.6320291E+00 -1.0980659E+00
-1.1424841E+00 1.7695883E-01 -1.3018627E+00 -9.5291829E-01 -1.4959007E+00 -8.0278776E-01
-9.6691017E-01 2.0367161E-01 -1.1444303E+00 -7.4393188E-01 -1.3958791E+00 -5.9895589E-01
-9.1064252E-01 2.1135731E-01 -1.0947874E+00 -6.7851886E-01 -1.3388399E+00 -5.1383304E-01
-9.1547959E-01 2.0568089E-01 -1.0963343E+00 -6.8904062E-01 -1.3459754E+00 -5.4391741E-01
-9.1850920E-01 2.0411678E-01 -1.1052400E+00 -6.9730359E-01 -1.3357608E+00 -5.4415054E-01
-9.3078803E-01 2.1597549E-01 -1.1355491E+00 -7.0163367E-01 -1.3621414E+00 -5.2746893E-01
-9.4359736E-01 2.1882884E-01 -1.1619463E+00 -7.2287602E-01 -1.3739378E+00 -5.2102256E-01
-9.5333880E-01 3.1351794E-01 -1.2619759E+00 -6.3741488E-01 -1.5872880E+00 -3.5752378E-01
-9.4772047E-01 4.4929203E-01 -1.3451560E+00 -4.6312111E-01 -1.8358041E+00 -8.9066732E-02
-9.3432935E-01 6.1481094E-01 -1.4261530E+00 -2.2501066E-01 -2.1514918E+00 1.9933285E-01
-9.2999224E-01 7.0820833E-01 -1.4757121E+00 -8.6751169E-02 -2.3174582E+00 3.6151887E-01
-9.3076397E-01 7.1060582E-01 -1.4732510E+00 -7.9093309E-02 -2.3251125E+00 3.6513757E-01
-9.4223514E-01 7.9309773E-01 -1.4517637E+00 1.0029744E-01 -2.5087505E+00 3.8409683E-01
-9.5388629E-01 8.8599484E-01 -1.4434723E+00 2.9169015E-01 -2.6486697E+00 4.8978951E-01
-9.5466658E-01 8.8788359E-01 -1.4247796E+00 3.1048349E-01 -2.6714179E+00 4.6317695E-01
-9.5819594E-01 9.1451871E-01 -1.4565291E+00 3.4482426E-01 -2.6936908E+00 5.0000000E-01
