-1.1859084E+00 1.7264235E-01 -1.3589168E+00 -1.0122507E+00 -1.5286290E+00 -8.5826851E-01
-1.1831010E+00 1.4812859E-01 -1.3317222E+00 -1.0337110E+00 -1.4787304E+00 -9.0267194E-01
-1.1790143E+00 1.4333516E-01 -1.3226484E+00 -1.0360453E+00 -1.4661643E+00 -9.0632960E-01
-1.1928256E+00 1.2964406E-01 -1.3152377E+00 -1.0568540E+00 -1.4567996E+00 -9.4983830E-01
-1.2426127E+00 1.7232598E-01 -1.4128064E+00 -1.0707919E+00 -1.5890938E+00 -9.1212965E-01
-1.2933605E+00 2.0339864E-01 -1.4981091E+00 -1.0863724E+00 -1.6993426E+00 -9.0940897E-01
-1.3058906E+00 2.1827019E-01 -1.5252278E+00 -1.0852594E+00 -1.7391117E+00 -8.9261461E-01
-1.2966064E+00 2.1632962E-01 -1.5117910E+00 -1.0802975E+00 -1.7232218E+00 -8.8108797E-01
-1.2580957E+00 2.2257782E-01 -1.4784636E+00 -1.0363153E+00 -1.6980743E+00 -8.2758021E-01
-1.2356123E+00 2.3781065E-01 -1.4695813E+00 -9.9880696E-01 -1.7078841E+00 -7.7452295E-01
-1.1261886E+00 2.4469052E-01 -1.3709632E+00 -8.8242864E-01 -1.6165709E+00 -6.6176317E-01
-8.9226388E-01 3.1088147E-01 -1.2004708E+00 -5.8383109E-01 -1.5225477E+00 -2.9777012E-01
-6.8854550E-01 4.0291311E-01 -1.0392704E+00 -2.5329368E-01 -1.4984774E+00 8.0408566E-02
-5.3489625E-01 5.2242038E-01 -8.9941852E-01 9.9017540E-02 -1.5472372E+00 3.9295617E-01
-4.9279851E-01 5.9365603E-01 -8.4408463E-01 2.6409632E-01 -1.5993317E+00 5.0000000E-01
-4.9717790E-01 5.9401149E-01 -8.4460392E-01 2.5797730E-01 -1.6212485E+00 4.8895944E-01
-5.1687582E-01 6.5823276E-01 -8.2150489E-01 3.2463124E-01 -1.7993552E+00 4.9163693E-01
-5.4781076E-01 7.4292628E-01 -8.3864157E-01 4.2690767E-01 -1.9997909E+00 5.0000000E-01
-5.5218577E-01 7.4450580E-01 -8.3450522E-01 4.2434088E-01 -2.0155105E+00 4.9313425E-01
-5.6291763E-01 7.7196244E-01 -8.1710451E-01 5.0000000E-01 -2.0650136E+00 5.0000000E-01
