-1.0181567E+00 1.8421494E-01 -1.2023506E+00 -8.3308596E-01 -1.3768298E+00 -6.5595639E-01
-1.0289819E+00 1.5862675E-01 -1.1865693E+00 -8.6994963E-01 -1.3450964E+00 -7.2339068E-01
-1.0314733E+00 1.5219687E-01 -1.1821038E+00 -8.7991061E-01 -1.3372449E+00 -7.4136181E-01
-1.0782514E+00 1.3013949E-01 -1.2041801E+00 -9.5071449E-01 -1.3421340E+00 -8.2774971E-01
-1.1765297E+00 1.6513153E-01 -1.3390459E+00 -1.0131922E+00 -1.5114370E+00 -8.6115612E-01
-1.2477408E+00 2.0085134E-01 -1.4395930E+00 -1.0343532E+00 -1.6512126E+00 -8.7103958E-01
-1.2541569E+00 2.1619186E-01 -1.4648262E+00 -1.0262593E+00 -1.6838613E+00 -8.4638812E-01
-1.2381760E+00 2.1441497E-01 -1.4569845E+00 -1.0202389E+00 -1.6614386E+00 -8.3383384E-01
-1.1876458E+00 2.2017477E-01 -1.4081436E+00 -9.6507454E-01 -1.6231817E+00 -7.6782666E-01
-1.1570317E+00 2.3581397E-01 -1.3906965E+00 -9.1865598E-01 -1.6242489E+00 -7.0325263E-01
-1.0282403E+00 2.4546728E-01 -1.2707120E+00 -7.8552937E-01 -1.5192015E+00 -5.5576730E-01
-7.7561479E-01 3.1498264E-01 -1.0845758E+00 -4.6070678E-01 -1.4100104E+00 -1.7890509E-01
-5.8476557E-01 3.8896254E-01 -9.3227078E-01 -1.6124568E-01 -1.3521708E+00 1.5845065E-01
-4.6813483E-01 4.7925684E-01 -8.3292134E-01 1.2835036E-01 -1.3966115E+00 3.8912531E-01
-4.5241374E-01 5.3754589E-01 -8.2365030E-01 2.4747122E-01 -1.4496338E+00 4.9304063E-01
-4.6036130E-01 5.3780443E-01 -8.2552288E-01 2.4361644E-01 -1.4769201E+00 4.6681944E-01
-5.0348950E-01 5.9071627E-01 -8.4731062E-01 2.8444982E-01 -1.6410102E+00 4.6062625E-01
-5.5140420E-01 6.6930387E-01 -8.9253247E-01 3.7612946E-01 -1.8009865E+00 5.0000000E-01
-5.5465225E-01 6.7144497E-01 -8.7361529E-01 3.9400695E-01 -1.8224721E+00 4.7859771E-01
-5.6824348E-01 7.0077851E-01 -8.8120425E-01 4.5515533E-01 -1.8723326E+00 5.0000000E-01
