-9.4005105E-01 1.7983233E-01 -1.1204091E+00 -7.5984114E-01 -1.2942267E+00 -5.9150453E-01
-9.5136773E-01 1.5304905E-01 -1.1046010E+00 -7.9880801E-01 -1.2539745E+00 -6.5401063E-01
-9.5397637E-01 1.4820394E-01 -1.1025863E+00 -8.0636644E-01 -1.2464658E+00 -6.6712777E-01
-1.0027716E+00 1.2906820E-01 -1.1224320E+00 -8.6595317E-01 -1.2652189E+00 -7.6216660E-01
-1.1063361E+00 1.6589857E-01 -1.2626129E+00 -9.3681331E-01 -1.4488522E+00 -7.9387938E-01
-1.1854160E+00 2.0085081E-01 -1.3686781E+00 -9.6896382E-01 -1.5976211E+00 -8.1645446E-01
-1.1986579E+00 2.1766691E-01 -1.3958296E+00 -9.6002303E-01 -1.6510801E+00 -8.0501889E-01
-1.1857603E+00 2.1810080E-01 -1.3818244E+00 -9.4460110E-01 -1.6371298E+00 -7.9079452E-01
-1.1524158E+00 2.2439151E-01 -1.3607717E+00 -9.0977725E-01 -1.6116304E+00 -7.3855648E-01
-1.1292310E+00 2.3746764E-01 -1.3531589E+00 -8.7794352E-01 -1.6124322E+00 -6.8207968E-01
-1.0471581E+00 2.3972317E-01 -1.2733641E+00 -7.9761821E-01 -1.5329072E+00 -5.8996505E-01
-8.9033540E-01 3.1528191E-01 -1.2016533E+00 -5.7828305E-01 -1.5275725E+00 -2.8944234E-01
-7.7229782E-01 4.2447320E-01 -1.1533148E+00 -3.1857048E-01 -1.6064757E+00 4.4998475E-02
-7.0588802E-01 5.6715632E-01 -1.1500315E+00 -3.9603606E-02 -1.7984902E+00 3.4136981E-01
-7.0246476E-01 6.5205515E-01 -1.1656375E+00 1.0198589E-01 -1.9251894E+00 4.7830645E-01
-7.0827788E-01 6.5437102E-01 -1.1671896E+00 1.0071539E-01 -1.9514461E+00 4.6315301E-01
-7.3564375E-01 7.2918961E-01 -1.1596502E+00 2.2135102E-01 -2.1432273E+00 4.5986074E-01
-7.6572916E-01 8.1864682E-01 -1.1592801E+00 3.6725507E-01 -2.3101746E+00 5.0000000E-01
-7.6776628E-01 8.2038623E-01 -1.1473681E+00 3.7548915E-01 -2.3371789E+00 4.7141542E-01
-7.7568888E-01 8.4951850E-01 -1.1609233E+00 4.3097250E-01 -2.3800259E+00 5.0000000E-01
