-1.0868268E+00 1.7183051E-01 -1.2564873E+00 -9.1461983E-01 -1.4225304E+00 -7.5395022E-01
-1.0891336E+00 1.4634054E-01 -1.2346600E+00 -9.4147574E-01 -1.3800821E+00 -8.0772799E-01
-1.0938019E+00 1.4099721E-01 -1.2270624E+00 -9.4549028E-01 -1.3763241E+00 -8.2726703E-01
-1.0921561E+00 1.2225809E-01 -1.2092357E+00 -9.6514263E-01 -1.3402660E+00 -8.6232797E-01
-1.0562720E+00 1.5856728E-01 -1.2018382E+00 -8.9499207E-01 -1.3799356E+00 -7.5408077E-01
-9.8227686E-01 1.9303081E-01 -1.1459257E+00 -7.7277312E-01 -1.3687356E+00 -6.1738121E-01
-9.3601092E-01 2.0904796E-01 -1.1093846E+00 -7.0215307E-01 -1.3562676E+00 -5.4792505E-01
-9.1969686E-01 2.0831498E-01 -1.0881089E+00 -6.8129758E-01 -1.3415236E+00 -5.3815736E-01
-9.0255600E-01 2.1194408E-01 -1.0809040E+00 -6.6295534E-01 -1.3286162E+00 -5.1085061E-01
-8.9621966E-01 2.2551245E-01 -1.0975723E+00 -6.5000240E-01 -1.3585247E+00 -4.8563803E-01
-9.3082124E-01 2.2904624E-01 -1.1585543E+00 -7.0502148E-01 -1.3878039E+00 -4.9226017E-01
-1.0484022E+00 3.1683520E-01 -1.3632714E+00 -7.3516895E-01 -1.6761765E+00 -4.4612509E-01
-1.1972947E+00 4.5412426E-01 -1.6522497E+00 -7.4117699E-01 -2.0701334E+00 -3.1712908E-01
-1.3651619E+00 6.3299868E-01 -2.0124377E+00 -7.1052881E-01 -2.5604224E+00 -1.3624430E-01
-1.4498578E+00 7.3577975E-01 -2.2160185E+00 -6.7512718E-01 -2.8271439E+00 -2.5565793E-02
-1.4531035E+00 7.3882604E-01 -2.2248659E+00 -6.7507739E-01 -2.8387751E+00 -2.2653763E-02
-1.5211087E+00 8.3178495E-01 -2.4667932E+00 -6.7687187E-01 -3.0313592E+00 7.0453849E-02
-1.5695452E+00 9.3232209E-01 -2.6433392E+00 -6.0914087E-01 -3.2843406E+00 1.4024635E-01
-1.5672754E+00 9.3320850E-01 -2.6406771E+00 -6.0329078E-01 -3.2895476E+00 1.2818140E-01
-1.5794558E+00 9.6396526E-01 -2.6901098E+00 -5.8069772E-01 -3.5000000E+00 5.0000000E-01
