-1.1466406E+00 1.6629945E-01 -1.3114354E+00 -9.8185262E-01 -1.4731654E+00 -8.1922977E-01
-1.1157237E+00 1.3920746E-01 -1.2533443E+00 -9.7686447E-01 -1.3892475E+00 -8.4096730E-01
-1.1040607E+00 1.3180162E-01 -1.2334304E+00 -9.7282071E-01 -1.3655314E+00 -8.4577791E-01
-9.9827269E-01 1.1102889E-01 -1.1073992E+00 -8.8739273E-01 -1.2237763E+00 -7.8689838E-01
-8.0129633E-01 1.4517610E-01 -9.4337353E-01 -6.5641896E-01 -1.0892768E+00 -5.1895486E-01
-6.8014975E-01 1.5705852E-01 -8.2853825E-01 -5.1534539E-01 -1.0002728E+00 -3.8687524E-01
-6.7912670E-01 1.6113121E-01 -8.2607330E-01 -5.0809011E-01 -1.0112941E+00 -3.8059812E-01
-7.1279865E-01 1.5823521E-01 -8.5768376E-01 -5.4587063E-01 -1.0249019E+00 -4.0728855E-01
-8.0673110E-01 1.6861840E-01 -9.6138078E-01 -6.2992147E-01 -1.1557054E+00 -4.9561442E-01
-8.6033743E-01 1.8718657E-01 -1.0345662E+00 -6.6509153E-01 -1.2442682E+00 -5.1018823E-01
-1.0970014E+00 2.1252121E-01 -1.3010785E+00 -8.7578178E-01 -1.5241679E+00 -6.9284836E-01
-1.5925776E+00 3.1548077E-01 -1.8975278E+00 -1.2648051E+00 -2.2192053E+00 -9.8523627E-01
-2.0191446E+00 4.1680741E-01 -2.4452486E+00 -1.6053032E+00 -2.8288984E+00 -1.2122979E+00
-2.3490177E+00 5.2615433E-01 -2.9723831E+00 -1.9206378E+00 -3.3064835E+00 -1.3317135E+00
-2.4523673E+00 5.8875644E-01 -3.1979381E+00 -2.0439758E+00 -3.4985944E+00 -1.3644856E+00
-2.4439134E+00 5.8938471E-01 -3.1900112E+00 -2.0385440E+00 -3.4642700E+00 -1.3243456E+00
-2.4543304E+00 6.4499647E-01 -3.2988822E+00 -2.1201828E+00 -3.4668846E+00 -1.1996226E+00
-2.4415160E+00 7.2445126E-01 -3.4162050E+00 -2.1359323E+00 -3.5000000E+00 -1.0438678E+00
-2.4376987E+00 7.2743350E-01 -3.4185020E+00 -2.1415044E+00 -3.4864648E+00 -1.0230511E+00
-2.4310657E+00 7.5467615E-01 -3.5000000E+00 -2.1669115E+00 -3.5000000E+00 -9.7644988E-01
