-1.1187036E+00 1.7618323E-01 -1.2942509E+00 -9.4263513E-01 -1.4710385E+00 -7.8146815E-01
-1.1332976E+00 1.5142902E-01 -1.2734902E+00 -9.7306226E-01 -1.4366972E+00 -8.4417447E-01
-1.1478132E+00 1.4570932E-01 -1.2849505E+00 -9.9668787E-01 -1.4403921E+00 -8.6825970E-01
-1.1684015E+00 1.2797138E-01 -1.2857523E+00 -1.0326690E+00 -1.4320069E+00 -9.2784835E-01
-1.1379212E+00 1.5998014E-01 -1.2805207E+00 -9.7090300E-01 -1.4722780E+00 -8.3817019E-01
-1.0171533E+00 1.9076005E-01 -1.1811928E+00 -8.1072877E-01 -1.3981730E+00 -6.5636148E-01
-9.2212543E-01 2.0906888E-01 -1.0902380E+00 -6.8754563E-01 -1.3433869E+00 -5.3525542E-01
-8.7640596E-01 2.0959683E-01 -1.0457409E+00 -6.4240528E-01 -1.3019288E+00 -4.8780438E-01
-8.0397294E-01 2.1970204E-01 -9.8944368E-01 -5.6177781E-01 -1.2470741E+00 -3.9126414E-01
-7.6399504E-01 2.3657760E-01 -9.7025227E-01 -5.0228061E-01 -1.2363786E+00 -3.2123083E-01
-7.4372490E-01 2.4087592E-01 -9.6791297E-01 -4.8329231E-01 -1.2355579E+00 -3.0569941E-01
-8.1967776E-01 3.1226450E-01 -1.1273221E+00 -5.0989029E-01 -1.4563781E+00 -2.2714537E-01
-1.0032061E+00 4.3490449E-01 -1.4326557E+00 -5.7361690E-01 -1.8870538E+00 -1.7629289E-01
-1.2670627E+00 6.0994248E-01 -1.8909858E+00 -6.4632615E-01 -2.4586842E+00 -8.5075633E-02
-1.4198737E+00 7.1428301E-01 -2.1686628E+00 -6.6687510E-01 -2.7712873E+00 -5.2058591E-02
-1.4300538E+00 7.1773748E-01 -2.1851583E+00 -6.6819712E-01 -2.7828246E+00 -6.2749446E-02
-1.5595420E+00 8.1026277E-01 -2.4797432E+00 -7.3184135E-01 -3.0142941E+00 -1.6562853E-02
-1.6517572E+00 9.1117183E-01 -2.6965651E+00 -7.1603005E-01 -3.3353349E+00 -2.9391047E-03
-1.6506394E+00 9.1225753E-01 -2.6974414E+00 -7.1710410E-01 -3.3392801E+00 -1.2334214E-02
-1.6712171E+00 9.4432350E-01 -2.7624261E+00 -7.1005523E-01 -3.5000000E+00 5.0000000E-01
