-1.1789193E+00 1.7684054E-01 -1.3547310E+00 -1.0026610E+00 -1.5316604E+00 -8.3698607E-01
-1.1667527E+00 1.5122528E-01 -1.3169021E+00 -1.0184831E+00 -1.4724399E+00 -8.7678382E-01
-1.1640635E+00 1.4583019E-01 -1.3090759E+00 -1.0208646E+00 -1.4568118E+00 -8.8425677E-01
-1.1277613E+00 1.2849365E-01 -1.2449993E+00 -9.9322165E-01 -1.3922203E+00 -8.8572910E-01
-1.0454586E+00 1.6465387E-01 -1.1895038E+00 -8.7122316E-01 -1.3978170E+00 -7.4343175E-01
-9.6531310E-01 2.0220399E-01 -1.1348526E+00 -7.4338819E-01 -1.3716512E+00 -5.8262044E-01
-9.3035542E-01 2.2035921E-01 -1.1187636E+00 -6.9094942E-01 -1.3671664E+00 -5.1441542E-01
-9.2196204E-01 2.1793485E-01 -1.1073054E+00 -6.8517240E-01 -1.3555554E+00 -5.0885143E-01
-9.0692104E-01 2.1986018E-01 -1.0990702E+00 -6.7149462E-01 -1.3473536E+00 -4.8799794E-01
-8.9835044E-01 2.3353367E-01 -1.1065598E+00 -6.4670878E-01 -1.3600540E+00 -4.5212859E-01
-9.0199218E-01 2.2963144E-01 -1.1320489E+00 -6.7173405E-01 -1.3646931E+00 -4.6842069E-01
-9.4471750E-01 3.0959130E-01 -1.2540031E+00 -6.3407043E-01 -1.5623171E+00 -3.5133353E-01
-1.0155629E+00 4.5129479E-01 -1.4324020E+00 -5.3860641E-01 -1.9421002E+00 -1.6338849E-01
-1.1103413E+00 6.3572798E-01 -1.6827190E+00 -4.1204182E-01 -2.3823365E+00 1.0858587E-01
-1.1649939E+00 7.3883189E-01 -1.8215141E+00 -3.1533832E-01 -2.6202351E+00 2.2176439E-01
-1.1684501E+00 7.4146529E-01 -1.8332371E+00 -3.1590154E-01 -2.6215965E+00 2.2111303E-01
-1.2184995E+00 8.3040062E-01 -1.9126206E+00 -1.6276446E-01 -2.8108915E+00 2.6059118E-01
-1.2570455E+00 9.2717943E-01 -2.0404416E+00 -4.6948026E-02 -2.9864034E+00 3.8749103E-01
-1.2584794E+00 9.2897441E-01 -2.0489246E+00 -5.1520156E-02 -2.9795299E+00 3.9174480E-01
-1.2681815E+00 9.5825222E-01 -2.1162161E+00 -5.2120822E-02 -3.5000000E+00 5.0000000E-01
