-1.3543742E+00 1.7696389E-01 -1.5306354E+00 -1.1783539E+00 -1.7029602E+00 -1.0109364E+00
-1.3377398E+00 1.5158360E-01 -1.4888946E+00 -1.1876309E+00 -1.6426952E+00 -1.0492676E+00
-1.3350200E+00 1.4401872E-01 -1.4699148E+00 -1.1852699E+00 -1.6284927E+00 -1.0613876E+00
-1.2735617E+00 1.2432003E-01 -1.3828435E+00 -1.1397313E+00 -1.5339876E+00 -1.0427940E+00
-1.1232630E+00 1.6326241E-01 -1.2733886E+00 -9.5320983E-01 -1.4568860E+00 -8.1626636E-01
-9.6899652E-01 1.9774258E-01 -1.1413862E+00 -7.5680773E-01 -1.3655734E+00 -5.9403023E-01
-9.0327544E-01 2.1420917E-01 -1.0807114E+00 -6.6611373E-01 -1.3375237E+00 -5.0312122E-01
-8.9398059E-01 2.1577525E-01 -1.0658265E+00 -6.5005722E-01 -1.3351161E+00 -4.9794607E-01
-8.8357028E-01 2.2400513E-01 -1.0620949E+00 -6.2849646E-01 -1.3378512E+00 -4.6989972E-01
-8.8377675E-01 2.4109128E-01 -1.0824105E+00 -6.1181793E-01 -1.3729261E+00 -4.3384482E-01
-9.2079981E-01 2.3896854E-01 -1.1386093E+00 -6.6410092E-01 -1.3933183E+00 -4.6072757E-01
-1.0332174E+00 3.1748517E-01 -1.3467593E+00 -7.1653769E-01 -1.6714731E+00 -4.2802837E-01
-1.1664252E+00 4.6454530E-01 -1.6292140E+00 -7.0286090E-01 -2.1009331E+00 -2.7072568E-01
-1.3070835E+00 6.5466359E-01 -1.9813642E+00 -6.3284202E-01 -2.5873099E+00 -6.4310493E-02
-1.3747000E+00 7.5822669E-01 -2.1733454E+00 -5.7556698E-01 -2.8331789E+00 3.2200781E-02
-1.3752124E+00 7.6090341E-01 -2.1773766E+00 -5.7193644E-01 -2.8372302E+00 2.9521757E-02
-1.4223677E+00 8.4809299E-01 -2.3518677E+00 -4.9467026E-01 -3.0013798E+00 9.4824882E-02
-1.4540229E+00 9.4311747E-01 -2.5024856E+00 -4.0657726E-01 -3.1954360E+00 2.2542636E-01
-1.4535550E+00 9.4573797E-01 -2.5028005E+00 -4.0351579E-01 -3.2024838E+00 2.3379772E-01
-1.4618521E+00 9.7652057E-01 -2.5413400E+00 -3.8025511E-01 -3.5000000E+00 5.0000000E-01
