-1.2387860E+00 1.7961090E-01 -1.4188502E+00 -1.0607451E+00 -1.5937064E+00 -8.9302756E-01
-1.2344707E+00 1.5133978E-01 -1.3849993E+00 -1.0852963E+00 -1.5366830E+00 -9.4246373E-01
-1.2325069E+00 1.4481759E-01 -1.3752237E+00 -1.0900527E+00 -1.5216893E+00 -9.5160745E-01
-1.2255355E+00 1.2659514E-01 -1.3409116E+00 -1.0931770E+00 -1.4871975E+00 -9.8860988E-01
-1.2115011E+00 1.6955436E-01 -1.3651046E+00 -1.0319714E+00 -1.5615935E+00 -8.9783675E-01
-1.1959509E+00 2.0552853E-01 -1.3823636E+00 -9.7986703E-01 -1.6266591E+00 -8.1569347E-01
-1.1858751E+00 2.2043517E-01 -1.3916330E+00 -9.5295812E-01 -1.6175774E+00 -7.6013647E-01
-1.1819668E+00 2.1927583E-01 -1.3882730E+00 -9.4996469E-01 -1.6112092E+00 -7.6026290E-01
-1.1626765E+00 2.2592238E-01 -1.3771494E+00 -9.2522787E-01 -1.6197427E+00 -7.3850857E-01
-1.1530135E+00 2.4157916E-01 -1.3943489E+00 -9.0870996E-01 -1.6361034E+00 -6.9569550E-01
-1.0957890E+00 2.4174911E-01 -1.3365029E+00 -8.5381191E-01 -1.5737997E+00 -6.2558340E-01
-9.7568541E-01 3.1223033E-01 -1.2650984E+00 -6.5348452E-01 -1.6140874E+00 -3.8069756E-01
-8.7184678E-01 4.3034139E-01 -1.2400024E+00 -3.9275430E-01 -1.7391741E+00 -6.4031701E-02
-7.9300260E-01 5.8142433E-01 -1.2584687E+00 -1.0786054E-01 -1.9439913E+00 2.7075538E-01
-7.7138995E-01 6.6573431E-01 -1.2755608E+00 4.2611789E-02 -2.0617126E+00 4.2694344E-01
-7.7356151E-01 6.6740310E-01 -1.2716352E+00 4.9517151E-02 -2.0707700E+00 4.1871056E-01
-7.8287135E-01 7.4342299E-01 -1.2324347E+00 2.0550650E-01 -2.2213298E+00 4.3836382E-01
-7.9967482E-01 8.3245835E-01 -1.2228352E+00 3.6599424E-01 -2.3577940E+00 5.0000000E-01
-8.0163343E-01 8.3307411E-01 -1.2061544E+00 3.7939460E-01 -2.3763952E+00 4.7891521E-01
-8.0681021E-01 8.6162067E-01 -1.1933474E+00 4.5864144E-01 -2.4161694E+00 5.0000000E-01
