-1.2366108E+00 1.8024148E-01 -1.4158341E+00 -1.0569050E+00 -1.5949295E+00 -8.8577804E-01
-1.2234746E+00 1.5515498E-01 -1.3696747E+00 -1.0598347E+00 -1.5368702E+00 -9.2950597E-01
-1.2185614E+00 1.5088718E-01 -1.3567251E+00 -1.0571000E+00 -1.5248055E+00 -9.3320272E-01
-1.1834406E+00 1.3351764E-01 -1.3052365E+00 -1.0409638E+00 -1.4584984E+00 -9.3495700E-01
-1.1229786E+00 1.6989661E-01 -1.2818210E+00 -9.4378201E-01 -1.4670599E+00 -8.0206896E-01
-1.0836461E+00 1.9791270E-01 -1.2600352E+00 -8.7298337E-01 -1.5022204E+00 -7.1548454E-01
-1.0740416E+00 2.0854057E-01 -1.2541914E+00 -8.4939414E-01 -1.5173409E+00 -6.8981128E-01
-1.0766700E+00 2.0789031E-01 -1.2551177E+00 -8.4835721E-01 -1.5181427E+00 -6.9888228E-01
-1.0645371E+00 2.1573682E-01 -1.2567311E+00 -8.2599265E-01 -1.5166034E+00 -6.7134858E-01
-1.0563754E+00 2.3181332E-01 -1.2721427E+00 -8.0725046E-01 -1.5299299E+00 -6.2866575E-01
-1.0150571E+00 2.3691596E-01 -1.2496395E+00 -7.8092926E-01 -1.4947973E+00 -5.6441444E-01
-9.2973322E-01 3.1237066E-01 -1.2259982E+00 -6.0725453E-01 -1.5670097E+00 -3.3653911E-01
-8.6570395E-01 4.3028213E-01 -1.2596683E+00 -4.0618145E-01 -1.7143391E+00 -2.9463473E-02
-8.3424510E-01 5.8567246E-01 -1.3408244E+00 -1.7402293E-01 -1.9706272E+00 2.7216603E-01
-8.3753986E-01 6.7450716E-01 -1.3733214E+00 -2.2702361E-02 -2.1312271E+00 4.0075950E-01
-8.4320435E-01 6.7615061E-01 -1.3708466E+00 -1.6691879E-02 -2.1461070E+00 3.8428111E-01
-8.6814012E-01 7.5822900E-01 -1.3428759E+00 1.5468067E-01 -2.3553432E+00 4.0600854E-01
-8.9349943E-01 8.5399747E-01 -1.3661892E+00 3.1218508E-01 -2.5058922E+00 5.0000000E-01
-8.9585049E-01 8.5507386E-01 -1.3384139E+00 3.3681401E-01 -2.5343163E+00 4.6683414E-01
-9.0190677E-01 8.8543706E-01 -1.3651221E+00 3.7917964E-01 -2.5662727E+00 5.0000000E-01
