-1.1893935E+00 1.8342265E-01 -1.3704363E+00 -1.0078208E+00 -1.5544488E+00 -8.3172533E-01
-1.1877558E+00 1.5754110E-01 -1.3436628E+00 -1.0323694E+00 -1.5034067E+00 -8.8395012E-01
-1.1891400E+00 1.5187272E-01 -1.3383824E+00 -1.0395212E+00 -1.4985749E+00 -8.9678573E-01
-1.1782720E+00 1.3355866E-01 -1.2991855E+00 -1.0411115E+00 -1.4581183E+00 -9.2835750E-01
-1.1391569E+00 1.6880615E-01 -1.3016381E+00 -9.7224310E-01 -1.4828448E+00 -8.1987164E-01
-1.0873421E+00 1.9781189E-01 -1.2675951E+00 -8.7791239E-01 -1.4786410E+00 -7.0595761E-01
-1.0567694E+00 2.1248603E-01 -1.2475995E+00 -8.2520751E-01 -1.5007859E+00 -6.6953689E-01
-1.0451562E+00 2.1351532E-01 -1.2398766E+00 -8.1374751E-01 -1.4899224E+00 -6.5574128E-01
-1.0151372E+00 2.2231534E-01 -1.2265212E+00 -7.8423532E-01 -1.4713210E+00 -5.9812605E-01
-9.9985773E-01 2.3786126E-01 -1.2357394E+00 -7.6378290E-01 -1.4786791E+00 -5.4235192E-01
-9.4707539E-01 2.3905624E-01 -1.1842096E+00 -7.0870987E-01 -1.4220090E+00 -4.8528430E-01
-8.4687191E-01 3.1185136E-01 -1.1401641E+00 -5.2054618E-01 -1.4745463E+00 -2.6421705E-01
-7.6827099E-01 4.2418803E-01 -1.1379664E+00 -3.1385745E-01 -1.6019112E+00 4.2758789E-02
-7.1681615E-01 5.6691345E-01 -1.1514779E+00 -5.9321495E-02 -1.8377787E+00 3.1881812E-01
-7.0805504E-01 6.4631601E-01 -1.1572923E+00 8.1086994E-02 -1.9597822E+00 4.4531702E-01
-7.1054259E-01 6.4788098E-01 -1.1565377E+00 8.6385215E-02 -1.9700334E+00 4.3520859E-01
-7.3010079E-01 7.1143640E-01 -1.1522899E+00 1.9976388E-01 -2.1250669E+00 4.3348809E-01
-7.5325237E-01 7.9105465E-01 -1.1634292E+00 3.4655778E-01 -2.2493581E+00 4.9838029E-01
-7.5609025E-01 7.9204641E-01 -1.1482896E+00 3.5762534E-01 -2.2749342E+00 4.6912872E-01
-7.6376774E-01 8.1820941E-01 -1.1851446E+00 3.8743677E-01 -2.3043512E+00 5.0000000E-01
