-1.2904685E+00 1.8847762E-01 -1.4685021E+00 -1.0945218E+00 -1.6715734E+00 -9.3134445E-01
-1.2732461E+00 1.6222770E-01 -1.4259531E+00 -1.1040825E+00 -1.6031606E+00 -9.6796340E-01
-1.2668318E+00 1.5595556E-01 -1.4130161E+00 -1.1047786E+00 -1.5865846E+00 -9.7405534E-01
-1.2158588E+00 1.3762446E-01 -1.3403744E+00 -1.0709339E+00 -1.5017637E+00 -9.6141721E-01
-1.1096793E+00 1.7211622E-01 -1.2806800E+00 -9.3683373E-01 -1.4577842E+00 -7.8499434E-01
-1.0138485E+00 2.0089244E-01 -1.1971690E+00 -7.9800361E-01 -1.4294572E+00 -6.4287128E-01
-9.7424285E-01 2.1405335E-01 -1.1637243E+00 -7.3909510E-01 -1.4219975E+00 -5.8549189E-01
-9.6495255E-01 2.1286227E-01 -1.1531001E+00 -7.3006058E-01 -1.3922429E+00 -5.6468769E-01
-9.3864692E-01 2.1832106E-01 -1.1340934E+00 -7.0050399E-01 -1.3947985E+00 -5.3744848E-01
-9.2667482E-01 2.3272318E-01 -1.1417974E+00 -6.7655406E-01 -1.4032758E+00 -4.9166110E-01
-8.9752148E-01 2.3576643E-01 -1.1343948E+00 -6.6423203E-01 -1.3669907E+00 -4.4345585E-01
-8.5917003E-01 3.1439487E-01 -1.1740891E+00 -5.4555146E-01 -1.4752713E+00 -2.4854418E-01
-8.4923863E-01 4.3880985E-01 -1.2571280E+00 -3.7535942E-01 -1.7477637E+00 -4.2316850E-02
-8.6714617E-01 6.0520411E-01 -1.3801517E+00 -1.6595177E-01 -2.0512426E+00 2.6332761E-01
-8.9306668E-01 7.0322425E-01 -1.4623344E+00 -4.2963422E-02 -2.2409452E+00 3.9936946E-01
-8.9574345E-01 7.0585474E-01 -1.4641102E+00 -3.7455441E-02 -2.2554120E+00 3.8968270E-01
-9.4876940E-01 7.9888514E-01 -1.4949643E+00 1.1845323E-01 -2.4897870E+00 4.0183519E-01
-9.9761299E-01 9.0161768E-01 -1.5190061E+00 2.9228479E-01 -2.6926700E+00 4.7262018E-01
-1.0003839E+00 9.0361756E-01 -1.5029528E+00 3.1002066E-01 -2.7066082E+00 4.5281000E-01
-1.0115182E+00 9.3660091E-01 -1.5516474E+00 3.4068067E-01 -2.7458279E+00 5.0000000E-01
