-9.1241486E-01 1.7423166E-01 -1.0870610E+00 -7.3688128E-01 -1.2519435E+00 -5.7611584E-01
-9.0413494E-01 1.4652982E-01 -1.0502707E+00 -7.5775319E-01 -1.1974564E+00 -6.2402357E-01
-8.9335495E-01 1.4134822E-01 -1.0272066E+00 -7.4552028E-01 -1.1755380E+00 -6.2356843E-01
-8.9833707E-01 1.2409748E-01 -1.0135200E+00 -7.6794230E-01 -1.1480945E+00 -6.6211264E-01
-9.6886289E-01 1.6205932E-01 -1.1290537E+00 -8.0728831E-01 -1.2990075E+00 -6.6414288E-01
-1.0895394E+00 1.9518855E-01 -1.2587469E+00 -8.7278712E-01 -1.4805477E+00 -7.2492377E-01
-1.1549765E+00 2.1155603E-01 -1.3291747E+00 -9.1357093E-01 -1.5828264E+00 -7.6239116E-01
-1.1688968E+00 2.1222077E-01 -1.3454788E+00 -9.2785432E-01 -1.6003489E+00 -7.7740532E-01
-1.1823976E+00 2.2184024E-01 -1.3768760E+00 -9.3579746E-01 -1.6240618E+00 -7.6474924E-01
-1.1809749E+00 2.3817107E-01 -1.4026932E+00 -9.2553817E-01 -1.6712956E+00 -7.4348748E-01
-1.1508905E+00 2.3922474E-01 -1.3885446E+00 -9.1175526E-01 -1.6287180E+00 -6.9549200E-01
-1.0721441E+00 3.0835692E-01 -1.3567700E+00 -7.4769097E-01 -1.7013404E+00 -4.8762443E-01
-9.9905655E-01 4.2369923E-01 -1.4013548E+00 -5.5014483E-01 -1.8502482E+00 -2.1202140E-01
-9.5059392E-01 5.8497749E-01 -1.4919797E+00 -2.9784173E-01 -2.0823489E+00 1.5002276E-01
-9.4265078E-01 6.8036350E-01 -1.5409709E+00 -1.3860025E-01 -2.2512776E+00 3.0716376E-01
-9.4443818E-01 6.8176336E-01 -1.5368506E+00 -1.3218729E-01 -2.2563325E+00 3.0216585E-01
-9.5939849E-01 7.6755208E-01 -1.5123394E+00 5.5711587E-02 -2.4307620E+00 3.6645812E-01
-9.7870682E-01 8.6470214E-01 -1.5297188E+00 2.3291408E-01 -2.5808105E+00 4.8422775E-01
-9.8137191E-01 8.6682131E-01 -1.5138679E+00 2.5369164E-01 -2.6052870E+00 4.5620712E-01
-9.8572965E-01 8.9744593E-01 -1.5545067E+00 2.8296603E-01 -2.6381023E+00 5.0000000E-01
