-1.1916937E+00 1.6362811E-01 -1.3563865E+00 -1.0303856E+00 -1.5191044E+00 -8.7702029E-01
-1.1643599E+00 1.3554518E-01 -1.3002354E+00 -1.0294384E+00 -1.4346265E+00 -9.0460505E-01
-1.1589413E+00 1.2906729E-01 -1.2873582E+00 -1.0294572E+00 -1.4169499E+00 -9.1280502E-01
-1.0601735E+00 1.0721527E-01 -1.1601645E+00 -9.4896863E-01 -1.2774975E+00 -8.5583091E-01
-8.5251578E-01 1.3900941E-01 -9.8073239E-01 -7.0861718E-01 -1.1341426E+00 -5.8377498E-01
-7.0359711E-01 1.5035223E-01 -8.4391155E-01 -5.4889852E-01 -1.0131822E+00 -4.1932799E-01
-6.8638113E-01 1.5316999E-01 -8.2534022E-01 -5.2593849E-01 -1.0057392E+00 -4.0035404E-01
-7.1745493E-01 1.4953263E-01 -8.5351940E-01 -5.6044716E-01 -1.0287305E+00 -4.3897086E-01
-8.1080807E-01 1.6173880E-01 -9.5947823E-01 -6.4019409E-01 -1.1431519E+00 -5.0954202E-01
-8.6448989E-01 1.8127395E-01 -1.0427134E+00 -6.8457566E-01 -1.2355248E+00 -5.2550266E-01
-1.1107380E+00 2.1098367E-01 -1.3125792E+00 -8.9089564E-01 -1.5343493E+00 -7.1417744E-01
-1.6370213E+00 3.0730846E-01 -1.9283402E+00 -1.3177052E+00 -2.2593003E+00 -1.0493122E+00
-2.1090453E+00 3.8569629E-01 -2.5000648E+00 -1.7215405E+00 -2.8552213E+00 -1.3489345E+00
-2.4990566E+00 4.5324166E-01 -3.0324676E+00 -2.1172306E+00 -3.3330459E+00 -1.6256064E+00
-2.6345261E+00 4.8832061E-01 -3.2557503E+00 -2.2898275E+00 -3.5000000E+00 -1.7376275E+00
-2.6277869E+00 4.8757611E-01 -3.2544993E+00 -2.2944981E+00 -3.4718963E+00 -1.7064063E+00
-2.6621577E+00 5.2029284E-01 -3.3373608E+00 -2.3959011E+00 -3.4810938E+00 -1.6393217E+00
-2.6639517E+00 5.8917180E-01 -3.4336938E+00 -2.4217811E+00 -3.5000000E+00 -1.5074709E+00
-2.6565541E+00 5.9069298E-01 -3.4274947E+00 -2.4253404E+00 -3.4844833E+00 -1.4849699E+00
-2.6513898E+00 6.1724120E-01 -3.4938496E+00 -2.4427484E+00 -3.5000000E+00 -1.4431926E+00
