-1.1392610E+00 1.6959874E-01 -1.3079852E+00 -9.6923550E-01 -1.4656720E+00 -8.0392804E-01
-1.1285761E+00 1.4191398E-01 -1.2710729E+00 -9.8609824E-01 -1.3999980E+00 -8.4989277E-01
-1.1286729E+00 1.3441755E-01 -1.2630880E+00 -9.9345312E-01 -1.3875751E+00 -8.6417414E-01
-1.0812765E+00 1.1363078E-01 -1.1949154E+00 -9.6825031E-01 -1.3072254E+00 -8.6355479E-01
-9.6698359E-01 1.5149969E-01 -1.1062123E+00 -8.0666744E-01 -1.2775106E+00 -6.8483240E-01
-8.6160263E-01 1.7439254E-01 -1.0178456E+00 -6.7861485E-01 -1.2264292E+00 -5.3847874E-01
-8.2991643E-01 1.8648201E-01 -9.9292787E-01 -6.2803553E-01 -1.2176199E+00 -4.8996824E-01
-8.3545003E-01 1.8787469E-01 -9.9691489E-01 -6.3152793E-01 -1.2143251E+00 -4.8005772E-01
-8.6694539E-01 1.9961083E-01 -1.0391120E+00 -6.4988167E-01 -1.2894958E+00 -5.0272649E-01
-8.8653278E-01 2.1832574E-01 -1.0786595E+00 -6.5077869E-01 -1.3423234E+00 -4.8353447E-01
-1.0029452E+00 2.2523983E-01 -1.2270115E+00 -7.7849561E-01 -1.4570511E+00 -5.7496165E-01
-1.2628531E+00 3.1591989E-01 -1.5607177E+00 -9.3460931E-01 -1.9004010E+00 -6.6744841E-01
-1.5112225E+00 4.5315336E-01 -1.9676919E+00 -1.0610836E+00 -2.4147326E+00 -6.3506781E-01
-1.7403957E+00 6.2884508E-01 -2.3897849E+00 -1.1007836E+00 -2.9612404E+00 -5.3907368E-01
-1.8342999E+00 7.2641762E-01 -2.6492134E+00 -1.1348060E+00 -3.2112376E+00 -4.7112231E-01
-1.8339992E+00 7.2880570E-01 -2.6562225E+00 -1.1350105E+00 -3.2116684E+00 -4.7316684E-01
-1.8816013E+00 8.0751190E-01 -2.9159489E+00 -1.1982763E+00 -3.3119043E+00 -3.9571837E-01
-1.9069397E+00 8.9439683E-01 -3.1756943E+00 -1.2533597E+00 -3.4432699E+00 -3.0313487E-01
-1.9048404E+00 8.9750683E-01 -3.1695039E+00 -1.2426590E+00 -3.4338153E+00 -2.9338190E-01
-1.9108277E+00 9.2720282E-01 -3.1864723E+00 -1.1943203E+00 -3.5000000E+00 -2.8524732E-01
