-1.0268287E+00 1.7155294E-01 -1.1962803E+00 -8.5839065E-01 -1.3727747E+00 -6.9466370E-01
-1.0371346E+00 1.4594172E-01 -1.1807284E+00 -8.9449418E-01 -1.3345126E+00 -7.5653170E-01
-1.0423361E+00 1.4046297E-01 -1.1801550E+00 -9.0478334E-01 -1.3272614E+00 -7.7286252E-01
-1.0807675E+00 1.1998078E-01 -1.2003795E+00 -9.6103127E-01 -1.3195051E+00 -8.5113492E-01
-1.1459721E+00 1.6142135E-01 -1.2942556E+00 -9.7456914E-01 -1.4725217E+00 -8.4373796E-01
-1.1751313E+00 2.0028290E-01 -1.3548609E+00 -9.5758972E-01 -1.5714289E+00 -7.9120020E-01
-1.1657355E+00 2.1744903E-01 -1.3581568E+00 -9.2479206E-01 -1.5959746E+00 -7.5530843E-01
-1.1488801E+00 2.1719452E-01 -1.3436358E+00 -9.0834391E-01 -1.5743711E+00 -7.3965648E-01
-1.1220213E+00 2.2296050E-01 -1.3248954E+00 -8.7863793E-01 -1.5815225E+00 -7.1330131E-01
-1.1083987E+00 2.3788502E-01 -1.3288075E+00 -8.5531008E-01 -1.5962364E+00 -6.6291309E-01
-1.0683077E+00 2.3374773E-01 -1.2870833E+00 -8.2527366E-01 -1.5439847E+00 -6.2347145E-01
-9.9749618E-01 3.1225345E-01 -1.2891446E+00 -6.7407246E-01 -1.6332859E+00 -4.0606971E-01
-9.5236494E-01 4.5200117E-01 -1.3569302E+00 -4.7321540E-01 -1.8514611E+00 -7.3966546E-02
-9.3740290E-01 6.2465411E-01 -1.4719591E+00 -2.2847670E-01 -2.1526610E+00 2.3802845E-01
-9.4334159E-01 7.1913493E-01 -1.5070256E+00 -6.3445898E-02 -2.3348402E+00 3.5914955E-01
-9.4422492E-01 7.2211241E-01 -1.4939103E+00 -4.6668586E-02 -2.3475673E+00 3.4459778E-01
-9.5994393E-01 8.0332025E-01 -1.4723125E+00 1.1805925E-01 -2.5325781E+00 3.7636947E-01
-9.7676695E-01 8.9469743E-01 -1.4789284E+00 2.9624823E-01 -2.6781646E+00 4.8475402E-01
-9.7788414E-01 8.9626183E-01 -1.4628063E+00 3.1502790E-01 -2.6931894E+00 4.6414292E-01
-9.8451043E-01 9.2580130E-01 -1.4943223E+00 3.5311099E-01 -2.7326279E+00 5.0000000E-01
