-9.9937233E-01 1.6524622E-01 -1.1634898E+00 -8.3459215E-01 -1.3192070E+00 -6.7279421E-01
-9.8610020E-01 1.3873665E-01 -1.1243777E+00 -8.4863222E-01 -1.2586330E+00 -7.1607161E-01
-9.7580232E-01 1.3261494E-01 -1.1078976E+00 -8.4408646E-01 -1.2362459E+00 -7.1665773E-01
-9.3525843E-01 1.1515567E-01 -1.0493024E+00 -8.2146820E-01 -1.1614954E+00 -7.0837622E-01
-8.9705138E-01 1.5283684E-01 -1.0411280E+00 -7.3889587E-01 -1.2070468E+00 -6.0752443E-01
-9.3616556E-01 1.8217725E-01 -1.0909470E+00 -7.3734549E-01 -1.3033181E+00 -5.8976686E-01
-9.9533386E-01 1.9453809E-01 -1.1629077E+00 -7.8394969E-01 -1.3837584E+00 -6.2843497E-01
-1.0344618E+00 1.9231716E-01 -1.2012900E+00 -8.2489850E-01 -1.4173110E+00 -6.7334004E-01
-1.1122680E+00 1.9861453E-01 -1.2895420E+00 -8.9617422E-01 -1.5035559E+00 -7.3479412E-01
-1.1534155E+00 2.1510880E-01 -1.3452791E+00 -9.1872462E-01 -1.6016081E+00 -7.6276952E-01
-1.2519490E+00 2.3009084E-01 -1.4656677E+00 -1.0112966E+00 -1.7241173E+00 -8.2304279E-01
-1.4021200E+00 3.3490791E-01 -1.7367179E+00 -1.0665600E+00 -2.0727940E+00 -7.7010483E-01
-1.4835176E+00 4.7428326E-01 -1.9203415E+00 -9.6856383E-01 -2.4463321E+00 -6.0802441E-01
-1.5101127E+00 6.4766989E-01 -2.1105371E+00 -7.8769022E-01 -2.8091001E+00 -3.1998300E-01
-1.5053654E+00 7.4549680E-01 -2.2061100E+00 -6.5981994E-01 -2.9772122E+00 -1.3344763E-01
-1.5027012E+00 7.4760096E-01 -2.2067926E+00 -6.5215834E-01 -2.9783635E+00 -1.2817709E-01
-1.4890256E+00 8.3393537E-01 -2.3091439E+00 -5.2032006E-01 -3.0861210E+00 1.6402742E-02
-1.4770011E+00 9.3115570E-01 -2.5036657E+00 -4.6823715E-01 -3.2219433E+00 2.1411523E-01
-1.4756263E+00 9.3300015E-01 -2.5047762E+00 -4.6340489E-01 -3.2217690E+00 2.1752721E-01
-1.4726985E+00 9.6372396E-01 -2.5349044E+00 -4.2211880E-01 -3.5000000E+00 5.0000000E-01
