-1.0597680E+00 1.7059636E-01 -1.2290935E+00 -8.9058240E-01 -1.3983666E+00 -7.2926662E-01
-1.0363281E+00 1.4332972E-01 -1.1795613E+00 -8.9457939E-01 -1.3213488E+00 -7.5894095E-01
-1.0230575E+00 1.3708161E-01 -1.1596099E+00 -8.8710762E-01 -1.2981798E+00 -7.6019075E-01
-9.6523932E-01 1.1898066E-01 -1.0834202E+00 -8.4769265E-01 -1.2033754E+00 -7.3769481E-01
-8.8886374E-01 1.5260574E-01 -1.0406886E+00 -7.3607758E-01 -1.1897692E+00 -5.9587522E-01
-8.8518623E-01 1.7829498E-01 -1.0444314E+00 -6.9845286E-01 -1.2409902E+00 -5.4016183E-01
-9.2124477E-01 1.9070304E-01 -1.0813584E+00 -7.1552742E-01 -1.3034588E+00 -5.5725713E-01
-9.5096286E-01 1.8985412E-01 -1.1095539E+00 -7.4523335E-01 -1.3325151E+00 -5.9173826E-01
-1.0119534E+00 1.9923867E-01 -1.1853694E+00 -7.9713918E-01 -1.4094095E+00 -6.2730453E-01
-1.0441143E+00 2.1516130E-01 -1.2399238E+00 -8.1631058E-01 -1.4938033E+00 -6.4440257E-01
-1.1387521E+00 2.2733491E-01 -1.3620006E+00 -9.1196616E-01 -1.5957275E+00 -7.0385788E-01
-1.3104067E+00 3.3006740E-01 -1.6449849E+00 -9.8198590E-01 -1.9638833E+00 -6.7560586E-01
-1.4445538E+00 4.6674652E-01 -1.8825916E+00 -9.5280876E-01 -2.3806799E+00 -5.4595141E-01
-1.5528748E+00 6.3827368E-01 -2.1646276E+00 -8.5988363E-01 -2.8143606E+00 -3.5231756E-01
-1.5952860E+00 7.3722316E-01 -2.3374823E+00 -7.9486463E-01 -3.0014461E+00 -2.1627617E-01
-1.5944870E+00 7.3994278E-01 -2.3415981E+00 -7.8912212E-01 -3.0025979E+00 -2.1124879E-01
-1.6196604E+00 8.2546237E-01 -2.5274853E+00 -7.3899091E-01 -3.1448863E+00 -1.1456415E-01
-1.6354134E+00 9.1938755E-01 -2.6534228E+00 -6.3724572E-01 -3.3366042E+00 4.5102057E-03
-1.6330863E+00 9.2113595E-01 -2.6536366E+00 -6.3336039E-01 -3.3402907E+00 -3.7616271E-03
-1.6359646E+00 9.5187821E-01 -2.6880222E+00 -6.0185452E-01 -3.5000000E+00 5.0000000E-01
