-1.2698936E+00 1.7892286E-01 -1.4505636E+00 -1.0923508E+00 -1.6189199E+00 -9.2347747E-01
-1.2705221E+00 1.5352947E-01 -1.4250375E+00 -1.1170677E+00 -1.5716434E+00 -9.7649048E-01
-1.2744522E+00 1.4780153E-01 -1.4227228E+00 -1.1259647E+00 -1.5678720E+00 -9.9366604E-01
-1.2659084E+00 1.3205202E-01 -1.3883474E+00 -1.1288367E+00 -1.5380742E+00 -1.0184146E+00
-1.2195358E+00 1.7209434E-01 -1.3811863E+00 -1.0394863E+00 -1.5696396E+00 -8.9583102E-01
-1.1370776E+00 2.0654904E-01 -1.3225993E+00 -9.1554120E-01 -1.5480511E+00 -7.4094237E-01
-1.0817534E+00 2.2257887E-01 -1.2790236E+00 -8.4104601E-01 -1.5319399E+00 -6.5943747E-01
-1.0565656E+00 2.2230149E-01 -1.2541445E+00 -8.1344152E-01 -1.4988796E+00 -6.3465198E-01
-1.0030174E+00 2.2819588E-01 -1.2053504E+00 -7.5025782E-01 -1.4551200E+00 -5.7522603E-01
-9.7627297E-01 2.4191895E-01 -1.1925749E+00 -7.1109145E-01 -1.4715120E+00 -5.3450769E-01
-9.0817464E-01 2.3842796E-01 -1.1321496E+00 -6.6280374E-01 -1.3953333E+00 -4.5766037E-01
-8.0848550E-01 3.0558938E-01 -1.1137224E+00 -5.0682071E-01 -1.4195369E+00 -2.1649336E-01
-7.6360953E-01 4.2138121E-01 -1.1473076E+00 -3.1103289E-01 -1.6322099E+00 1.8502143E-02
-7.6991126E-01 5.7006683E-01 -1.2511650E+00 -1.0249029E-01 -1.8827737E+00 2.8026764E-01
-7.9838249E-01 6.5731819E-01 -1.3214518E+00 1.2073327E-02 -2.0508000E+00 3.8393282E-01
-8.0462158E-01 6.5951625E-01 -1.3241630E+00 1.4757772E-02 -2.0617996E+00 3.7351485E-01
-8.5538014E-01 7.3950344E-01 -1.3480003E+00 1.4375876E-01 -2.2687606E+00 3.8568727E-01
-9.0080879E-01 8.3462406E-01 -1.3899884E+00 2.8988833E-01 -2.4509434E+00 4.7648930E-01
-9.0300408E-01 8.3743281E-01 -1.3744222E+00 3.1213445E-01 -2.4646779E+00 4.6149077E-01
-9.1571446E-01 8.6746037E-01 -1.4412659E+00 3.1704982E-01 -2.5030560E+00 5.0000000E-01
