-1.1920091E+00 1.8368243E-01 -1.3739163E+00 -1.0096415E+00 -1.5649981E+00 -8.4298892E-01
-1.1805770E+00 1.5837811E-01 -1.3252634E+00 -1.0159099E+00 -1.5095369E+00 -8.8446695E-01
-1.1786956E+00 1.5187117E-01 -1.3160629E+00 -1.0209524E+00 -1.4972394E+00 -8.9685652E-01
-1.1349885E+00 1.3125854E-01 -1.2482739E+00 -9.9391160E-01 -1.4171644E+00 -8.9372053E-01
-1.0336687E+00 1.6418880E-01 -1.1827548E+00 -8.6148131E-01 -1.3728189E+00 -7.2824956E-01
-9.3013429E-01 2.0030873E-01 -1.0969809E+00 -7.1044388E-01 -1.3408256E+00 -5.5494128E-01
-8.8554106E-01 2.1777710E-01 -1.0605102E+00 -6.3872360E-01 -1.3332665E+00 -4.8720140E-01
-8.7663019E-01 2.1750169E-01 -1.0489549E+00 -6.2926874E-01 -1.3265690E+00 -4.7688232E-01
-8.6421698E-01 2.1954696E-01 -1.0471367E+00 -6.2216422E-01 -1.3177861E+00 -4.5366609E-01
-8.5845663E-01 2.3126783E-01 -1.0573192E+00 -6.0631889E-01 -1.3565476E+00 -4.3986969E-01
-8.8708469E-01 2.2640872E-01 -1.1026524E+00 -6.4937268E-01 -1.3434135E+00 -4.5750562E-01
-9.7876573E-01 3.1708804E-01 -1.2916926E+00 -6.6401560E-01 -1.6070135E+00 -3.5843305E-01
-1.0805266E+00 4.6929967E-01 -1.5461815E+00 -6.1032064E-01 -2.0323283E+00 -1.8205368E-01
-1.1801694E+00 6.6289727E-01 -1.8265286E+00 -4.5854498E-01 -2.5149481E+00 4.8328672E-02
-1.2274540E+00 7.7021723E-01 -1.9763053E+00 -3.4984597E-01 -2.7478001E+00 1.6996834E-01
-1.2284273E+00 7.7338931E-01 -1.9814986E+00 -3.4673844E-01 -2.7005874E+00 2.1597489E-01
-1.2709305E+00 8.6361991E-01 -2.0784855E+00 -2.0269888E-01 -2.8743874E+00 2.6575415E-01
-1.3048336E+00 9.5977771E-01 -2.1861989E+00 -8.1155368E-02 -3.0497136E+00 3.8450753E-01
-1.3066787E+00 9.5999180E-01 -2.1853977E+00 -8.1708150E-02 -3.0401192E+00 3.8285797E-01
-1.3140580E+00 9.9074920E-01 -2.2144532E+00 -3.9503192E-02 -3.5000000E+00 5.0000000E-01
