-1.3201370E+00 1.7777584E-01 -1.4949247E+00 -1.1442188E+00 -1.6753016E+00 -9.7255349E-01
-1.3036442E+00 1.5150668E-01 -1.4534377E+00 -1.1525632E+00 -1.6053499E+00 -1.0114860E+00
-1.2976769E+00 1.4548376E-01 -1.4417094E+00 -1.1518432E+00 -1.5862173E+00 -1.0185518E+00
-1.2454923E+00 1.2882742E-01 -1.3671287E+00 -1.1097705E+00 -1.5056452E+00 -1.0025796E+00
-1.1450690E+00 1.6918357E-01 -1.3031386E+00 -9.6834779E-01 -1.4922088E+00 -8.2727438E-01
-1.0729330E+00 1.9886596E-01 -1.2497418E+00 -8.5534215E-01 -1.4694296E+00 -6.9941632E-01
-1.0575412E+00 2.1294379E-01 -1.2420445E+00 -8.2195119E-01 -1.4890966E+00 -6.5914368E-01
-1.0667267E+00 2.1126473E-01 -1.2513103E+00 -8.3319514E-01 -1.5087392E+00 -6.8496778E-01
-1.0727104E+00 2.1432287E-01 -1.2723416E+00 -8.4546081E-01 -1.5167280E+00 -6.7525054E-01
-1.0805003E+00 2.2775083E-01 -1.2976216E+00 -8.4354928E-01 -1.5450142E+00 -6.5267686E-01
-1.0653508E+00 2.2947214E-01 -1.2891740E+00 -8.4005160E-01 -1.5287127E+00 -6.1860902E-01
-1.0061390E+00 3.1476116E-01 -1.3167159E+00 -6.9732726E-01 -1.6524667E+00 -4.0802690E-01
-9.3474191E-01 4.3822861E-01 -1.3166081E+00 -4.6336607E-01 -1.8127979E+00 -9.5388870E-02
-8.7118690E-01 5.9171213E-01 -1.3376525E+00 -1.9748567E-01 -2.0491603E+00 2.2938132E-01
-8.5187422E-01 6.8048072E-01 -1.3366411E+00 -3.0539196E-02 -2.2021135E+00 3.6096704E-01
-8.5299976E-01 6.8276896E-01 -1.3304775E+00 -2.2668237E-02 -2.2116223E+00 3.5218116E-01
-8.5518911E-01 7.6292216E-01 -1.3027735E+00 1.4066863E-01 -2.3809413E+00 3.9333180E-01
-8.6442692E-01 8.5561821E-01 -1.3059879E+00 3.1539073E-01 -2.5145518E+00 5.0000000E-01
-8.6819031E-01 8.5681903E-01 -1.2877837E+00 3.3089678E-01 -2.5432950E+00 4.7122960E-01
-8.7377000E-01 8.8574473E-01 -1.3207724E+00 3.6872092E-01 -2.5835304E+00 5.0000000E-01
