-1.1482316E+00 1.7243911E-01 -1.3124979E+00 -9.7070393E-01 -1.4965428E+00 -8.1906990E-01
-1.1444626E+00 1.4685343E-01 -1.2801663E+00 -9.9148189E-01 -1.4448927E+00 -8.6735209E-01
-1.1501788E+00 1.4043554E-01 -1.2818333E+00 -1.0043222E+00 -1.4357829E+00 -8.8464711E-01
-1.1258147E+00 1.2178886E-01 -1.2360206E+00 -9.9763814E-01 -1.3771237E+00 -8.9860691E-01
-1.0215616E+00 1.5552553E-01 -1.1575117E+00 -8.5874608E-01 -1.3508641E+00 -7.3596487E-01
-8.6798907E-01 1.8352969E-01 -1.0150417E+00 -6.7183749E-01 -1.2371865E+00 -5.1709272E-01
-7.8458838E-01 1.9743856E-01 -9.3368963E-01 -5.7171268E-01 -1.1834371E+00 -4.1378105E-01
-7.6130661E-01 1.9775593E-01 -9.0798529E-01 -5.4573845E-01 -1.1637322E+00 -3.9125450E-01
-7.4453623E-01 2.0523891E-01 -9.0329792E-01 -5.1478440E-01 -1.1629505E+00 -3.6379899E-01
-7.3746006E-01 2.2278445E-01 -9.1943499E-01 -4.8876518E-01 -1.1897657E+00 -3.2176387E-01
-8.1660543E-01 2.2559316E-01 -1.0245210E+00 -5.7923801E-01 -1.2772564E+00 -3.8787820E-01
-1.0659623E+00 3.0815695E-01 -1.3724011E+00 -7.6246869E-01 -1.6827758E+00 -4.7211685E-01
-1.3594626E+00 4.5233970E-01 -1.8155658E+00 -9.1506728E-01 -2.2420488E+00 -4.6143072E-01
-1.6589921E+00 6.4128830E-01 -2.3461010E+00 -1.0537384E+00 -2.9047040E+00 -4.2455556E-01
-1.7916549E+00 7.4337417E-01 -2.6397151E+00 -1.1206102E+00 -3.2030308E+00 -3.6405893E-01
-1.7916466E+00 7.4594400E-01 -2.6500504E+00 -1.1232658E+00 -3.2009027E+00 -3.5904435E-01
-1.8658786E+00 8.2752491E-01 -2.9244870E+00 -1.2116938E+00 -3.3277125E+00 -2.8596226E-01
-1.9097833E+00 9.1838526E-01 -3.1970909E+00 -1.2810821E+00 -3.4851804E+00 -2.1654503E-01
-1.9067208E+00 9.1845620E-01 -3.2667334E+00 -1.2880800E+00 -3.4468461E+00 -1.9310226E-01
-1.9150491E+00 9.4665074E-01 -3.2260708E+00 -1.2424878E+00 -3.5000000E+00 -1.8297576E-01
