-1.2000983E+00 1.8060423E-01 -1.3784962E+00 -1.0221364E+00 -1.5611742E+00 -8.4731653E-01
-1.1821665E+00 1.5399894E-01 -1.3347744E+00 -1.0301383E+00 -1.4928057E+00 -8.8644378E-01
-1.1724216E+00 1.4759328E-01 -1.3177566E+00 -1.0263660E+00 -1.4690553E+00 -8.8866346E-01
-1.1266240E+00 1.3067985E-01 -1.2478114E+00 -9.8945658E-01 -1.3907209E+00 -8.7758623E-01
-1.0540863E+00 1.6697445E-01 -1.2110441E+00 -8.8095800E-01 -1.3916506E+00 -7.3580226E-01
-1.0113978E+00 2.0038965E-01 -1.1942452E+00 -7.9535963E-01 -1.4190956E+00 -6.3762374E-01
-1.0029208E+00 2.1600605E-01 -1.2017590E+00 -7.6940468E-01 -1.4439799E+00 -6.0389710E-01
-1.0084344E+00 2.1467913E-01 -1.2069901E+00 -7.7753355E-01 -1.4483112E+00 -6.1447517E-01
-1.0047749E+00 2.1674278E-01 -1.2081149E+00 -7.7476688E-01 -1.4488161E+00 -6.0248299E-01
-1.0026413E+00 2.2711757E-01 -1.2185389E+00 -7.6439412E-01 -1.4588398E+00 -5.7353512E-01
-9.6368135E-01 2.2175771E-01 -1.1722246E+00 -7.3462743E-01 -1.4136661E+00 -5.4170731E-01
-8.7112769E-01 2.9596329E-01 -1.1614634E+00 -5.8198406E-01 -1.4729696E+00 -2.9977876E-01
-7.8469008E-01 4.1383006E-01 -1.1502258E+00 -3.3732654E-01 -1.6620359E+00 -2.5169953E-02
-7.1407761E-01 5.5761387E-01 -1.1428955E+00 -4.8935803E-02 -1.8454977E+00 2.9628218E-01
-6.9263400E-01 6.3789639E-01 -1.1469347E+00 9.7469671E-02 -1.9389117E+00 4.4115254E-01
-6.9219274E-01 6.3919690E-01 -1.1439128E+00 1.0198556E-01 -1.9451453E+00 4.3471602E-01
-7.0434027E-01 7.0552153E-01 -1.1183702E+00 2.3407009E-01 -2.0838389E+00 4.4278541E-01
-7.2624110E-01 7.8772681E-01 -1.1181017E+00 3.7922425E-01 -2.2107022E+00 5.0000000E-01
-7.2997804E-01 7.8934764E-01 -1.1004935E+00 3.8972650E-01 -2.2316115E+00 4.8230060E-01
-7.3773837E-01 8.1725944E-01 -1.0945550E+00 4.6139403E-01 -2.2736422E+00 5.0000000E-01
