-1.3233724E+00 1.8319346E-01 -1.4940317E+00 -1.1301312E+00 -1.6938367E+00 -9.7660782E-01
-1.3012988E+00 1.6013267E-01 -1.4478959E+00 -1.1312377E+00 -1.6284278E+00 -9.9998075E-01
-1.2921605E+00 1.5531174E-01 -1.4346621E+00 -1.1274733E+00 -1.6095108E+00 -9.9963304E-01
-1.2278259E+00 1.4028077E-01 -1.3506238E+00 -1.0770332E+00 -1.5104441E+00 -9.5984257E-01
-1.1175038E+00 1.7467791E-01 -1.2773676E+00 -9.3362580E-01 -1.4762111E+00 -7.8801877E-01
-1.0501331E+00 1.9978457E-01 -1.2351116E+00 -8.3705595E-01 -1.4617558E+00 -6.7896655E-01
-1.0383463E+00 2.0899877E-01 -1.2363666E+00 -8.1656759E-01 -1.4636544E+00 -6.4988572E-01
-1.0454452E+00 2.0542592E-01 -1.2392676E+00 -8.2744529E-01 -1.4634035E+00 -6.6533095E-01
-1.0342920E+00 2.0720285E-01 -1.2298152E+00 -8.1616461E-01 -1.4528804E+00 -6.4866678E-01
-1.0300728E+00 2.2129395E-01 -1.2505466E+00 -8.0622853E-01 -1.4697958E+00 -6.1131820E-01
-9.6620646E-01 2.2586530E-01 -1.1921790E+00 -7.4065395E-01 -1.4170315E+00 -5.3711541E-01
-8.0554687E-01 2.9411903E-01 -1.0954125E+00 -5.1573500E-01 -1.3954115E+00 -2.3944416E-01
-6.4504490E-01 3.9218021E-01 -9.9131907E-01 -2.2498084E-01 -1.4106098E+00 1.0241571E-01
-5.1140794E-01 5.1642816E-01 -8.7629852E-01 1.0128535E-01 -1.5018380E+00 4.0285455E-01
-4.7320787E-01 5.8794671E-01 -8.2741424E-01 2.5391991E-01 -1.5774154E+00 5.0000000E-01
-4.7784293E-01 5.8941129E-01 -8.2259297E-01 2.5514392E-01 -1.5894647E+00 5.0000000E-01
-4.9764212E-01 6.5013536E-01 -7.9052760E-01 3.2886502E-01 -1.7779092E+00 4.9012216E-01
-5.2794639E-01 7.3014662E-01 -8.1462440E-01 4.1874811E-01 -1.9665382E+00 5.0000000E-01
-5.3261124E-01 7.3113549E-01 -8.0478718E-01 4.2002861E-01 -1.9799825E+00 4.9398402E-01
-5.4328094E-01 7.5778277E-01 -7.9933194E-01 4.8308549E-01 -2.0326814E+00 5.0000000E-01
