-9.0561504E-01 1.7564168E-01 -1.0786830E+00 -7.3229274E-01 -1.2561179E+00 -5.6077688E-01
-9.2421170E-01 1.4974307E-01 -1.0717885E+00 -7.7586160E-01 -1.2247116E+00 -6.3539809E-01
-9.3646093E-01 1.4398965E-01 -1.0787408E+00 -7.9391781E-01 -1.2263220E+00 -6.5813287E-01
-9.8446228E-01 1.2423877E-01 -1.1001549E+00 -8.5659732E-01 -1.2390532E+00 -7.5096257E-01
-1.0429634E+00 1.6642222E-01 -1.1936410E+00 -8.7067850E-01 -1.3916461E+00 -7.3334809E-01
-1.0418646E+00 2.0726903E-01 -1.2148877E+00 -8.1242297E-01 -1.4517234E+00 -6.5681194E-01
-1.0155238E+00 2.2604673E-01 -1.1998953E+00 -7.6009418E-01 -1.4647426E+00 -5.9888579E-01
-9.9436103E-01 2.2617395E-01 -1.1755358E+00 -7.3545387E-01 -1.4482778E+00 -5.7875796E-01
-9.6780445E-01 2.2910536E-01 -1.1596083E+00 -7.1244479E-01 -1.4317752E+00 -5.4249178E-01
-9.5503294E-01 2.4173487E-01 -1.1626041E+00 -6.8692573E-01 -1.4637913E+00 -5.1573181E-01
-9.6274665E-01 2.3113977E-01 -1.1902515E+00 -7.3432522E-01 -1.4295236E+00 -5.2165250E-01
-1.0239588E+00 3.1892289E-01 -1.3209434E+00 -6.9760182E-01 -1.6835194E+00 -4.1521448E-01
-1.1164596E+00 4.7797195E-01 -1.5624288E+00 -6.0600853E-01 -2.1029114E+00 -2.2707399E-01
-1.2212118E+00 6.7467867E-01 -1.8533951E+00 -4.6557635E-01 -2.5749315E+00 2.0079224E-02
-1.2684841E+00 7.8047900E-01 -2.0002142E+00 -3.6513631E-01 -2.8186911E+00 1.3889471E-01
-1.2666752E+00 7.8328143E-01 -2.0011846E+00 -3.5646743E-01 -2.8243097E+00 1.4224278E-01
-1.2897956E+00 8.6808022E-01 -2.0885571E+00 -2.1839932E-01 -2.9208106E+00 2.5297410E-01
-1.3045750E+00 9.5708196E-01 -2.2078325E+00 -1.1973132E-01 -3.0439046E+00 4.0504785E-01
-1.3044831E+00 9.5808919E-01 -2.2039400E+00 -1.1286224E-01 -3.0350867E+00 4.0543015E-01
-1.3098470E+00 9.8608437E-01 -2.2246689E+00 -6.8246823E-02 -3.5000000E+00 5.0000000E-01
