-1.1525563E+00 1.8025027E-01 -1.3224468E+00 -9.6502327E-01 -1.5169533E+00 -8.1051100E-01
-1.1421681E+00 1.5184283E-01 -1.2826805E+00 -9.8283623E-01 -1.4529768E+00 -8.5566545E-01
-1.1363969E+00 1.4548704E-01 -1.2712713E+00 -9.8339397E-01 -1.4323039E+00 -8.6249555E-01
-1.1109463E+00 1.2669226E-01 -1.2285161E+00 -9.7784463E-01 -1.3724188E+00 -8.7323250E-01
-1.0668282E+00 1.6336097E-01 -1.2207092E+00 -8.9244345E-01 -1.3925938E+00 -7.5996945E-01
-1.0371034E+00 1.9760310E-01 -1.2154379E+00 -8.2322883E-01 -1.4425174E+00 -6.7358928E-01
-1.0312329E+00 2.1305202E-01 -1.2172524E+00 -7.9727544E-01 -1.4752969E+00 -6.4486285E-01
-1.0352424E+00 2.1125478E-01 -1.2192753E+00 -8.0399079E-01 -1.4576074E+00 -6.3210131E-01
-1.0388848E+00 2.1563067E-01 -1.2365329E+00 -8.1006647E-01 -1.4852666E+00 -6.3910091E-01
-1.0426887E+00 2.3114291E-01 -1.2616840E+00 -8.0178450E-01 -1.5124345E+00 -6.0494181E-01
-1.0368983E+00 2.3559809E-01 -1.2699193E+00 -7.9895512E-01 -1.5032071E+00 -5.8528701E-01
-1.0208547E+00 3.2344339E-01 -1.3374533E+00 -6.9947947E-01 -1.6778306E+00 -4.0420953E-01
-1.0099110E+00 4.5994067E-01 -1.4151429E+00 -5.0681745E-01 -1.9249060E+00 -1.3351682E-01
-1.0147155E+00 6.3276241E-01 -1.5392778E+00 -2.7358483E-01 -2.2767654E+00 1.5097824E-01
-1.0261481E+00 7.2978224E-01 -1.6221418E+00 -1.4866025E-01 -2.4496064E+00 3.0909371E-01
-1.0280918E+00 7.3328251E-01 -1.6207112E+00 -1.3942375E-01 -2.4559080E+00 3.0795894E-01
-1.0492059E+00 8.1403134E-01 -1.6402663E+00 2.8171466E-02 -2.6084569E+00 3.5674207E-01
-1.0675255E+00 9.0336398E-01 -1.6596976E+00 2.1186488E-01 -2.7437573E+00 4.6767230E-01
-1.0686259E+00 9.0379163E-01 -1.6485266E+00 2.2360823E-01 -2.7561673E+00 4.4402902E-01
-1.0729896E+00 9.3028315E-01 -1.7204092E+00 2.1722958E-01 -2.7754010E+00 5.0000000E-01
