-1.1407804E+00 1.8536118E-01 -1.3249920E+00 -9.5832978E-01 -1.5149285E+00 -7.8258895E-01
-1.1356148E+00 1.6106504E-01 -1.2874367E+00 -9.6784037E-01 -1.4602513E+00 -8.2724426E-01
-1.1252566E+00 1.5588298E-01 -1.2810930E+00 -9.7082667E-01 -1.4406948E+00 -8.2690032E-01
-1.1262201E+00 1.3852567E-01 -1.2623787E+00 -9.8824818E-01 -1.4104267E+00 -8.6284771E-01
-1.1745917E+00 1.6909797E-01 -1.3424549E+00 -1.0052396E+00 -1.5109984E+00 -8.5041699E-01
-1.2495480E+00 1.9108780E-01 -1.4389799E+00 -1.0583380E+00 -1.6333067E+00 -8.8539462E-01
-1.2773337E+00 2.0045867E-01 -1.4651757E+00 -1.0666131E+00 -1.6797072E+00 -8.9231094E-01
-1.2730901E+00 1.9639352E-01 -1.4723252E+00 -1.0778017E+00 -1.6621284E+00 -8.9324306E-01
-1.2291723E+00 2.0503015E-01 -1.4348102E+00 -1.0246957E+00 -1.6332615E+00 -8.3111809E-01
-1.2003337E+00 2.2193410E-01 -1.4213271E+00 -9.7806453E-01 -1.6373792E+00 -7.6724487E-01
-1.0381915E+00 2.3639636E-01 -1.2741603E+00 -8.0345353E-01 -1.5048149E+00 -5.7597309E-01
-6.9609097E-01 2.9027846E-01 -9.8807577E-01 -4.0877518E-01 -1.2680505E+00 -1.3305975E-01
-4.1845445E-01 3.3383221E-01 -7.3068418E-01 -6.0721664E-02 -1.0692503E+00 2.2185013E-01
-2.4086371E-01 3.9413979E-01 -5.2940957E-01 2.3830209E-01 -9.8588025E-01 4.6248116E-01
-2.1511795E-01 4.4507556E-01 -4.7551614E-01 3.5845358E-01 -1.0499328E+00 5.0000000E-01
-2.2823832E-01 4.4531500E-01 -4.8114692E-01 3.4582880E-01 -1.0652205E+00 5.0000000E-01
-2.8874406E-01 5.0593389E-01 -5.2447174E-01 3.6196851E-01 -1.2686061E+00 4.9379308E-01
-3.5660097E-01 5.9805148E-01 -5.9679178E-01 4.3390533E-01 -1.4971600E+00 5.0000000E-01
-3.6339865E-01 6.0103257E-01 -5.9344992E-01 4.3210254E-01 -1.5174769E+00 4.9130311E-01
-3.8343142E-01 6.3242604E-01 -5.9016119E-01 5.0000000E-01 -1.5903423E+00 5.0000000E-01
