-1.2783527E+00 1.8414710E-01 -1.4589092E+00 -1.0957713E+00 -1.6487202E+00 -9.2359722E-01
-1.2570555E+00 1.5850631E-01 -1.4140255E+00 -1.0984160E+00 -1.5762452E+00 -9.5610821E-01
-1.2481893E+00 1.5168813E-01 -1.3910895E+00 -1.0883110E+00 -1.5526540E+00 -9.6376107E-01
-1.1892128E+00 1.3071810E-01 -1.3097869E+00 -1.0510426E+00 -1.4558363E+00 -9.4701297E-01
-1.0719007E+00 1.6408201E-01 -1.2220983E+00 -8.9979861E-01 -1.4105125E+00 -7.6565624E-01
-9.6828036E-01 1.9693987E-01 -1.1461607E+00 -7.5516370E-01 -1.3595602E+00 -5.9342015E-01
-9.2682889E-01 2.1439681E-01 -1.1181632E+00 -6.9130266E-01 -1.3518529E+00 -5.2561291E-01
-9.1624828E-01 2.1475100E-01 -1.1045405E+00 -6.7482032E-01 -1.3411747E+00 -5.1744161E-01
-8.9478848E-01 2.2037297E-01 -1.0951158E+00 -6.5131571E-01 -1.3494636E+00 -4.9535039E-01
-8.8478176E-01 2.3413892E-01 -1.0997633E+00 -6.3155788E-01 -1.3642322E+00 -4.5194010E-01
-8.8262978E-01 2.2825828E-01 -1.1005992E+00 -6.4429666E-01 -1.3442573E+00 -4.5495087E-01
-9.1259517E-01 3.0542493E-01 -1.2022269E+00 -5.9448562E-01 -1.5256631E+00 -3.2660332E-01
-9.6805852E-01 4.5304678E-01 -1.3800471E+00 -4.8398891E-01 -1.9049942E+00 -1.2492342E-01
-1.0387723E+00 6.5107971E-01 -1.6220868E+00 -3.0052381E-01 -2.3131597E+00 1.8370948E-01
-1.0775978E+00 7.5934861E-01 -1.7312837E+00 -1.6276634E-01 -2.5283359E+00 3.1677749E-01
-1.0805694E+00 7.6181761E-01 -1.7370181E+00 -1.6136923E-01 -2.5362410E+00 3.0924601E-01
-1.1114639E+00 8.4365685E-01 -1.7670945E+00 -5.0202604E-04 -2.7106733E+00 3.4339764E-01
-1.1332117E+00 9.3079180E-01 -1.8057056E+00 1.6479697E-01 -2.8510638E+00 4.5913727E-01
-1.1326842E+00 9.3105918E-01 -1.8307197E+00 1.4165186E-01 -2.8536801E+00 4.4504848E-01
-1.1370166E+00 9.5963337E-01 -1.8618772E+00 1.7326197E-01 -2.8779740E+00 5.0000000E-01
