-1.1992650E+00 1.7375285E-01 -1.3704864E+00 -1.0258001E+00 -1.5372493E+00 -8.5376986E-01
-1.1980248E+00 1.4681849E-01 -1.3444064E+00 -1.0524278E+00 -1.4872011E+00 -9.1193692E-01
-1.2050825E+00 1.3958400E-01 -1.3437957E+00 -1.0669316E+00 -1.4841093E+00 -9.3648027E-01
-1.1893898E+00 1.1993121E-01 -1.2993134E+00 -1.0635797E+00 -1.4371763E+00 -9.6472508E-01
-1.0896209E+00 1.5501218E-01 -1.2267250E+00 -9.2427739E-01 -1.4150956E+00 -8.0535090E-01
-9.1614063E-01 1.7918749E-01 -1.0673232E+00 -7.2212256E-01 -1.2730412E+00 -5.7701850E-01
-8.0888170E-01 1.8879662E-01 -9.6358918E-01 -6.0504639E-01 -1.1843740E+00 -4.5144020E-01
-7.6934799E-01 1.8710072E-01 -9.1927624E-01 -5.6647829E-01 -1.1436821E+00 -4.1684315E-01
-7.2638838E-01 1.9384511E-01 -8.8679907E-01 -5.1477781E-01 -1.1156964E+00 -3.6221728E-01
-7.0717498E-01 2.1117173E-01 -8.8859238E-01 -4.7858557E-01 -1.1298864E+00 -3.0758313E-01
-7.7197136E-01 2.2067394E-01 -9.7378397E-01 -5.4065007E-01 -1.2230916E+00 -3.5731918E-01
-1.0156306E+00 3.0900165E-01 -1.3246455E+00 -7.0790054E-01 -1.6237946E+00 -4.1475182E-01
-1.3306806E+00 4.4501877E-01 -1.7781587E+00 -8.8213130E-01 -2.1806095E+00 -4.4375156E-01
-1.6780354E+00 6.2158526E-01 -2.3806353E+00 -1.1294639E+00 -2.8397460E+00 -4.4255873E-01
-1.8457503E+00 7.2037799E-01 -2.7130473E+00 -1.2605597E+00 -3.1547184E+00 -4.2004547E-01
-1.8517338E+00 7.2319179E-01 -2.7290223E+00 -1.2728953E+00 -3.1618546E+00 -4.2580836E-01
-1.9663509E+00 8.0321285E-01 -3.0158333E+00 -1.4066776E+00 -3.3266703E+00 -3.9486360E-01
-2.0392466E+00 8.9111932E-01 -3.3104954E+00 -1.5341463E+00 -3.4880100E+00 -3.5611386E-01
-2.0371835E+00 8.9109922E-01 -3.3260668E+00 -1.5556146E+00 -3.4560840E+00 -3.3436750E-01
-2.0557220E+00 9.1975080E-01 -3.4125323E+00 -1.5787219E+00 -3.5000000E+00 -3.3069519E-01
