-1.4247912E+00 1.8666628E-01 -1.5989577E+00 -1.2293872E+00 -1.7997506E+00 -1.0697135E+00
-1.4108535E+00 1.6202996E-01 -1.5619892E+00 -1.2411621E+00 -1.7384208E+00 -1.1061805E+00
-1.4116262E+00 1.5620749E-01 -1.5568010E+00 -1.2482854E+00 -1.7284183E+00 -1.1184046E+00
-1.3514024E+00 1.3707078E-01 -1.4745248E+00 -1.2046808E+00 -1.6389430E+00 -1.0989663E+00
-1.1898780E+00 1.7397787E-01 -1.3506278E+00 -1.0040629E+00 -1.5427099E+00 -8.6608126E-01
-1.0174464E+00 2.0692905E-01 -1.1917103E+00 -7.8647593E-01 -1.4562646E+00 -6.4593979E-01
-9.4193783E-01 2.1877730E-01 -1.1289305E+00 -6.9981234E-01 -1.3852922E+00 -5.3302981E-01
-9.3161906E-01 2.1665174E-01 -1.1173511E+00 -6.9113055E-01 -1.3715394E+00 -5.3021843E-01
-9.0132718E-01 2.1767629E-01 -1.0975895E+00 -6.6696339E-01 -1.3557065E+00 -5.0368414E-01
-8.9149093E-01 2.3155068E-01 -1.1069258E+00 -6.4367966E-01 -1.3598070E+00 -4.5879794E-01
-8.5969591E-01 2.2992686E-01 -1.0914094E+00 -6.3042687E-01 -1.3126194E+00 -4.1794060E-01
-8.1370199E-01 3.0898331E-01 -1.1019014E+00 -4.9191201E-01 -1.4480487E+00 -2.3043858E-01
-7.9373332E-01 4.3524051E-01 -1.1944525E+00 -3.2359806E-01 -1.6571584E+00 3.5813741E-02
-8.0393110E-01 5.9186898E-01 -1.3150173E+00 -1.1855139E-01 -1.9484899E+00 3.0005128E-01
-8.2542292E-01 6.7972116E-01 -1.3599008E+00 1.1335044E-02 -2.1233373E+00 4.1606620E-01
-8.2705005E-01 6.8214049E-01 -1.3522362E+00 1.8958026E-02 -2.1363329E+00 4.0930932E-01
-8.6722611E-01 7.5740923E-01 -1.3496366E+00 1.4628450E-01 -2.3416969E+00 4.0874638E-01
-9.0499092E-01 8.4360340E-01 -1.3838983E+00 2.7608598E-01 -2.4952099E+00 4.8983324E-01
-9.0747891E-01 8.4372523E-01 -1.3725093E+00 2.8992506E-01 -2.5124323E+00 4.6741602E-01
-9.1827423E-01 8.7206839E-01 -1.4315669E+00 2.9708916E-01 -2.5512659E+00 5.0000000E-01
