-1.2227286E+00 1.6707150E-01 -1.3915123E+00 -1.0558837E+00 -1.5459683E+00 -8.9487606E-01
-1.2053666E+00 1.3981806E-01 -1.3466029E+00 -1.0655993E+00 -1.4787012E+00 -9.3217618E-01
-1.2018301E+00 1.3355519E-01 -1.3358110E+00 -1.0675758E+00 -1.4631711E+00 -9.4317777E-01
-1.1429406E+00 1.1484112E-01 -1.2565361E+00 -1.0288632E+00 -1.3738702E+00 -9.2521658E-01
-1.0073375E+00 1.5141741E-01 -1.1448617E+00 -8.4959356E-01 -1.3201533E+00 -7.2368247E-01
-8.7894714E-01 1.7319716E-01 -1.0304018E+00 -6.9557112E-01 -1.2419459E+00 -5.5913073E-01
-8.3172174E-01 1.8308543E-01 -9.9055983E-01 -6.3745673E-01 -1.1991272E+00 -4.8181630E-01
-8.2924655E-01 1.8269000E-01 -9.8257684E-01 -6.3184402E-01 -1.1956183E+00 -4.8312313E-01
-8.4533483E-01 1.9084656E-01 -1.0092351E+00 -6.3972984E-01 -1.2257517E+00 -4.7961716E-01
-8.5728672E-01 2.0644733E-01 -1.0448320E+00 -6.4224372E-01 -1.2869950E+00 -4.7225895E-01
-9.6332003E-01 2.2041011E-01 -1.1795039E+00 -7.4716740E-01 -1.4101456E+00 -5.3703530E-01
-1.2285214E+00 3.2127326E-01 -1.5241881E+00 -8.9183653E-01 -1.8917417E+00 -6.2380348E-01
-1.5034663E+00 4.5405771E-01 -1.9601404E+00 -1.0425419E+00 -2.4124595E+00 -6.5295102E-01
-1.7668913E+00 6.1525262E-01 -2.4367821E+00 -1.1749281E+00 -2.9237779E+00 -5.5127569E-01
-1.8799553E+00 7.0495134E-01 -2.6927873E+00 -1.2345987E+00 -3.1919006E+00 -5.1535658E-01
-1.8801653E+00 7.0725609E-01 -2.6988943E+00 -1.2344889E+00 -3.1929615E+00 -5.1521168E-01
-1.9400436E+00 7.8174598E-01 -2.9412619E+00 -1.3090000E+00 -3.3229253E+00 -4.6051522E-01
-1.9733492E+00 8.6744310E-01 -3.1943986E+00 -1.3840481E+00 -3.4656366E+00 -3.8205529E-01
-1.9701276E+00 8.6891087E-01 -3.2142708E+00 -1.4039841E+00 -3.4377265E+00 -3.6219450E-01
-1.9769262E+00 8.9740839E-01 -3.2295156E+00 -1.3576080E+00 -3.5000000E+00 -3.5327576E-01
