-1.1670770E+00 1.7554702E-01 -1.3433100E+00 -9.9222999E-01 -1.5147261E+00 -8.2819629E-01
-1.1458759E+00 1.4789686E-01 -1.2874515E+00 -9.9193561E-01 -1.4412227E+00 -8.6372285E-01
-1.1398671E+00 1.4155665E-01 -1.2744113E+00 -9.9323445E-01 -1.4242608E+00 -8.7063486E-01
-1.0762096E+00 1.2286828E-01 -1.1961335E+00 -9.5596331E-01 -1.3272184E+00 -8.4128868E-01
-9.4083194E-01 1.5634480E-01 -1.0930716E+00 -7.8603447E-01 -1.2576943E+00 -6.4156480E-01
-8.2435726E-01 1.8224138E-01 -9.7842052E-01 -6.2473508E-01 -1.2146792E+00 -4.9320256E-01
-7.8914889E-01 1.9687877E-01 -9.5539033E-01 -5.7080724E-01 -1.1896284E+00 -4.2245131E-01
-7.9168810E-01 1.9625130E-01 -9.6108950E-01 -5.7553720E-01 -1.1887199E+00 -4.2519970E-01
-8.1381204E-01 2.0211612E-01 -9.9431442E-01 -5.9512409E-01 -1.2340113E+00 -4.4342603E-01
-8.2916346E-01 2.1804517E-01 -1.0232950E+00 -5.9164653E-01 -1.2767351E+00 -4.2877532E-01
-9.2530802E-01 2.2535851E-01 -1.1403035E+00 -6.9148805E-01 -1.3787707E+00 -5.0038733E-01
-1.1448504E+00 3.2574040E-01 -1.4521605E+00 -8.0870009E-01 -1.8037873E+00 -5.2383013E-01
-1.3531731E+00 4.7797189E-01 -1.8063335E+00 -8.5413322E-01 -2.3115077E+00 -4.3471897E-01
-1.5404733E+00 6.6172738E-01 -2.2307573E+00 -8.5755763E-01 -2.7982933E+00 -2.6931665E-01
-1.6176988E+00 7.6310319E-01 -2.4313931E+00 -8.0681906E-01 -3.0240430E+00 -1.6849621E-01
-1.6171720E+00 7.6644452E-01 -2.4354877E+00 -7.9950832E-01 -3.0272201E+00 -1.6384786E-01
-1.6592319E+00 8.5881213E-01 -2.6848495E+00 -8.0122033E-01 -3.1904952E+00 -1.0208502E-01
-1.6832564E+00 9.5800185E-01 -2.9007113E+00 -7.7276366E-01 -3.3695803E+00 1.4921064E-02
-1.6792401E+00 9.5961978E-01 -2.9105362E+00 -7.7960301E-01 -3.3654719E+00 1.2868763E-02
-1.6806233E+00 9.9114016E-01 -2.9745213E+00 -7.7364333E-01 -3.5000000E+00 5.0000000E-01
