-1.1874700E+00 1.7188159E-01 -1.3574941E+00 -1.0157120E+00 -1.5250702E+00 -8.5392270E-01
-1.1710663E+00 1.4468638E-01 -1.3150157E+00 -1.0260436E+00 -1.4572065E+00 -8.9226790E-01
-1.1620277E+00 1.3756251E-01 -1.2982296E+00 -1.0239991E+00 -1.4390762E+00 -9.0114983E-01
-1.1250740E+00 1.2048158E-01 -1.2340467E+00 -9.9859372E-01 -1.3765177E+00 -8.9914343E-01
-1.0672451E+00 1.6248330E-01 -1.2140488E+00 -8.9327810E-01 -1.4010850E+00 -7.6534973E-01
-1.0298925E+00 1.9070506E-01 -1.1935026E+00 -8.2648779E-01 -1.4363093E+00 -6.8437800E-01
-1.0196536E+00 2.0457813E-01 -1.1897456E+00 -7.9537329E-01 -1.4249940E+00 -6.3531637E-01
-1.0183781E+00 2.0635654E-01 -1.1873148E+00 -7.9201153E-01 -1.4266520E+00 -6.3219885E-01
-1.0175870E+00 2.1676552E-01 -1.1988237E+00 -7.8144231E-01 -1.4505851E+00 -6.0876953E-01
-1.0164784E+00 2.3398598E-01 -1.2168435E+00 -7.6164474E-01 -1.5112921E+00 -5.9336063E-01
-1.0361361E+00 2.3986193E-01 -1.2522595E+00 -7.8352297E-01 -1.5316327E+00 -5.8920839E-01
-1.1052993E+00 3.3780183E-01 -1.4029256E+00 -7.4236644E-01 -1.8216187E+00 -4.8710558E-01
-1.1996285E+00 4.8917344E-01 -1.6318844E+00 -6.7089760E-01 -2.1812175E+00 -2.6025516E-01
-1.3124238E+00 6.7605978E-01 -1.9240403E+00 -5.4503207E-01 -2.6496693E+00 -6.0812475E-02
-1.3737209E+00 7.7714703E-01 -2.0976580E+00 -4.6807048E-01 -2.9181275E+00 7.4992223E-03
-1.3762239E+00 7.7912703E-01 -2.1052136E+00 -4.6947741E-01 -2.9231789E+00 8.6374892E-03
-1.4306732E+00 8.6196877E-01 -2.2471946E+00 -3.7336688E-01 -3.0595813E+00 9.8049299E-02
-1.4714014E+00 9.5204910E-01 -2.4474345E+00 -3.4376241E-01 -3.2309438E+00 2.3216549E-01
-1.4728305E+00 9.5307594E-01 -2.4577984E+00 -3.5376191E-01 -3.2371171E+00 2.3131117E-01
-1.4830015E+00 9.8167857E-01 -2.5076923E+00 -3.3676160E-01 -3.5000000E+00 5.0000000E-01
