-1.0764304E+00 1.7721559E-01 -1.2523090E+00 -9.0160586E-01 -1.4274758E+00 -7.3353762E-01
-1.0651068E+00 1.5314610E-01 -1.2167262E+00 -9.1479144E-01 -1.3726651E+00 -7.6754699E-01
-1.0588519E+00 1.4861725E-01 -1.2045442E+00 -9.1318529E-01 -1.3583476E+00 -7.7014507E-01
-1.0396622E+00 1.3283378E-01 -1.1689557E+00 -9.0879625E-01 -1.3117357E+00 -7.8735534E-01
-1.0269669E+00 1.7194538E-01 -1.1892134E+00 -8.4737126E-01 -1.3748875E+00 -7.0329867E-01
-1.0560825E+00 2.0479365E-01 -1.2394871E+00 -8.3252993E-01 -1.4790424E+00 -6.8111015E-01
-1.0870626E+00 2.1705891E-01 -1.2795489E+00 -8.4722182E-01 -1.5187024E+00 -6.7994893E-01
-1.1066376E+00 2.1360382E-01 -1.2994114E+00 -8.7425643E-01 -1.5280748E+00 -7.0159270E-01
-1.1264869E+00 2.1506441E-01 -1.3196319E+00 -8.9289718E-01 -1.5713848E+00 -7.2711768E-01
-1.1372485E+00 2.2629652E-01 -1.3465209E+00 -8.9774609E-01 -1.6022537E+00 -7.0690834E-01
-1.1040667E+00 2.2703890E-01 -1.3206920E+00 -8.7238936E-01 -1.5547075E+00 -6.6953055E-01
-9.8698855E-01 3.1389396E-01 -1.2932995E+00 -6.7811683E-01 -1.6262998E+00 -3.9573707E-01
-8.4298242E-01 4.2786749E-01 -1.2143074E+00 -3.7260508E-01 -1.6874096E+00 -3.0117729E-02
-6.9967010E-01 5.5162727E-01 -1.1244072E+00 -4.7158902E-02 -1.7943281E+00 3.0766634E-01
-6.4550587E-01 6.1695676E-01 -1.0758665E+00 1.1575075E-01 -1.8402020E+00 4.6275943E-01
-6.4639461E-01 6.1739114E-01 -1.0714711E+00 1.1621911E-01 -1.8520350E+00 4.4628364E-01
-6.3853218E-01 6.7467300E-01 -1.0135624E+00 2.4381403E-01 -1.9654131E+00 4.6046592E-01
-6.4791629E-01 7.5299245E-01 -1.0019678E+00 3.8022711E-01 -2.0918271E+00 5.0000000E-01
-6.5369387E-01 7.5448155E-01 -9.9155241E-01 3.8902979E-01 -2.1184663E+00 4.7581205E-01
-6.5846370E-01 7.8078605E-01 -9.9140405E-01 4.5429153E-01 -2.1494241E+00 5.0000000E-01
