-9.5320250E-01 1.6970617E-01 -1.1213371E+00 -7.8670354E-01 -1.2855071E+00 -6.1809720E-01
-9.4386638E-01 1.4123031E-01 -1.0829524E+00 -8.0422238E-01 -1.2216782E+00 -6.6518438E-01
-9.3977202E-01 1.3472394E-01 -1.0725003E+00 -8.0593595E-01 -1.2045023E+00 -6.7500566E-01
-9.1572662E-01 1.1633189E-01 -1.0308008E+00 -8.0093766E-01 -1.1480613E+00 -6.9082492E-01
-8.7834326E-01 1.5223024E-01 -1.0277789E+00 -7.2850865E-01 -1.1858791E+00 -5.8555611E-01
-8.6534562E-01 1.7691488E-01 -1.0210864E+00 -6.7821239E-01 -1.2219776E+00 -5.2287649E-01
-8.7527694E-01 1.9037157E-01 -1.0405284E+00 -6.7168497E-01 -1.2546063E+00 -5.0964893E-01
-8.8584881E-01 1.9012119E-01 -1.0475567E+00 -6.7911768E-01 -1.2678062E+00 -5.2371470E-01
-9.1818976E-01 1.9953317E-01 -1.0896456E+00 -7.0232536E-01 -1.3229203E+00 -5.3750464E-01
-9.3516188E-01 2.1676322E-01 -1.1268536E+00 -7.0277371E-01 -1.3743340E+00 -5.2093416E-01
-1.0226658E+00 2.2692684E-01 -1.2334543E+00 -7.8704200E-01 -1.4816392E+00 -5.8963238E-01
-1.2251119E+00 3.2762830E-01 -1.5419542E+00 -9.0209734E-01 -1.8826354E+00 -5.9307837E-01
-1.4246290E+00 4.7073886E-01 -1.8913999E+00 -9.5815539E-01 -2.3610605E+00 -5.1105890E-01
-1.6130304E+00 6.4817624E-01 -2.3068509E+00 -9.8202978E-01 -2.8335425E+00 -3.3259458E-01
-1.6958992E+00 7.4864429E-01 -2.5483162E+00 -9.9098406E-01 -3.0966513E+00 -2.4477118E-01
-1.6983439E+00 7.5165541E-01 -2.5588126E+00 -9.9194756E-01 -3.1013208E+00 -2.4572167E-01
-1.7525439E+00 8.3704346E-01 -2.8138721E+00 -1.0343637E+00 -3.2493675E+00 -1.6452955E-01
-1.7847615E+00 9.2974198E-01 -3.0212193E+00 -1.0182080E+00 -3.4289749E+00 -7.7740280E-02
-1.7816365E+00 9.3112642E-01 -3.0145571E+00 -1.0097181E+00 -3.4197134E+00 -7.6704588E-02
-1.7863862E+00 9.6117113E-01 -3.0536388E+00 -9.8480212E-01 -3.5000000E+00 5.0000000E-01
