-1.1335029E+00 1.8156164E-01 -1.3141729E+00 -9.5178172E-01 -1.4941739E+00 -7.8525119E-01
-1.1235958E+00 1.5596551E-01 -1.2790240E+00 -9.6902871E-01 -1.4336910E+00 -8.2416913E-01
-1.1162886E+00 1.4980926E-01 -1.2635514E+00 -9.6825442E-01 -1.4171750E+00 -8.2827902E-01
-1.0938798E+00 1.2797566E-01 -1.2200934E+00 -9.6722671E-01 -1.3539081E+00 -8.5048348E-01
-1.0845812E+00 1.6313551E-01 -1.2361627E+00 -9.1433103E-01 -1.4168870E+00 -7.7373610E-01
-1.1170370E+00 1.9746241E-01 -1.3022638E+00 -9.1135097E-01 -1.5159644E+00 -7.4479114E-01
-1.1445906E+00 2.1101590E-01 -1.3401052E+00 -9.2464461E-01 -1.5774386E+00 -7.5040651E-01
-1.1558031E+00 2.0997503E-01 -1.3483039E+00 -9.3561880E-01 -1.5911498E+00 -7.6331576E-01
-1.1592743E+00 2.1546179E-01 -1.3700586E+00 -9.4381033E-01 -1.6026031E+00 -7.5439291E-01
-1.1594251E+00 2.3037442E-01 -1.3878752E+00 -9.2952992E-01 -1.6228699E+00 -7.2054818E-01
-1.1112245E+00 2.3476760E-01 -1.3426479E+00 -8.8015729E-01 -1.5801442E+00 -6.5517741E-01
-9.8153913E-01 3.1359377E-01 -1.2914359E+00 -6.6929257E-01 -1.6098335E+00 -3.7811077E-01
-8.4680952E-01 4.2762336E-01 -1.2206751E+00 -3.8110158E-01 -1.6966456E+00 -2.6462639E-02
-7.2774000E-01 5.7562816E-01 -1.1424892E+00 -3.5427433E-02 -1.8771944E+00 3.0468097E-01
-6.8877318E-01 6.6033593E-01 -1.1067881E+00 1.3863595E-01 -1.9721735E+00 4.5558960E-01
-6.9125992E-01 6.6256809E-01 -1.1034536E+00 1.4195568E-01 -1.9885399E+00 4.4159660E-01
-7.0066553E-01 7.3236194E-01 -1.0841288E+00 2.4203867E-01 -2.1561050E+00 4.5760727E-01
-7.2132654E-01 8.1560832E-01 -1.0936306E+00 3.7502201E-01 -2.3121943E+00 5.0000000E-01
-7.2353394E-01 8.1567021E-01 -1.0791964E+00 3.8251159E-01 -2.3252023E+00 4.8740615E-01
-7.2919210E-01 8.4360533E-01 -1.0782344E+00 4.4437933E-01 -2.3716460E+00 5.0000000E-01
