-1.0281538E+00 1.7598989E-01 -1.2010602E+00 -8.5490700E-01 -1.3800575E+00 -6.8343340E-01
-1.0202300E+00 1.5170186E-01 -1.1691646E+00 -8.7016020E-01 -1.3301441E+00 -7.2739048E-01
-1.0109319E+00 1.4626206E-01 -1.1474445E+00 -8.5921013E-01 -1.3099876E+00 -7.3272540E-01
-1.0017750E+00 1.2949873E-01 -1.1209797E+00 -8.6594038E-01 -1.2695702E+00 -7.5933658E-01
-1.0322859E+00 1.7037326E-01 -1.1856808E+00 -8.4829086E-01 -1.3833663E+00 -7.1731784E-01
-1.1184536E+00 2.0526828E-01 -1.3072337E+00 -8.9739964E-01 -1.5384927E+00 -7.4076281E-01
-1.1768857E+00 2.2052640E-01 -1.3811716E+00 -9.4048660E-01 -1.6081455E+00 -7.5604983E-01
-1.1997444E+00 2.1766451E-01 -1.4001160E+00 -9.6832853E-01 -1.6243878E+00 -7.8264786E-01
-1.2262191E+00 2.2014205E-01 -1.4307858E+00 -9.9272530E-01 -1.6722377E+00 -8.1586253E-01
-1.2376418E+00 2.3245768E-01 -1.4589193E+00 -9.9445593E-01 -1.7047996E+00 -8.0195998E-01
-1.2013613E+00 2.3404642E-01 -1.4263259E+00 -9.5759183E-01 -1.6656210E+00 -7.5214390E-01
-1.0668363E+00 3.1464740E-01 -1.3760860E+00 -7.5156593E-01 -1.6995797E+00 -4.6437131E-01
-8.9854029E-01 4.2582061E-01 -1.2843001E+00 -4.5106949E-01 -1.7328799E+00 -7.2793955E-02
-7.2571012E-01 5.5589234E-01 -1.1477726E+00 -9.1016782E-02 -1.8353201E+00 2.9708280E-01
-6.5364707E-01 6.2814760E-01 -1.0705826E+00 9.8713405E-02 -1.8665200E+00 4.7915986E-01
-6.5235164E-01 6.2864802E-01 -1.0580122E+00 1.1007603E-01 -1.8819248E+00 4.5912896E-01
-6.2606791E-01 6.9124575E-01 -9.7679375E-01 2.4747067E-01 -2.0142197E+00 4.6822774E-01
-6.2175651E-01 7.6957370E-01 -9.4450113E-01 3.8495862E-01 -2.1478423E+00 5.0000000E-01
-6.2664166E-01 7.7018061E-01 -9.3214205E-01 3.8837301E-01 -2.1660164E+00 4.8502806E-01
-6.2658695E-01 7.9653188E-01 -9.1617607E-01 4.6375691E-01 -2.2055669E+00 5.0000000E-01
