-1.0970766E+00 1.6814921E-01 -1.2622098E+00 -9.2917086E-01 -1.4323083E+00 -7.7251746E-01
-1.0838573E+00 1.4026910E-01 -1.2226808E+00 -9.4298535E-01 -1.3664614E+00 -8.1617141E-01
-1.0787571E+00 1.3298257E-01 -1.2129414E+00 -9.4629742E-01 -1.3439214E+00 -8.2537314E-01
-1.0327876E+00 1.1394157E-01 -1.1391460E+00 -9.1529886E-01 -1.2636644E+00 -8.1486360E-01
-9.4110489E-01 1.5086430E-01 -1.0910898E+00 -7.9244344E-01 -1.2429529E+00 -6.5030635E-01
-8.7942088E-01 1.7218635E-01 -1.0381495E+00 -6.9981194E-01 -1.2375354E+00 -5.6033727E-01
-8.7042327E-01 1.8306092E-01 -1.0286920E+00 -6.7199530E-01 -1.2358985E+00 -5.2171243E-01
-8.7803773E-01 1.8523204E-01 -1.0340822E+00 -6.7689817E-01 -1.2497689E+00 -5.2480177E-01
-9.0461246E-01 1.9529913E-01 -1.0726695E+00 -6.9651614E-01 -1.2985301E+00 -5.3138965E-01
-9.1711616E-01 2.1046724E-01 -1.1026343E+00 -6.9419566E-01 -1.3606704E+00 -5.3087029E-01
-1.0088129E+00 2.2089705E-01 -1.2238551E+00 -7.9002861E-01 -1.4584953E+00 -5.8808303E-01
-1.2355043E+00 3.1808552E-01 -1.5323597E+00 -9.0720640E-01 -1.8795124E+00 -6.2787399E-01
-1.4694184E+00 4.4874616E-01 -1.9153252E+00 -1.0250108E+00 -2.3751770E+00 -6.0275897E-01
-1.6965742E+00 6.0992467E-01 -2.3452557E+00 -1.1100808E+00 -2.8677072E+00 -4.8207849E-01
-1.7977301E+00 7.0190384E-01 -2.5809321E+00 -1.1410130E+00 -3.0778885E+00 -3.7378812E-01
-1.7998485E+00 7.0491067E-01 -2.5904944E+00 -1.1436517E+00 -3.0825876E+00 -3.6740291E-01
-1.8610141E+00 7.8693200E-01 -2.8309193E+00 -1.1835456E+00 -3.2820917E+00 -3.5837973E-01
-1.8997920E+00 8.8119135E-01 -3.0508607E+00 -1.1807585E+00 -3.4519809E+00 -3.0189525E-01
-1.8986853E+00 8.8231306E-01 -3.0462175E+00 -1.1752264E+00 -3.4337861E+00 -2.9529859E-01
-1.9075275E+00 9.1173006E-01 -3.1072681E+00 -1.1706809E+00 -3.5000000E+00 -2.8867006E-01
