-1.2736191E+00 1.8511984E-01 -1.4571599E+00 -1.0884264E+00 -1.6368110E+00 -9.1335776E-01
-1.2673362E+00 1.6049871E-01 -1.4261002E+00 -1.1079475E+00 -1.5892562E+00 -9.5737994E-01
-1.2639085E+00 1.5607210E-01 -1.4188662E+00 -1.1098401E+00 -1.5786071E+00 -9.6420192E-01
-1.2429589E+00 1.3808760E-01 -1.3712555E+00 -1.0971949E+00 -1.5244036E+00 -9.8348680E-01
-1.2011934E+00 1.7311784E-01 -1.3665869E+00 -1.0210576E+00 -1.5496363E+00 -8.7306300E-01
-1.1621907E+00 1.9786271E-01 -1.3627436E+00 -9.6428673E-01 -1.5571697E+00 -7.8475963E-01
-1.1417133E+00 2.0475811E-01 -1.3466878E+00 -9.3565105E-01 -1.5521097E+00 -7.5398170E-01
-1.1351380E+00 1.9987524E-01 -1.3330734E+00 -9.3577896E-01 -1.5379175E+00 -7.5699329E-01
-1.1014787E+00 2.0192420E-01 -1.2917507E+00 -8.9319694E-01 -1.5120229E+00 -7.1964184E-01
-1.0876274E+00 2.1490483E-01 -1.2913071E+00 -8.6500431E-01 -1.5263038E+00 -6.8022018E-01
-9.9801704E-01 2.2435785E-01 -1.2190083E+00 -7.7330401E-01 -1.4463927E+00 -5.6614589E-01
-7.9110051E-01 3.0853215E-01 -1.0948882E+00 -4.8279202E-01 -1.4061956E+00 -2.0154376E-01
-5.9333175E-01 3.9549302E-01 -9.4084863E-01 -1.6195771E-01 -1.3722451E+00 1.5845886E-01
-4.2955893E-01 4.8613123E-01 -7.6904524E-01 1.6023790E-01 -1.3714586E+00 4.3098945E-01
-3.7929194E-01 5.3615940E-01 -6.8410839E-01 3.0342400E-01 -1.3912591E+00 5.0000000E-01
-3.8315686E-01 5.3597852E-01 -6.8129529E-01 2.9852891E-01 -1.4013501E+00 5.0000000E-01
-3.9698868E-01 5.8002098E-01 -6.6107301E-01 3.2857960E-01 -1.5543739E+00 4.8325565E-01
-4.2456231E-01 6.4996100E-01 -6.7878443E-01 4.1932887E-01 -1.7114469E+00 5.0000000E-01
-4.2932272E-01 6.5078957E-01 -6.7616577E-01 4.1984737E-01 -1.7224216E+00 4.9179794E-01
-4.3725639E-01 6.7546593E-01 -6.5956651E-01 4.9188206E-01 -1.7670697E+00 5.0000000E-01
