-1.1358631E+00 1.7626710E-01 -1.3116105E+00 -9.6017245E-01 -1.4862709E+00 -7.9510626E-01
-1.1114611E+00 1.4740348E-01 -1.2579387E+00 -9.6494025E-01 -1.4078322E+00 -8.2826857E-01
-1.0986187E+00 1.4051542E-01 -1.2386588E+00 -9.5987177E-01 -1.3807561E+00 -8.2825891E-01
-1.0243254E+00 1.2122097E-01 -1.1396938E+00 -8.9837367E-01 -1.2694273E+00 -7.9356676E-01
-9.0247210E-01 1.5701788E-01 -1.0515210E+00 -7.4029349E-01 -1.2206202E+00 -6.0161451E-01
-8.4527111E-01 1.7716693E-01 -1.0052662E+00 -6.5500055E-01 -1.2135173E+00 -5.1695701E-01
-8.5423883E-01 1.8811083E-01 -1.0156427E+00 -6.4636438E-01 -1.2327981E+00 -5.0105209E-01
-8.7455442E-01 1.8730473E-01 -1.0314772E+00 -6.6784161E-01 -1.2557067E+00 -5.2520368E-01
-9.1418183E-01 1.9679023E-01 -1.0852811E+00 -6.9972527E-01 -1.3086568E+00 -5.4158428E-01
-9.3463678E-01 2.1255442E-01 -1.1287826E+00 -7.0819207E-01 -1.3767321E+00 -5.4224020E-01
-1.0047651E+00 2.2391365E-01 -1.2178000E+00 -7.7028380E-01 -1.4527997E+00 -5.8117998E-01
-1.1540629E+00 3.1411795E-01 -1.4428996E+00 -8.3219052E-01 -1.8048478E+00 -5.4925855E-01
-1.3000785E+00 4.4129789E-01 -1.7122669E+00 -8.5018159E-01 -2.2096310E+00 -4.4747381E-01
-1.4432545E+00 6.1080355E-01 -2.0662081E+00 -8.2523892E-01 -2.6189006E+00 -2.3428063E-01
-1.5102864E+00 7.1147339E-01 -2.2566549E+00 -7.7488614E-01 -2.8311001E+00 -1.0261477E-01
-1.5105024E+00 7.1452489E-01 -2.2628709E+00 -7.6783247E-01 -2.8348496E+00 -1.0723540E-01
-1.5609248E+00 8.0329484E-01 -2.4309667E+00 -7.0751784E-01 -3.0243420E+00 -2.5341990E-02
-1.5964921E+00 9.0201475E-01 -2.5750950E+00 -6.2799653E-01 -3.2857738E+00 4.7571422E-02
-1.5956123E+00 9.0518391E-01 -2.5780232E+00 -6.2459473E-01 -3.3060836E+00 3.3791006E-02
-1.6043162E+00 9.3572365E-01 -2.6185262E+00 -5.9678890E-01 -3.4228660E+00 3.8993276E-02
