-1.1062327E+00 1.7261307E-01 -1.2770213E+00 -9.3535190E-01 -1.4471828E+00 -7.7289628E-01
-1.0986316E+00 1.4656256E-01 -1.2380632E+00 -9.4875297E-01 -1.3903514E+00 -8.1737560E-01
-1.0951673E+00 1.4083787E-01 -1.2359965E+00 -9.5647104E-01 -1.3745929E+00 -8.2639068E-01
-1.0691397E+00 1.1926124E-01 -1.1858467E+00 -9.5300614E-01 -1.3088876E+00 -8.3692817E-01
-1.0137756E+00 1.5518284E-01 -1.1655100E+00 -8.5948530E-01 -1.3321931E+00 -7.1949284E-01
-9.6572464E-01 1.8846954E-01 -1.1325260E+00 -7.6212615E-01 -1.3568783E+00 -6.1919600E-01
-9.5455839E-01 2.0472009E-01 -1.1344720E+00 -7.3371538E-01 -1.3842522E+00 -5.8348945E-01
-9.6122668E-01 2.0377248E-01 -1.1377222E+00 -7.3810678E-01 -1.3712208E+00 -5.7828245E-01
-9.7982938E-01 2.0843754E-01 -1.1648288E+00 -7.5256878E-01 -1.4129164E+00 -6.0038271E-01
-9.9142924E-01 2.2348394E-01 -1.1942752E+00 -7.5013179E-01 -1.4486175E+00 -5.7587712E-01
-1.0484125E+00 2.2888659E-01 -1.2761339E+00 -8.2249707E-01 -1.5071352E+00 -6.0855362E-01
-1.1732271E+00 3.2442548E-01 -1.4944196E+00 -8.4886385E-01 -1.8213011E+00 -5.5158069E-01
-1.2885017E+00 4.6979883E-01 -1.7339980E+00 -8.0083663E-01 -2.2369003E+00 -3.9557020E-01
-1.3886916E+00 6.5077800E-01 -2.0121690E+00 -6.8147266E-01 -2.6838898E+00 -1.7104623E-01
-1.4267770E+00 7.5109206E-01 -2.1643982E+00 -5.8205955E-01 -2.8898246E+00 -5.9012454E-02
-1.4241665E+00 7.5380866E-01 -2.1685566E+00 -5.7696852E-01 -2.8891314E+00 -5.5011798E-02
-1.4446225E+00 8.3971179E-01 -2.2870141E+00 -4.5582731E-01 -3.0214123E+00 4.4893314E-02
-1.4588634E+00 9.3335362E-01 -2.4051829E+00 -3.4978018E-01 -3.2034745E+00 1.9491583E-01
-1.4573524E+00 9.3484850E-01 -2.4049643E+00 -3.4823639E-01 -3.2049178E+00 2.0049289E-01
-1.4614115E+00 9.6347309E-01 -2.4471294E+00 -3.3096900E-01 -3.5000000E+00 5.0000000E-01
