-1.2326059E+00 1.7399732E-01 -1.4036597E+00 -1.0591407E+00 -1.5775635E+00 -8.9561582E-01
-1.2134903E+00 1.4575889E-01 -1.3567462E+00 -1.0686178E+00 -1.5064583E+00 -9.3257802E-01
-1.2084910E+00 1.3978851E-01 -1.3461406E+00 -1.0697046E+00 -1.4911964E+00 -9.4119922E-01
-1.1412319E+00 1.2123310E-01 -1.2545718E+00 -1.0139732E+00 -1.3868757E+00 -9.1186924E-01
-9.8997551E-01 1.5851106E-01 -1.1327230E+00 -8.1819716E-01 -1.3176131E+00 -6.9608547E-01
-8.4996233E-01 1.8613440E-01 -1.0079676E+00 -6.4665221E-01 -1.2260768E+00 -4.9988395E-01
-8.0171403E-01 1.9680351E-01 -9.6376098E-01 -5.8401011E-01 -1.2043333E+00 -4.3739120E-01
-7.9940921E-01 1.9581065E-01 -9.6135446E-01 -5.8309664E-01 -1.2015399E+00 -4.3561258E-01
-8.1329997E-01 2.0197597E-01 -9.8283228E-01 -5.8678330E-01 -1.2223207E+00 -4.3396185E-01
-8.2564039E-01 2.1924949E-01 -1.0194359E+00 -5.8453166E-01 -1.2829277E+00 -4.2719125E-01
-9.2132008E-01 2.2685824E-01 -1.1466638E+00 -6.9593074E-01 -1.3754538E+00 -4.9166215E-01
-1.1533182E+00 3.1789442E-01 -1.4723110E+00 -8.3419874E-01 -1.7907394E+00 -5.5050009E-01
-1.3858473E+00 4.6895748E-01 -1.8635761E+00 -9.1176999E-01 -2.3120385E+00 -4.7979939E-01
-1.6014635E+00 6.7047497E-01 -2.2990728E+00 -9.0869074E-01 -2.8610688E+00 -2.8844192E-01
-1.6912664E+00 7.8337327E-01 -2.5770409E+00 -9.2787482E-01 -3.1602380E+00 -2.0579069E-01
-1.6897528E+00 7.8675058E-01 -2.5854344E+00 -9.2755089E-01 -3.1583700E+00 -1.9720811E-01
-1.7343231E+00 8.8090828E-01 -2.8816040E+00 -9.8769910E-01 -3.2845306E+00 -8.9961461E-02
-1.7595494E+00 9.7815143E-01 -3.2024581E+00 -1.0866215E+00 -3.4372563E+00 2.4343394E-02
-1.7568761E+00 9.7873477E-01 -3.2189838E+00 -1.1036492E+00 -3.4227561E+00 2.7106307E-02
-1.7607026E+00 1.0064125E+00 -3.2145583E+00 -1.0359899E+00 -3.5000000E+00 5.0000000E-01
