-1.5024166E+00 1.8494361E-01 -1.6837868E+00 -1.3198018E+00 -1.8816324E+00 -1.1523890E+00
-1.4709126E+00 1.6039989E-01 -1.6175831E+00 -1.3038851E+00 -1.8031255E+00 -1.1722078E+00
-1.4652943E+00 1.5364351E-01 -1.6036399E+00 -1.3036149E+00 -1.7848848E+00 -1.1798107E+00
-1.3491720E+00 1.3754637E-01 -1.4673096E+00 -1.2010653E+00 -1.6261753E+00 -1.0871511E+00
-1.0823480E+00 1.6821431E-01 -1.2301986E+00 -9.0330775E-01 -1.4376585E+00 -7.7281083E-01
-8.2987702E-01 1.8630969E-01 -9.9646110E-01 -6.3438946E-01 -1.2231886E+00 -4.8678956E-01
-7.3451067E-01 1.9504563E-01 -8.9922636E-01 -5.2196814E-01 -1.1527892E+00 -3.8171311E-01
-7.2862215E-01 1.9285892E-01 -8.8931936E-01 -5.1425777E-01 -1.1229946E+00 -3.6814145E-01
-7.1843501E-01 1.9801195E-01 -8.9314348E-01 -5.0052549E-01 -1.1294821E+00 -3.5773198E-01
-7.2023295E-01 2.1509032E-01 -9.1860600E-01 -4.9158934E-01 -1.1602305E+00 -3.1788047E-01
-7.6529068E-01 2.2008486E-01 -9.8342316E-01 -5.4802266E-01 -1.2096649E+00 -3.4466983E-01
-9.0160341E-01 3.1698136E-01 -1.2108941E+00 -5.9269096E-01 -1.5444636E+00 -2.8956370E-01
-1.0636618E+00 4.6674191E-01 -1.4860155E+00 -5.6834235E-01 -2.0192751E+00 -1.9151126E-01
-1.2398819E+00 6.5044710E-01 -1.8669276E+00 -5.3713485E-01 -2.5494385E+00 -3.8961932E-02
-1.3276038E+00 7.5191335E-01 -2.0676519E+00 -4.9437802E-01 -2.8100613E+00 6.1585369E-02
-1.3278264E+00 7.5486975E-01 -2.0705478E+00 -4.8669228E-01 -2.8128713E+00 6.1730648E-02
-1.3974015E+00 8.3937912E-01 -2.2403890E+00 -4.2486912E-01 -2.9838801E+00 1.0702832E-01
-1.4498845E+00 9.3171720E-01 -2.4212645E+00 -3.7795426E-01 -3.1778819E+00 2.2010582E-01
-1.4491127E+00 9.3251594E-01 -2.4265606E+00 -3.8325139E-01 -3.1812762E+00 2.3100766E-01
-1.4599149E+00 9.6199470E-01 -2.4747520E+00 -3.6254317E-01 -3.5000000E+00 5.0000000E-01
