-1.1586596E+00 1.6621984E-01 -1.3163933E+00 -9.8754269E-01 -1.4951580E+00 -8.4136833E-01
-1.1453315E+00 1.3894012E-01 -1.2751550E+00 -1.0008548E+00 -1.4289266E+00 -8.8301114E-01
-1.1418592E+00 1.3201627E-01 -1.2635344E+00 -1.0040448E+00 -1.4140982E+00 -8.9357242E-01
-1.0947767E+00 1.1075238E-01 -1.1977757E+00 -9.7997851E-01 -1.3186085E+00 -8.8359285E-01
-9.9034989E-01 1.4383808E-01 -1.1307445E+00 -8.4803325E-01 -1.2739909E+00 -7.1033832E-01
-9.0372178E-01 1.6831011E-01 -1.0539033E+00 -7.2501583E-01 -1.2358545E+00 -5.8001759E-01
-8.8254404E-01 1.8361558E-01 -1.0413931E+00 -6.8883232E-01 -1.2402353E+00 -5.3213400E-01
-8.8898918E-01 1.8441554E-01 -1.0448620E+00 -6.9169490E-01 -1.2499548E+00 -5.4072487E-01
-9.2339479E-01 1.9447287E-01 -1.0903670E+00 -7.1446299E-01 -1.3079322E+00 -5.5396140E-01
-9.4336474E-01 2.1159548E-01 -1.1294200E+00 -7.1581715E-01 -1.3655809E+00 -5.3890053E-01
-1.0683047E+00 2.2221574E-01 -1.2881787E+00 -8.4960645E-01 -1.5167559E+00 -6.4770967E-01
-1.3593739E+00 3.0801764E-01 -1.6619984E+00 -1.0532870E+00 -1.9840476E+00 -7.6957124E-01
-1.6393416E+00 4.3394743E-01 -2.0803639E+00 -1.2117478E+00 -2.4770999E+00 -7.6854730E-01
-1.8843123E+00 5.9995442E-01 -2.5420672E+00 -1.3340915E+00 -3.0326191E+00 -7.1863547E-01
-1.9792533E+00 6.9480712E-01 -2.8059119E+00 -1.4022626E+00 -3.2667383E+00 -6.2311711E-01
-1.9776992E+00 6.9889283E-01 -2.8130665E+00 -1.4019701E+00 -3.2684561E+00 -6.1392227E-01
-2.0216676E+00 7.7656031E-01 -3.0361325E+00 -1.4766917E+00 -3.3699666E+00 -5.1001321E-01
-2.0424923E+00 8.6355304E-01 -3.2664100E+00 -1.5299058E+00 -3.4846207E+00 -4.3166290E-01
-2.0385344E+00 8.6447213E-01 -3.2958413E+00 -1.5555032E+00 -3.4564326E+00 -4.1516243E-01
-2.0400618E+00 8.9375660E-01 -3.3186973E+00 -1.5115212E+00 -3.5000000E+00 -3.9037230E-01
