-1.1923732E+00 1.7125617E-01 -1.3647115E+00 -1.0211404E+00 -1.5297358E+00 -8.6401466E-01
-1.1664151E+00 1.4169755E-01 -1.3085316E+00 -1.0241510E+00 -1.4441427E+00 -8.9380274E-01
-1.1570212E+00 1.3486003E-01 -1.2917928E+00 -1.0212900E+00 -1.4189241E+00 -8.9384519E-01
-1.0763497E+00 1.1833397E-01 -1.1930577E+00 -9.5898912E-01 -1.3110676E+00 -8.4490903E-01
-9.1993395E-01 1.5333223E-01 -1.0732229E+00 -7.6713582E-01 -1.2274750E+00 -6.2705540E-01
-8.1264939E-01 1.7181560E-01 -9.6465630E-01 -6.2530871E-01 -1.1675009E+00 -4.9426028E-01
-8.0078251E-01 1.8000890E-01 -9.5935875E-01 -6.0196910E-01 -1.1736926E+00 -4.7680991E-01
-8.2220614E-01 1.7775237E-01 -9.7939905E-01 -6.2767389E-01 -1.1757143E+00 -4.8825723E-01
-8.7630303E-01 1.8615655E-01 -1.0491915E+00 -6.8154850E-01 -1.2605794E+00 -5.3059597E-01
-9.0980022E-01 2.0381232E-01 -1.1023124E+00 -6.9843357E-01 -1.3226688E+00 -5.2530750E-01
-1.0484965E+00 2.1747763E-01 -1.2573987E+00 -8.2313948E-01 -1.4804404E+00 -6.3264687E-01
-1.3287831E+00 3.2481088E-01 -1.6422752E+00 -9.9169722E-01 -1.9815810E+00 -7.1919713E-01
-1.5640314E+00 4.6389296E-01 -2.0065198E+00 -1.0682161E+00 -2.5009951E+00 -6.9828450E-01
-1.7496892E+00 6.3218298E-01 -2.4127226E+00 -1.0934905E+00 -2.9428264E+00 -5.3732677E-01
-1.8124410E+00 7.2990195E-01 -2.6372846E+00 -1.0950564E+00 -3.1652076E+00 -4.2368764E-01
-1.8078706E+00 7.3328698E-01 -2.6402305E+00 -1.0883529E+00 -3.1637486E+00 -4.1580563E-01
-1.8196483E+00 8.2107464E-01 -2.8492832E+00 -1.0887320E+00 -3.2821799E+00 -2.7995861E-01
-1.8187755E+00 9.1673846E-01 -3.0328200E+00 -1.0635682E+00 -3.4316718E+00 -1.3968517E-01
-1.8178411E+00 9.1866536E-01 -3.0406268E+00 -1.0683422E+00 -3.4208665E+00 -1.3750656E-01
-1.8191314E+00 9.5061314E-01 -3.0899039E+00 -1.0514058E+00 -3.5000000E+00 -1.2395199E-01
