-1.1329424E+00 1.7270436E-01 -1.3044872E+00 -9.6079999E-01 -1.4683094E+00 -7.9406379E-01
-1.1121977E+00 1.4555507E-01 -1.2566920E+00 -9.6718841E-01 -1.3974791E+00 -8.2996510E-01
-1.1060775E+00 1.4027452E-01 -1.2461463E+00 -9.6753126E-01 -1.3821355E+00 -8.3329106E-01
-1.0374205E+00 1.2359324E-01 -1.1604785E+00 -9.1403185E-01 -1.2842364E+00 -8.0156330E-01
-9.0316400E-01 1.5795800E-01 -1.0531889E+00 -7.3953668E-01 -1.2196050E+00 -6.0413633E-01
-8.1443824E-01 1.8341978E-01 -9.7211992E-01 -6.1371199E-01 -1.2043634E+00 -4.8523310E-01
-8.0464917E-01 1.9559803E-01 -9.6808546E-01 -5.8933089E-01 -1.2011703E+00 -4.3661464E-01
-8.2111183E-01 1.9205552E-01 -9.8476599E-01 -6.1294491E-01 -1.2062526E+00 -4.5652909E-01
-8.5830159E-01 1.9808896E-01 -1.0344759E+00 -6.4628231E-01 -1.2470469E+00 -4.8019946E-01
-8.7905275E-01 2.1539039E-01 -1.0754626E+00 -6.5103660E-01 -1.3047542E+00 -4.6606574E-01
-9.6145820E-01 2.2070309E-01 -1.1807413E+00 -7.4071919E-01 -1.4069453E+00 -5.4225759E-01
-1.1322755E+00 3.1296960E-01 -1.4363632E+00 -8.2645907E-01 -1.7644932E+00 -5.1802193E-01
-1.2849137E+00 4.5880365E-01 -1.7184103E+00 -8.1375539E-01 -2.2175008E+00 -3.8501254E-01
-1.4202185E+00 6.4615194E-01 -2.0474840E+00 -7.3208494E-01 -2.6967857E+00 -1.7271905E-01
-1.4777042E+00 7.5178297E-01 -2.2304546E+00 -6.6745071E-01 -2.9234845E+00 -4.7669136E-02
-1.4782657E+00 7.5675592E-01 -2.2382651E+00 -6.6242231E-01 -2.9344907E+00 -4.4482674E-02
-1.5107045E+00 8.4913413E-01 -2.4408722E+00 -6.1055698E-01 -3.0874330E+00 6.6303037E-02
-1.5311217E+00 9.4556077E-01 -2.5804466E+00 -5.0514110E-01 -3.2808283E+00 1.8246457E-01
-1.5302797E+00 9.4447840E-01 -2.5804136E+00 -5.0490053E-01 -3.2776715E+00 1.7124233E-01
-1.5338419E+00 9.7214463E-01 -2.6141067E+00 -4.7468054E-01 -3.5000000E+00 5.0000000E-01
