-1.0704763E+00 1.6979237E-01 -1.2401857E+00 -9.0020669E-01 -1.4062188E+00 -7.4338026E-01
-1.0580042E+00 1.4372531E-01 -1.2017028E+00 -9.1412762E-01 -1.3471178E+00 -7.8296900E-01
-1.0509541E+00 1.3748448E-01 -1.1890107E+00 -9.1472521E-01 -1.3277527E+00 -7.8845969E-01
-1.0186926E+00 1.1996734E-01 -1.1291152E+00 -8.9165003E-01 -1.2631624E+00 -7.9156608E-01
-9.7329979E-01 1.5594973E-01 -1.1186994E+00 -8.1166176E-01 -1.2906872E+00 -6.7564642E-01
-9.5746910E-01 1.8001449E-01 -1.1177007E+00 -7.6536987E-01 -1.3160562E+00 -6.1162105E-01
-9.6019220E-01 1.9724458E-01 -1.1299077E+00 -7.4529745E-01 -1.3583466E+00 -5.8935571E-01
-9.6017082E-01 1.9935294E-01 -1.1283882E+00 -7.4240308E-01 -1.3600729E+00 -5.8080945E-01
-9.6359003E-01 2.0927549E-01 -1.1428221E+00 -7.3651654E-01 -1.3839359E+00 -5.6221120E-01
-9.6233033E-01 2.2400746E-01 -1.1584015E+00 -7.2195025E-01 -1.4153416E+00 -5.3120938E-01
-9.9950491E-01 2.2603563E-01 -1.2077726E+00 -7.6238121E-01 -1.4676067E+00 -5.7184598E-01
-1.1089046E+00 3.1184981E-01 -1.4172125E+00 -7.9696686E-01 -1.7329895E+00 -5.1333142E-01
-1.2417594E+00 4.4922054E-01 -1.6849588E+00 -7.9477224E-01 -2.1517018E+00 -3.7924592E-01
-1.3905011E+00 6.3430316E-01 -2.0395471E+00 -7.5003143E-01 -2.6403302E+00 -1.7087473E-01
-1.4662367E+00 7.4277502E-01 -2.2473896E+00 -6.9560582E-01 -2.8808160E+00 -4.6159707E-02
-1.4696858E+00 7.4691994E-01 -2.2575054E+00 -6.9184051E-01 -2.8876609E+00 -4.2063083E-02
-1.5302072E+00 8.4552508E-01 -2.4998366E+00 -6.6379451E-01 -3.0537421E+00 5.4757947E-02
-1.5721892E+00 9.5071466E-01 -2.6883512E+00 -5.9521340E-01 -3.2389483E+00 2.0280937E-01
-1.5711360E+00 9.5407409E-01 -2.6943177E+00 -5.9645462E-01 -3.2830104E+00 1.6100942E-01
-1.5824362E+00 9.8708721E-01 -2.7547909E+00 -5.8121376E-01 -3.5000000E+00 5.0000000E-01
