-1.0809469E+00 1.7563341E-01 -1.2556137E+00 -9.0455016E-01 -1.4331796E+00 -7.4387762E-01
-1.0752753E+00 1.4738124E-01 -1.2218809E+00 -9.2964132E-01 -1.3750694E+00 -7.9249813E-01
-1.0719197E+00 1.4110785E-01 -1.2047742E+00 -9.2483129E-01 -1.3608156E+00 -8.0656665E-01
-1.0607506E+00 1.2026220E-01 -1.1731835E+00 -9.3551579E-01 -1.3059489E+00 -8.3538655E-01
-1.0495619E+00 1.5739281E-01 -1.2035137E+00 -8.9316823E-01 -1.3703871E+00 -7.5352501E-01
-1.0564973E+00 1.9312821E-01 -1.2312685E+00 -8.4626260E-01 -1.4524299E+00 -7.0103187E-01
-1.0689840E+00 2.1153867E-01 -1.2569409E+00 -8.3475968E-01 -1.4853222E+00 -6.6899275E-01
-1.0776967E+00 2.1145499E-01 -1.2644148E+00 -8.4243896E-01 -1.4923628E+00 -6.7936351E-01
-1.0944170E+00 2.1780159E-01 -1.2915434E+00 -8.5827068E-01 -1.5399142E+00 -6.9737349E-01
-1.1009057E+00 2.3291137E-01 -1.3150383E+00 -8.5076495E-01 -1.5712801E+00 -6.7119495E-01
-1.1141749E+00 2.3525604E-01 -1.3488788E+00 -8.8124991E-01 -1.5821776E+00 -6.5721709E-01
-1.1367634E+00 3.1988961E-01 -1.4575631E+00 -8.1801410E-01 -1.7796316E+00 -5.2657561E-01
-1.1534429E+00 4.5808576E-01 -1.5658350E+00 -6.5392412E-01 -2.0726379E+00 -2.8401072E-01
-1.1688192E+00 6.4517413E-01 -1.7633374E+00 -4.4865699E-01 -2.4180178E+00 4.9973313E-02
-1.1790209E+00 7.5546266E-01 -1.8645754E+00 -2.9626767E-01 -2.6133343E+00 2.4211236E-01
-1.1780501E+00 7.6242292E-01 -1.8715578E+00 -2.8734243E-01 -2.6279399E+00 2.5218059E-01
-1.1989896E+00 8.5445596E-01 -1.8980056E+00 -8.8303531E-02 -2.8176287E+00 3.1188887E-01
-1.2207164E+00 9.4857698E-01 -1.9462263E+00 8.6580472E-02 -2.9552266E+00 4.3658005E-01
-1.2230683E+00 9.4884491E-01 -1.9419980E+00 9.4561343E-02 -2.9589143E+00 4.1757740E-01
-1.2300824E+00 9.7789635E-01 -1.9910778E+00 1.1517558E-01 -3.5000000E+00 5.0000000E-01
