-1.2349798E+00 1.8188403E-01 -1.4161861E+00 -1.0556693E+00 -1.5962857E+00 -8.7998908E-01
-1.2356266E+00 1.5663064E-01 -1.3901313E+00 -1.0812057E+00 -1.5490167E+00 -9.3157275E-01
-1.2356959E+00 1.5083738E-01 -1.3843223E+00 -1.0855472E+00 -1.5388773E+00 -9.4499509E-01
-1.2401398E+00 1.3222985E-01 -1.3602081E+00 -1.1010931E+00 -1.5157050E+00 -9.9344314E-01
-1.2514587E+00 1.7326903E-01 -1.4135236E+00 -1.0695150E+00 -1.6025705E+00 -9.2572242E-01
-1.2521617E+00 2.0338366E-01 -1.4373994E+00 -1.0329111E+00 -1.6633527E+00 -8.7579547E-01
-1.2380442E+00 2.1469315E-01 -1.4363114E+00 -1.0101806E+00 -1.6787785E+00 -8.4196581E-01
-1.2218219E+00 2.1401548E-01 -1.4188596E+00 -9.9098479E-01 -1.6434084E+00 -8.1177614E-01
-1.1674695E+00 2.1904068E-01 -1.3781659E+00 -9.3587621E-01 -1.6084814E+00 -7.6152273E-01
-1.1366966E+00 2.3207870E-01 -1.3718394E+00 -8.9930377E-01 -1.5954933E+00 -7.0080774E-01
-1.0122159E+00 2.3638679E-01 -1.2483613E+00 -7.7421937E-01 -1.4829699E+00 -5.5776791E-01
-7.6976241E-01 2.9155764E-01 -1.0571802E+00 -4.8143505E-01 -1.3636449E+00 -2.0625239E-01
-5.8451056E-01 3.6547002E-01 -9.2679747E-01 -1.9227100E-01 -1.3225244E+00 9.4978521E-02
-4.7207392E-01 4.7538234E-01 -8.6021756E-01 1.0465477E-01 -1.3758556E+00 3.9271729E-01
-4.5845562E-01 5.4906282E-01 -8.3603690E-01 2.4550907E-01 -1.4673552E+00 5.0000000E-01
-4.6748592E-01 5.5090816E-01 -8.3082662E-01 2.4503268E-01 -1.5003702E+00 4.8545283E-01
-5.0567924E-01 6.2063335E-01 -8.3333170E-01 3.0223286E-01 -1.7030006E+00 4.8039656E-01
-5.4868777E-01 7.0966539E-01 -8.5563375E-01 4.1111216E-01 -1.8993143E+00 5.0000000E-01
-5.5260542E-01 7.1154471E-01 -8.4389059E-01 4.1637589E-01 -1.9122928E+00 4.9305036E-01
-5.6600703E-01 7.4039559E-01 -8.4495670E-01 4.7078074E-01 -1.9683497E+00 5.0000000E-01
