-9.6481221E-01 1.6540667E-01 -1.1228228E+00 -7.9375932E-01 -1.2943962E+00 -6.4688567E-01
-9.4993813E-01 1.3832106E-01 -1.0823970E+00 -8.0720121E-01 -1.2253220E+00 -6.8383269E-01
-9.4722678E-01 1.3204125E-01 -1.0743812E+00 -8.1215559E-01 -1.2091535E+00 -6.9307391E-01
-9.0089577E-01 1.1000344E-01 -1.0093844E+00 -7.9082378E-01 -1.1224390E+00 -6.9019038E-01
-8.1650633E-01 1.4201120E-01 -9.5774972E-01 -6.7539489E-01 -1.1000790E+00 -5.4603655E-01
-7.8801276E-01 1.6489512E-01 -9.3684339E-01 -6.1812306E-01 -1.1333963E+00 -4.7947921E-01
-8.1817569E-01 1.7421046E-01 -9.6745712E-01 -6.3387869E-01 -1.1921626E+00 -4.9896770E-01
-8.5346961E-01 1.6995662E-01 -9.9552810E-01 -6.6941899E-01 -1.1969733E+00 -5.2934680E-01
-9.4798624E-01 1.7757261E-01 -1.1042861E+00 -7.5820361E-01 -1.3051553E+00 -6.0566460E-01
-1.0002317E+00 1.9590087E-01 -1.1802703E+00 -7.9490619E-01 -1.4075741E+00 -6.3591848E-01
-1.1977442E+00 2.1688317E-01 -1.4016701E+00 -9.7430563E-01 -1.6378963E+00 -7.8529477E-01
-1.5813536E+00 3.3014773E-01 -1.8886187E+00 -1.2365492E+00 -2.2575357E+00 -9.6135211E-01
-1.8915210E+00 4.5640784E-01 -2.3527363E+00 -1.4321751E+00 -2.7934102E+00 -1.0047901E+00
-2.1268997E+00 5.9056837E-01 -2.7949672E+00 -1.5898394E+00 -3.2475511E+00 -9.8835794E-01
-2.2021953E+00 6.6175554E-01 -2.9912401E+00 -1.6472688E+00 -3.4230997E+00 -9.5016848E-01
-2.1980730E+00 6.6216910E-01 -2.9869537E+00 -1.6442774E+00 -3.4088094E+00 -9.4055124E-01
-2.2122118E+00 7.2617869E-01 -3.1828623E+00 -1.7494422E+00 -3.4437007E+00 -8.2103531E-01
-2.2053361E+00 8.1013273E-01 -3.3584246E+00 -1.7840231E+00 -3.5000000E+00 -6.9220415E-01
-2.2004607E+00 8.1188856E-01 -3.3713786E+00 -1.8013994E+00 -3.4739971E+00 -6.6764507E-01
-2.1957542E+00 8.4010303E-01 -3.4228990E+00 -1.7864106E+00 -3.5000000E+00 -6.3326162E-01
