-1.1386293E+00 1.7229387E-01 -1.2992098E+00 -9.6100207E-01 -1.4914457E+00 -8.0979844E-01
-1.1345889E+00 1.4692865E-01 -1.2695619E+00 -9.8213282E-01 -1.4380353E+00 -8.5590058E-01
-1.1345700E+00 1.3987762E-01 -1.2635336E+00 -9.8958986E-01 -1.4233590E+00 -8.7054732E-01
-1.1153484E+00 1.2397296E-01 -1.2247054E+00 -9.8164692E-01 -1.3717909E+00 -8.8456847E-01
-1.0694298E+00 1.6152295E-01 -1.2214026E+00 -9.0095859E-01 -1.3993902E+00 -7.6855802E-01
-1.0211371E+00 1.9123315E-01 -1.1915909E+00 -8.1613362E-01 -1.4282734E+00 -6.7392675E-01
-9.9914110E-01 2.0917774E-01 -1.1766314E+00 -7.6362780E-01 -1.4256836E+00 -6.1159475E-01
-9.9414400E-01 2.1203800E-01 -1.1740441E+00 -7.5450079E-01 -1.4266696E+00 -6.0438649E-01
-9.9074537E-01 2.2121168E-01 -1.1921773E+00 -7.4877042E-01 -1.4313770E+00 -5.7527003E-01
-9.8941127E-01 2.3731953E-01 -1.2104034E+00 -7.3332015E-01 -1.4752999E+00 -5.5545474E-01
-1.0165895E+00 2.3321074E-01 -1.2513735E+00 -7.8419325E-01 -1.4843337E+00 -5.7324134E-01
-1.0920667E+00 3.2188199E-01 -1.3929608E+00 -7.6069510E-01 -1.7498611E+00 -4.8250419E-01
-1.1769651E+00 4.9020525E-01 -1.6410274E+00 -6.5202176E-01 -2.1658066E+00 -2.6089348E-01
-1.2637114E+00 7.0117828E-01 -1.9522087E+00 -4.8965479E-01 -2.5981848E+00 5.1829113E-02
-1.3019756E+00 8.1338289E-01 -2.0955357E+00 -3.6453871E-01 -2.8353586E+00 1.9486097E-01
-1.3007300E+00 8.1618613E-01 -2.0925607E+00 -3.5293530E-01 -2.8409249E+00 1.9415024E-01
-1.3260208E+00 9.1007715E-01 -2.1416078E+00 -1.5136304E-01 -2.9944277E+00 2.5571221E-01
-1.3437442E+00 1.0076441E+00 -2.1788127E+00 5.2604578E-02 -3.1578253E+00 3.6993098E-01
-1.3440017E+00 1.0085836E+00 -2.1765553E+00 5.7338346E-02 -3.1519221E+00 3.7059247E-01
-1.3496968E+00 1.0377182E+00 -2.2030470E+00 9.8515535E-02 -3.5000000E+00 5.0000000E-01
