-1.2508849E+00 1.7045986E-01 -1.4204277E+00 -1.0832310E+00 -1.5930764E+00 -9.2202732E-01
-1.2121794E+00 1.4312807E-01 -1.3528207E+00 -1.0711153E+00 -1.5032944E+00 -9.3756933E-01
-1.1972091E+00 1.3712066E-01 -1.3325963E+00 -1.0625095E+00 -1.4757519E+00 -9.3534006E-01
-1.0757216E+00 1.1877325E-01 -1.1878707E+00 -9.5283057E-01 -1.3158652E+00 -8.5043032E-01
-8.5893040E-01 1.5116778E-01 -9.9806596E-01 -6.9968617E-01 -1.1672752E+00 -5.7704848E-01
-7.3901655E-01 1.6804126E-01 -8.9301560E-01 -5.6335688E-01 -1.0819605E+00 -4.2508768E-01
-7.4140780E-01 1.7529158E-01 -9.0257357E-01 -5.6048012E-01 -1.0836647E+00 -4.0275774E-01
-7.7462794E-01 1.7330961E-01 -9.2950175E-01 -5.9419710E-01 -1.1362407E+00 -4.5311914E-01
-8.4302652E-01 1.8013800E-01 -1.0075776E+00 -6.5880590E-01 -1.2156378E+00 -5.0207830E-01
-8.8004598E-01 1.9581870E-01 -1.0701733E+00 -6.8716103E-01 -1.2803222E+00 -5.0758833E-01
-1.0219631E+00 2.1301231E-01 -1.2324853E+00 -8.1145753E-01 -1.4442924E+00 -6.0933462E-01
-1.3145126E+00 3.2121092E-01 -1.6191237E+00 -9.8143997E-01 -1.9621420E+00 -7.0340391E-01
-1.5744411E+00 4.5505173E-01 -2.0312164E+00 -1.1212271E+00 -2.4802157E+00 -6.9947451E-01
-1.7927851E+00 6.0869198E-01 -2.4151955E+00 -1.1769111E+00 -2.9399324E+00 -5.9214256E-01
-1.8752587E+00 6.9148476E-01 -2.6313479E+00 -1.2008799E+00 -3.1999666E+00 -5.7571399E-01
-1.8730906E+00 6.9200842E-01 -2.6348988E+00 -1.2011382E+00 -3.1956406E+00 -5.7775546E-01
-1.9123585E+00 7.6195038E-01 -2.8534537E+00 -1.2459319E+00 -3.2950404E+00 -5.0345043E-01
-1.9329893E+00 8.4824961E-01 -3.0495343E+00 -1.2489587E+00 -3.4393965E+00 -4.0125298E-01
-1.9310975E+00 8.5104949E-01 -3.0570212E+00 -1.2527422E+00 -3.4262743E+00 -3.9531433E-01
-1.9336209E+00 8.7969462E-01 -3.0938998E+00 -1.2299880E+00 -3.5000000E+00 -3.9179352E-01
