-1.0825368E+00 1.7692042E-01 -1.2564100E+00 -9.0738308E-01 -1.4376222E+00 -7.4023248E-01
-1.0829921E+00 1.5270926E-01 -1.2276709E+00 -9.2490003E-01 -1.3911853E+00 -7.9323619E-01
-1.0835556E+00 1.4789267E-01 -1.2248723E+00 -9.3031430E-01 -1.3803505E+00 -8.0255313E-01
-1.0891324E+00 1.2999587E-01 -1.2062853E+00 -9.5062271E-01 -1.3605352E+00 -8.4810016E-01
-1.0932055E+00 1.6828134E-01 -1.2442944E+00 -9.1500425E-01 -1.4383280E+00 -7.7992695E-01
-1.0816673E+00 2.0009579E-01 -1.2646393E+00 -8.6585691E-01 -1.4770359E+00 -7.0015875E-01
-1.0657200E+00 2.1381660E-01 -1.2591712E+00 -8.3154256E-01 -1.4916956E+00 -6.6323705E-01
-1.0561770E+00 2.1113889E-01 -1.2449668E+00 -8.2392982E-01 -1.4769716E+00 -6.5699223E-01
-1.0346270E+00 2.1478740E-01 -1.2307393E+00 -8.0585959E-01 -1.4584474E+00 -6.2120390E-01
-1.0207382E+00 2.2911271E-01 -1.2340527E+00 -7.8142768E-01 -1.4929150E+00 -5.9356839E-01
-9.8247481E-01 2.3231300E-01 -1.2109407E+00 -7.5262586E-01 -1.4517273E+00 -5.4026352E-01
-9.2559820E-01 3.1625742E-01 -1.2159467E+00 -5.9497131E-01 -1.5780466E+00 -3.3810013E-01
-9.0109789E-01 4.4689163E-01 -1.2922547E+00 -4.1827839E-01 -1.7890369E+00 -4.3949077E-02
-9.1470246E-01 6.1726204E-01 -1.4340144E+00 -2.0237396E-01 -2.1296635E+00 2.3864244E-01
-9.4120769E-01 7.1735429E-01 -1.4985202E+00 -5.0864894E-02 -2.3318706E+00 3.5623226E-01
-9.4531192E-01 7.2052211E-01 -1.4929574E+00 -4.1285871E-02 -2.3417918E+00 3.4483537E-01
-9.9287968E-01 8.1828408E-01 -1.5128571E+00 1.3616277E-01 -2.5698057E+00 3.6384089E-01
-1.0354076E+00 9.2593348E-01 -1.5563828E+00 3.1978431E-01 -2.7692747E+00 4.6505019E-01
-1.0363072E+00 9.2829130E-01 -1.5426218E+00 3.3906902E-01 -2.7760902E+00 4.5160474E-01
-1.0468429E+00 9.6076792E-01 -1.6042243E+00 3.6567629E-01 -2.8133676E+00 5.0000000E-01
