-1.0189625E+00 1.6967629E-01 -1.1882818E+00 -8.4968826E-01 -1.3555723E+00 -6.9388981E-01
-1.0223844E+00 1.4073669E-01 -1.1619878E+00 -8.8065410E-01 -1.3016106E+00 -7.5555227E-01
-1.0288818E+00 1.3271146E-01 -1.1583986E+00 -8.9644633E-01 -1.2942550E+00 -7.7482719E-01
-1.0219215E+00 1.1026287E-01 -1.1314538E+00 -9.1130989E-01 -1.2454628E+00 -8.1403788E-01
-9.7012513E-01 1.5115368E-01 -1.1112756E+00 -8.1512612E-01 -1.2805066E+00 -6.8284418E-01
-8.9740089E-01 1.7899080E-01 -1.0568322E+00 -7.0826040E-01 -1.2500346E+00 -5.4988373E-01
-8.6947259E-01 1.9107808E-01 -1.0288772E+00 -6.6186680E-01 -1.2571981E+00 -5.0784375E-01
-8.7195336E-01 1.9114681E-01 -1.0281096E+00 -6.6249274E-01 -1.2596294E+00 -5.1290029E-01
-9.0287963E-01 2.0033802E-01 -1.0703761E+00 -6.8118197E-01 -1.3047134E+00 -5.2365457E-01
-9.2305049E-01 2.1742968E-01 -1.1137843E+00 -6.8512755E-01 -1.3588186E+00 -5.0977295E-01
-1.0504964E+00 2.2575704E-01 -1.2619980E+00 -8.1412728E-01 -1.5086126E+00 -6.2455934E-01
-1.3377848E+00 3.2444493E-01 -1.6557592E+00 -1.0152891E+00 -1.9900950E+00 -7.1104293E-01
-1.5978412E+00 4.6631797E-01 -2.0550312E+00 -1.1290678E+00 -2.5175363E+00 -6.7624093E-01
-1.8068783E+00 6.4498468E-01 -2.5159776E+00 -1.2081266E+00 -3.0414943E+00 -5.4572633E-01
-1.8771744E+00 7.4587799E-01 -2.7564714E+00 -1.2232962E+00 -3.2653620E+00 -4.3295505E-01
-1.8715957E+00 7.4926781E-01 -2.7613219E+00 -1.2189626E+00 -3.2543992E+00 -4.2646062E-01
-1.8879367E+00 8.3661034E-01 -2.9790869E+00 -1.2415902E+00 -3.3370082E+00 -2.8691112E-01
-1.8887746E+00 9.3030851E-01 -3.2122870E+00 -1.2846232E+00 -3.4700637E+00 -1.4395434E-01
-1.8853952E+00 9.3058394E-01 -3.2268318E+00 -1.3004528E+00 -3.4422250E+00 -1.2683266E-01
-1.8841151E+00 9.5866239E-01 -3.2365812E+00 -1.2486003E+00 -3.5000000E+00 5.0000000E-01
