-9.6581072E-01 1.7252934E-01 -1.1367488E+00 -7.9516441E-01 -1.3121873E+00 -6.3096806E-01
-9.7652871E-01 1.4683872E-01 -1.1231230E+00 -8.3205424E-01 -1.2722168E+00 -6.9364192E-01
-9.8062849E-01 1.4078683E-01 -1.1213644E+00 -8.4179578E-01 -1.2630599E+00 -7.1077951E-01
-1.0207208E+00 1.2019885E-01 -1.1388927E+00 -9.0217003E-01 -1.2671243E+00 -7.9281625E-01
-1.0940445E+00 1.6158040E-01 -1.2460369E+00 -9.2499311E-01 -1.4206612E+00 -7.8993392E-01
-1.1409037E+00 1.9610906E-01 -1.3166742E+00 -9.2919931E-01 -1.5464466E+00 -7.8319784E-01
-1.1479552E+00 2.1074017E-01 -1.3303081E+00 -9.1454302E-01 -1.5674066E+00 -7.4999950E-01
-1.1393697E+00 2.0932648E-01 -1.3227639E+00 -9.0737848E-01 -1.5555985E+00 -7.4603302E-01
-1.1225866E+00 2.1399921E-01 -1.3181968E+00 -8.8736654E-01 -1.5614640E+00 -7.3481425E-01
-1.1121680E+00 2.2912182E-01 -1.3267233E+00 -8.6380308E-01 -1.5755425E+00 -6.9032169E-01
-1.0842113E+00 2.3247325E-01 -1.3162751E+00 -8.5636755E-01 -1.5501039E+00 -6.4044834E-01
-1.0363409E+00 3.1710565E-01 -1.3290208E+00 -7.0699774E-01 -1.6856119E+00 -4.3093751E-01
-1.0099265E+00 4.4733671E-01 -1.4224359E+00 -5.3638920E-01 -1.8907165E+00 -1.4434442E-01
-1.0054418E+00 6.1737437E-01 -1.5604168E+00 -3.0411079E-01 -2.1989382E+00 1.4672982E-01
-1.0138835E+00 7.1652550E-01 -1.6165262E+00 -1.4906007E-01 -2.4003912E+00 2.8783554E-01
-1.0160462E+00 7.1998498E-01 -1.6168165E+00 -1.4260507E-01 -2.4093354E+00 2.8670819E-01
-1.0353132E+00 8.1075644E-01 -1.6258495E+00 3.6342638E-02 -2.6027085E+00 3.3300702E-01
-1.0532832E+00 9.1230583E-01 -1.6252493E+00 2.5160557E-01 -2.7563890E+00 4.5723156E-01
-1.0547813E+00 9.1467548E-01 -1.5969974E+00 2.8453787E-01 -2.7627438E+00 4.3930492E-01
-1.0578821E+00 9.4737565E-01 -1.6489037E+00 3.0981409E-01 -2.7891857E+00 5.0000000E-01
