-1.0844220E+00 1.6656580E-01 -1.2509925E+00 -9.1818589E-01 -1.4141693E+00 -7.6121212E-01
-1.0647574E+00 1.3721411E-01 -1.2006362E+00 -9.2819769E-01 -1.3368019E+00 -8.0114874E-01
-1.0624503E+00 1.2986484E-01 -1.1912258E+00 -9.3388369E-01 -1.3223290E+00 -8.1313958E-01
-9.8526593E-01 1.0810064E-01 -1.0917757E+00 -8.7664072E-01 -1.2036097E+00 -7.8009376E-01
-8.1626600E-01 1.4107472E-01 -9.5661249E-01 -6.7584146E-01 -1.0959002E+00 -5.4117304E-01
-6.8557402E-01 1.5291322E-01 -8.3411303E-01 -5.3585451E-01 -9.9818326E-01 -3.9418441E-01
-6.6342037E-01 1.5768439E-01 -8.0526786E-01 -4.9740309E-01 -9.9033983E-01 -3.6828985E-01
-6.8474470E-01 1.5602972E-01 -8.2492410E-01 -5.1844515E-01 -1.0095223E+00 -3.9934544E-01
-7.5736543E-01 1.6811064E-01 -9.0917563E-01 -5.7707912E-01 -1.1020513E+00 -4.4718128E-01
-7.9958521E-01 1.8588260E-01 -9.6850923E-01 -6.0058103E-01 -1.1805468E+00 -4.5452546E-01
-1.0108333E+00 2.0863112E-01 -1.2046944E+00 -7.9067918E-01 -1.4327394E+00 -6.2026589E-01
-1.4781477E+00 3.0604416E-01 -1.7693448E+00 -1.1588601E+00 -2.0915151E+00 -9.0000851E-01
-1.9160040E+00 3.9996079E-01 -2.3148026E+00 -1.5213438E+00 -2.6905778E+00 -1.1156161E+00
-2.2964148E+00 4.9471628E-01 -2.8569478E+00 -1.8742767E+00 -3.2302467E+00 -1.3257357E+00
-2.4386559E+00 5.4712354E-01 -3.1008785E+00 -2.0267566E+00 -3.4487960E+00 -1.3991018E+00
-2.4352987E+00 5.4785709E-01 -3.1028457E+00 -2.0280021E+00 -3.4323334E+00 -1.3861933E+00
-2.4811005E+00 5.9999165E-01 -3.2615680E+00 -2.1406252E+00 -3.4523983E+00 -1.3104604E+00
-2.4925581E+00 6.7842694E-01 -3.4062871E+00 -2.1853657E+00 -3.5000000E+00 -1.2017165E+00
-2.4872168E+00 6.8161429E-01 -3.4072089E+00 -2.1905905E+00 -3.4849587E+00 -1.1765023E+00
-2.4858000E+00 7.0973713E-01 -3.5000000E+00 -2.2270156E+00 -3.5000000E+00 -1.1374468E+00
