-8.8393605E-01 1.7745995E-01 -1.0573824E+00 -7.0809173E-01 -1.2374094E+00 -5.3786369E-01
-8.9966202E-01 1.5330957E-01 -1.0492530E+00 -7.4954510E-01 -1.2109526E+00 -6.0192585E-01
-8.9895068E-01 1.4824057E-01 -1.0447965E+00 -7.5329850E-01 -1.1998803E+00 -6.0976646E-01
-9.7101183E-01 1.2795736E-01 -1.0895670E+00 -8.3647646E-01 -1.2301886E+00 -7.2809859E-01
-1.1555005E+00 1.6499624E-01 -1.3081499E+00 -9.8032992E-01 -1.4916969E+00 -8.4700222E-01
-1.3340705E+00 1.9796679E-01 -1.5304709E+00 -1.1399516E+00 -1.7343871E+00 -9.5309850E-01
-1.3930716E+00 2.1413048E-01 -1.6045857E+00 -1.1828764E+00 -1.8220541E+00 -9.7928691E-01
-1.3850352E+00 2.1355686E-01 -1.5940398E+00 -1.1737976E+00 -1.8168414E+00 -9.7718525E-01
-1.3503948E+00 2.2039197E-01 -1.5679755E+00 -1.1305721E+00 -1.7884333E+00 -9.2192888E-01
-1.3236706E+00 2.3439341E-01 -1.5563702E+00 -1.0901844E+00 -1.7815442E+00 -8.6028170E-01
-1.1822835E+00 2.3829681E-01 -1.4163869E+00 -9.4542051E-01 -1.6551409E+00 -7.1531166E-01
-8.7782063E-01 3.0544641E-01 -1.1642367E+00 -5.6074351E-01 -1.4954676E+00 -2.9241679E-01
-6.1680057E-01 3.9306631E-01 -9.5024613E-01 -1.8727295E-01 -1.3982444E+00 1.3068454E-01
-4.2763907E-01 5.0060807E-01 -7.4908979E-01 1.7431664E-01 -1.3879129E+00 4.3766611E-01
-3.8057153E-01 5.6526902E-01 -6.7184072E-01 3.2341055E-01 -1.4650622E+00 5.0000000E-01
-3.8759838E-01 5.6836943E-01 -6.7629221E-01 3.1890687E-01 -1.4829059E+00 5.0000000E-01
-4.1473610E-01 6.2411348E-01 -6.7044460E-01 3.5245460E-01 -1.6470896E+00 5.0000000E-01
-4.5468020E-01 7.0080537E-01 -7.0120226E-01 4.3161923E-01 -1.8326748E+00 5.0000000E-01
-4.6026710E-01 7.0240544E-01 -6.9958169E-01 4.2960598E-01 -1.8437612E+00 4.9872129E-01
-4.7283420E-01 7.2867493E-01 -6.8512679E-01 5.0000000E-01 -1.9029942E+00 5.0000000E-01
