-1.3796316E+00 1.8366519E-01 -1.5598848E+00 -1.1999362E+00 -1.7505622E+00 -1.0246132E+00
-1.3761945E+00 1.5995301E-01 -1.5264083E+00 -1.2115008E+00 -1.7043532E+00 -1.0716358E+00
-1.3798376E+00 1.5467705E-01 -1.5232625E+00 -1.2172103E+00 -1.6969421E+00 -1.0902042E+00
-1.3547415E+00 1.4115822E-01 -1.4832621E+00 -1.2059847E+00 -1.6480991E+00 -1.0910257E+00
-1.2658535E+00 1.7995124E-01 -1.4285685E+00 -1.0728341E+00 -1.6236210E+00 -9.2230091E-01
-1.1352802E+00 2.0944078E-01 -1.3238567E+00 -9.0707167E-01 -1.5730033E+00 -7.5599915E-01
-1.0546895E+00 2.2207792E-01 -1.2571156E+00 -8.1161556E-01 -1.5121835E+00 -6.4949764E-01
-1.0234110E+00 2.2108780E-01 -1.2275850E+00 -7.8361166E-01 -1.4755969E+00 -6.2034623E-01
-9.5657311E-01 2.2391261E-01 -1.1655895E+00 -7.1970472E-01 -1.4167853E+00 -5.4404716E-01
-9.2447581E-01 2.3753248E-01 -1.1442528E+00 -6.7056405E-01 -1.4094990E+00 -4.8276184E-01
-8.3832078E-01 2.3632975E-01 -1.0733313E+00 -6.0248281E-01 -1.3156141E+00 -3.9094491E-01
-7.0400732E-01 3.0432730E-01 -1.0073848E+00 -3.9605933E-01 -1.3184961E+00 -1.3185665E-01
-6.3524026E-01 4.2254411E-01 -9.9663036E-01 -1.6691195E-01 -1.4849132E+00 1.5846290E-01
-6.3428417E-01 5.7984167E-01 -1.0628271E+00 7.0660466E-02 -1.7644971E+00 4.0744109E-01
-6.6646540E-01 6.7101069E-01 -1.1216938E+00 1.8016877E-01 -1.9207647E+00 5.0000000E-01
-6.7483424E-01 6.7364626E-01 -1.1227166E+00 1.7976128E-01 -1.9485693E+00 4.8536541E-01
-7.4224533E-01 7.5275688E-01 -1.1492988E+00 2.6509988E-01 -2.2094788E+00 4.5599301E-01
-8.0069083E-01 8.4537169E-01 -1.1927437E+00 3.7424459E-01 -2.4276235E+00 4.9244981E-01
-8.0038971E-01 8.4719314E-01 -1.1786759E+00 3.8698461E-01 -2.4410848E+00 4.7676211E-01
-8.1501439E-01 8.7865082E-01 -1.1953976E+00 4.4710606E-01 -2.4977066E+00 5.0000000E-01
