-1.1155045E+00 1.7581365E-01 -1.2914928E+00 -9.4131725E-01 -1.4628468E+00 -7.7404868E-01
-1.1081513E+00 1.4871665E-01 -1.2564942E+00 -9.6178138E-01 -1.4049520E+00 -8.2120378E-01
-1.1073049E+00 1.4124747E-01 -1.2462133E+00 -9.6849315E-01 -1.3907697E+00 -8.3415610E-01
-1.0719537E+00 1.1902248E-01 -1.1907207E+00 -9.5399630E-01 -1.3108118E+00 -8.4493122E-01
-9.8269484E-01 1.5432116E-01 -1.1369535E+00 -8.3013859E-01 -1.2928849E+00 -6.8799326E-01
-8.8400105E-01 1.8268418E-01 -1.0510769E+00 -6.9400688E-01 -1.2401518E+00 -5.2899790E-01
-8.3875555E-01 1.9662167E-01 -1.0086581E+00 -6.2968489E-01 -1.2298154E+00 -4.6176800E-01
-8.2886667E-01 1.9600583E-01 -9.8984514E-01 -6.1504452E-01 -1.2250746E+00 -4.5955354E-01
-8.2566962E-01 2.0441307E-01 -9.9417301E-01 -5.9967435E-01 -1.2390592E+00 -4.4099032E-01
-8.2709383E-01 2.2045880E-01 -1.0173138E+00 -5.8842562E-01 -1.2695448E+00 -4.0742398E-01
-8.8258766E-01 2.2498372E-01 -1.0889690E+00 -6.4531610E-01 -1.3453215E+00 -4.5790823E-01
-1.0437883E+00 3.1353710E-01 -1.3527947E+00 -7.3257548E-01 -1.6760452E+00 -4.4534611E-01
-1.2279619E+00 4.5119488E-01 -1.6756905E+00 -7.7444333E-01 -2.1389922E+00 -3.7256254E-01
-1.4169553E+00 6.2425088E-01 -2.0633813E+00 -7.8359193E-01 -2.6337126E+00 -2.2616527E-01
-1.5051548E+00 7.2073487E-01 -2.2643413E+00 -7.5808816E-01 -2.8811812E+00 -1.4085012E-01
-1.5068189E+00 7.2359489E-01 -2.2701256E+00 -7.5515327E-01 -2.8861405E+00 -1.3691591E-01
-1.5770144E+00 8.0756502E-01 -2.4477724E+00 -7.0330302E-01 -3.0679450E+00 -6.9703213E-02
-1.6257806E+00 9.0197462E-01 -2.6093023E+00 -6.3986158E-01 -3.3382836E+00 -2.3709024E-02
-1.6239633E+00 9.0441975E-01 -2.6092691E+00 -6.3528046E-01 -3.3489502E+00 -3.8527684E-02
-1.6327475E+00 9.3328435E-01 -2.6473720E+00 -6.1193146E-01 -3.4628788E+00 -3.9758548E-02
