-1.1508258E+00 1.6203861E-01 -1.3117405E+00 -9.8834997E-01 -1.4694374E+00 -8.3736541E-01
-1.1075230E+00 1.3311218E-01 -1.2401072E+00 -9.7623345E-01 -1.3711653E+00 -8.4904399E-01
-1.0870251E+00 1.2609310E-01 -1.2122224E+00 -9.6292184E-01 -1.3375842E+00 -8.4115810E-01
-9.5776280E-01 1.0536944E-01 -1.0605973E+00 -8.5288832E-01 -1.1673544E+00 -7.5127245E-01
-7.5655478E-01 1.4211327E-01 -8.9789696E-01 -6.1328772E-01 -1.0341239E+00 -4.7888468E-01
-6.8964294E-01 1.5448928E-01 -8.4272370E-01 -5.3611459E-01 -9.9863056E-01 -3.9458642E-01
-7.3774270E-01 1.5682417E-01 -8.7806622E-01 -5.7042909E-01 -1.0645589E+00 -4.4637379E-01
-7.9718481E-01 1.5176010E-01 -9.3524376E-01 -6.3692682E-01 -1.1126579E+00 -5.1572312E-01
-9.3020644E-01 1.6326878E-01 -1.0829131E+00 -7.6213386E-01 -1.2659469E+00 -6.2217619E-01
-1.0021987E+00 1.8364709E-01 -1.1816104E+00 -8.1877080E-01 -1.3753466E+00 -6.5260309E-01
-1.2474342E+00 2.1831696E-01 -1.4633928E+00 -1.0286047E+00 -1.6842845E+00 -8.2890976E-01
-1.7160408E+00 3.2066546E-01 -2.0330140E+00 -1.4039375E+00 -2.3513868E+00 -1.0876881E+00
-2.0917295E+00 4.1208869E-01 -2.5055986E+00 -1.6785042E+00 -2.8836278E+00 -1.2617268E+00
-2.3728175E+00 5.0603897E-01 -2.9632647E+00 -1.9364290E+00 -3.3084189E+00 -1.3935998E+00
-2.4611723E+00 5.5855436E-01 -3.1500292E+00 -2.0241963E+00 -3.4651989E+00 -1.4253552E+00
-2.4549478E+00 5.5991770E-01 -3.1502278E+00 -2.0231443E+00 -3.4453488E+00 -1.4049091E+00
-2.4697595E+00 6.0483263E-01 -3.2834427E+00 -2.1160446E+00 -3.4553418E+00 -1.3148890E+00
-2.4610353E+00 6.7586772E-01 -3.3900947E+00 -2.1236297E+00 -3.5000000E+00 -1.1927396E+00
-2.4558692E+00 6.7745023E-01 -3.3960788E+00 -2.1354351E+00 -3.4814796E+00 -1.1694416E+00
-2.4503221E+00 7.0386280E-01 -3.4623357E+00 -2.1457781E+00 -3.5000000E+00 -1.1349036E+00
