-1.2832920E+00 1.6943754E-01 -1.4508075E+00 -1.1151886E+00 -1.6158458E+00 -9.5129356E-01
-1.2482362E+00 1.4137978E-01 -1.3872802E+00 -1.1078493E+00 -1.5305628E+00 -9.7397034E-01
-1.2365081E+00 1.3469148E-01 -1.3690518E+00 -1.1042595E+00 -1.5068247E+00 -9.7628382E-01
-1.1134692E+00 1.1521061E-01 -1.2191832E+00 -9.9519954E-01 -1.3506831E+00 -8.9428615E-01
-8.7303063E-01 1.4529711E-01 -1.0084064E+00 -7.2447093E-01 -1.1701904E+00 -5.9570169E-01
-7.0424309E-01 1.6525361E-01 -8.4706311E-01 -5.2727756E-01 -1.0325250E+00 -3.8816037E-01
-6.7788598E-01 1.7375166E-01 -8.2652049E-01 -4.9357782E-01 -1.0255533E+00 -3.4642889E-01
-7.0284911E-01 1.7078210E-01 -8.4841981E-01 -5.2073417E-01 -1.0439338E+00 -3.7746914E-01
-7.7607715E-01 1.7728776E-01 -9.3207397E-01 -5.8903445E-01 -1.1278136E+00 -4.3753838E-01
-8.2058029E-01 1.9407201E-01 -9.9474369E-01 -6.1630197E-01 -1.2038402E+00 -4.4824183E-01
-1.0196980E+00 2.1239234E-01 -1.2286336E+00 -8.0965012E-01 -1.4519201E+00 -6.1600972E-01
-1.4403678E+00 3.1770309E-01 -1.7511844E+00 -1.1288068E+00 -2.0761956E+00 -8.1099872E-01
-1.7995987E+00 4.4661550E-01 -2.2516229E+00 -1.3530541E+00 -2.6587733E+00 -9.2013356E-01
-2.0740483E+00 5.9891598E-01 -2.7681632E+00 -1.5358072E+00 -3.1824721E+00 -9.2158133E-01
-2.1610366E+00 6.8234207E-01 -3.0167979E+00 -1.6171993E+00 -3.3983512E+00 -8.7435972E-01
-2.1541306E+00 6.8501733E-01 -3.0195104E+00 -1.6163343E+00 -3.3820268E+00 -8.6231545E-01
-2.1744162E+00 7.5195643E-01 -3.1898938E+00 -1.6965677E+00 -3.4191059E+00 -7.4166126E-01
-2.1781296E+00 8.3287583E-01 -3.3634841E+00 -1.7475536E+00 -3.5000000E+00 -6.2362303E-01
-2.1756068E+00 8.3425471E-01 -3.3801638E+00 -1.7694932E+00 -3.4706550E+00 -5.9725553E-01
-2.1740899E+00 8.6275629E-01 -3.4513581E+00 -1.7802424E+00 -3.5000000E+00 -5.6169709E-01
