-1.4581465E+00 1.7631438E-01 -1.6353448E+00 -1.2835954E+00 -1.8056284E+00 -1.1222441E+00
-1.4172154E+00 1.5009141E-01 -1.5606999E+00 -1.2622463E+00 -1.7186082E+00 -1.1310388E+00
-1.4056066E+00 1.4445317E-01 -1.5426211E+00 -1.2555720E+00 -1.6979861E+00 -1.1337974E+00
-1.2672538E+00 1.2469339E-01 -1.3848825E+00 -1.1368507E+00 -1.5177547E+00 -1.0323200E+00
-9.8134258E-01 1.5326236E-01 -1.1315800E+00 -8.2955508E-01 -1.2905817E+00 -6.8863179E-01
-7.5173363E-01 1.7520003E-01 -9.1172259E-01 -5.6884042E-01 -1.0935012E+00 -4.1714137E-01
-6.9270882E-01 1.8597120E-01 -8.5523951E-01 -4.9456609E-01 -1.0590156E+00 -3.3905799E-01
-7.1163105E-01 1.8195911E-01 -8.6920394E-01 -5.1565428E-01 -1.0724055E+00 -3.6893097E-01
-7.6061799E-01 1.8680038E-01 -9.2424133E-01 -5.5979754E-01 -1.1537389E+00 -4.1960662E-01
-7.9588056E-01 2.0375989E-01 -9.8124449E-01 -5.8016150E-01 -1.2184027E+00 -4.1568688E-01
-9.3710949E-01 2.2030511E-01 -1.1554422E+00 -7.1876468E-01 -1.3854829E+00 -5.2150789E-01
-1.2295301E+00 3.3144285E-01 -1.5573811E+00 -8.9840043E-01 -1.8940101E+00 -5.9384371E-01
-1.4802050E+00 4.7062100E-01 -1.9521946E+00 -1.0019336E+00 -2.4098573E+00 -5.7784283E-01
-1.6819597E+00 6.3296703E-01 -2.3371955E+00 -1.0218947E+00 -2.8869350E+00 -4.6461540E-01
-1.7552805E+00 7.2357494E-01 -2.5168617E+00 -9.9403627E-01 -3.1306624E+00 -3.9411459E-01
-1.7523362E+00 7.2571037E-01 -2.5498190E+00 -1.0234844E+00 -3.1276403E+00 -3.8948940E-01
-1.7846258E+00 8.0825992E-01 -2.7662463E+00 -1.0284663E+00 -3.2449854E+00 -2.8736056E-01
-1.8017547E+00 9.0150614E-01 -2.9338185E+00 -9.7825799E-01 -3.4220237E+00 -1.9066707E-01
-1.8011625E+00 9.0394125E-01 -2.9309093E+00 -9.6983598E-01 -3.4151684E+00 -1.8882679E-01
-1.8046239E+00 9.3222123E-01 -2.9684419E+00 -9.4200621E-01 -3.5000000E+00 -1.9338841E-01
