-1.0370733E+00 1.6431229E-01 -1.2010366E+00 -8.7233064E-01 -1.3588125E+00 -7.1794640E-01
-1.0321505E+00 1.3772915E-01 -1.1686449E+00 -8.9568992E-01 -1.3059672E+00 -7.6572558E-01
-1.0330448E+00 1.3307301E-01 -1.1644059E+00 -9.0163273E-01 -1.2997772E+00 -7.7749070E-01
-1.0127390E+00 1.1406419E-01 -1.1214813E+00 -8.9646346E-01 -1.2394690E+00 -7.9593651E-01
-9.5101888E-01 1.4743242E-01 -1.0890588E+00 -8.0007487E-01 -1.2487425E+00 -6.7055331E-01
-8.8608755E-01 1.6888199E-01 -1.0348045E+00 -7.0932440E-01 -1.2251214E+00 -5.6184817E-01
-8.6620935E-01 1.8053264E-01 -1.0155021E+00 -6.7354067E-01 -1.2282713E+00 -5.1806761E-01
-8.7146115E-01 1.8084299E-01 -1.0190669E+00 -6.7729399E-01 -1.2387770E+00 -5.2576228E-01
-9.0114436E-01 1.9276238E-01 -1.0661135E+00 -6.9280420E-01 -1.2903002E+00 -5.3486190E-01
-9.1626132E-01 2.1145773E-01 -1.1054943E+00 -6.9241588E-01 -1.3586246E+00 -5.2428530E-01
-1.0271866E+00 2.2236989E-01 -1.2466202E+00 -8.0868147E-01 -1.4732933E+00 -5.9545342E-01
-1.2993985E+00 3.1211359E-01 -1.6077814E+00 -9.8901687E-01 -1.9235910E+00 -7.0329547E-01
-1.5752205E+00 4.4612490E-01 -2.0195197E+00 -1.1314449E+00 -2.4492681E+00 -7.0222957E-01
-1.8315958E+00 6.1474731E-01 -2.5105283E+00 -1.2759824E+00 -2.9570664E+00 -5.5310115E-01
-1.9362022E+00 7.0674679E-01 -2.7661426E+00 -1.3367229E+00 -3.2294616E+00 -5.1970668E-01
-1.9355432E+00 7.0885554E-01 -2.7758072E+00 -1.3389590E+00 -3.2211486E+00 -5.1805647E-01
-1.9852805E+00 7.8758147E-01 -3.0129876E+00 -1.4126987E+00 -3.3426098E+00 -4.5254527E-01
-2.0096129E+00 8.7685209E-01 -3.2503885E+00 -1.4647813E+00 -3.4857229E+00 -3.8112351E-01
-2.0056831E+00 8.7773700E-01 -3.2801676E+00 -1.4921787E+00 -3.4514450E+00 -3.5797487E-01
-2.0080130E+00 9.0521164E-01 -3.2757500E+00 -1.4258480E+00 -3.5000000E+00 -3.3086938E-01
