-1.1578057E+00 1.7865788E-01 -1.3317010E+00 -9.8112927E-01 -1.5194564E+00 -8.1348920E-01
-1.1439980E+00 1.5190325E-01 -1.2909752E+00 -9.9484088E-01 -1.4570377E+00 -8.5585781E-01
-1.1406221E+00 1.4612245E-01 -1.2822389E+00 -9.9717122E-01 -1.4405686E+00 -8.6326532E-01
-1.1044111E+00 1.2966522E-01 -1.2221450E+00 -9.7142540E-01 -1.3704860E+00 -8.6005690E-01
-1.0238205E+00 1.6778095E-01 -1.1796422E+00 -8.4878584E-01 -1.3560710E+00 -6.9827417E-01
-9.4822547E-01 1.9880844E-01 -1.1253600E+00 -7.3270434E-01 -1.3391482E+00 -5.7005560E-01
-9.2014961E-01 2.1272463E-01 -1.1065421E+00 -6.8568127E-01 -1.3407096E+00 -5.2059780E-01
-9.1740581E-01 2.1227418E-01 -1.1023732E+00 -6.8124804E-01 -1.3369669E+00 -5.1920706E-01
-9.0994408E-01 2.1855966E-01 -1.1090479E+00 -6.7002130E-01 -1.3552465E+00 -5.1114782E-01
-9.0687990E-01 2.3382114E-01 -1.1301769E+00 -6.5847169E-01 -1.3722620E+00 -4.6879514E-01
-9.0918712E-01 2.3639948E-01 -1.1496668E+00 -6.7292866E-01 -1.3744672E+00 -4.5179943E-01
-9.3303951E-01 3.2680934E-01 -1.2498082E+00 -6.1391162E-01 -1.5990232E+00 -3.1062258E-01
-9.7488339E-01 4.7124045E-01 -1.3833008E+00 -4.7713551E-01 -1.9345571E+00 -6.0034993E-02
-1.0308260E+00 6.5535928E-01 -1.5722824E+00 -2.7457598E-01 -2.3467898E+00 1.9435671E-01
-1.0660472E+00 7.5598401E-01 -1.6768897E+00 -1.4439638E-01 -2.5500700E+00 3.1145012E-01
-1.0694257E+00 7.5846937E-01 -1.6843523E+00 -1.3981543E-01 -2.5541769E+00 3.0581411E-01
-1.1124764E+00 8.4249507E-01 -1.7023463E+00 3.3471700E-02 -2.7340202E+00 3.1567672E-01
-1.1476992E+00 9.3450514E-01 -1.7694514E+00 1.7399883E-01 -2.9034958E+00 4.2411476E-01
-1.1480160E+00 9.3612452E-01 -1.7714345E+00 1.7797830E-01 -2.9007362E+00 4.2117988E-01
-1.1557587E+00 9.6589758E-01 -1.8504976E+00 1.7552765E-01 -2.9147037E+00 5.0000000E-01
