-1.3762292E+00 1.8030778E-01 -1.5571427E+00 -1.1986234E+00 -1.7393880E+00 -1.0317027E+00
-1.3433299E+00 1.5357383E-01 -1.4864666E+00 -1.1847731E+00 -1.6550410E+00 -1.0502035E+00
-1.3331000E+00 1.4847092E-01 -1.4702785E+00 -1.1802732E+00 -1.6370007E+00 -1.0490354E+00
-1.2183365E+00 1.2855574E-01 -1.3337280E+00 -1.0808413E+00 -1.4836131E+00 -9.7813669E-01
-9.7871306E-01 1.6036340E-01 -1.1283989E+00 -8.1383222E-01 -1.3086603E+00 -6.7631414E-01
-7.7017280E-01 1.7920100E-01 -9.2767497E-01 -5.7828733E-01 -1.1477662E+00 -4.3982367E-01
-6.9673773E-01 1.8583332E-01 -8.5433842E-01 -4.9582749E-01 -1.0730807E+00 -3.4120678E-01
-6.9079636E-01 1.8311696E-01 -8.4497595E-01 -4.9379754E-01 -1.0654118E+00 -3.4363694E-01
-6.8969052E-01 1.9005659E-01 -8.5817316E-01 -4.8642052E-01 -1.0677984E+00 -3.2229138E-01
-6.9277279E-01 2.0649649E-01 -8.8101080E-01 -4.7390101E-01 -1.1183952E+00 -3.0825023E-01
-7.7472240E-01 2.1987499E-01 -9.9173099E-01 -5.5649203E-01 -1.2206772E+00 -3.5543441E-01
-1.0139060E+00 3.1944622E-01 -1.3190669E+00 -6.8348993E-01 -1.6490115E+00 -4.0144400E-01
-1.2938321E+00 4.5852885E-01 -1.7618245E+00 -8.3414079E-01 -2.1978425E+00 -4.0850745E-01
-1.5869193E+00 6.3252378E-01 -2.2626943E+00 -9.6845663E-01 -2.7748506E+00 -3.2067952E-01
-1.7255983E+00 7.3002031E-01 -2.5546338E+00 -1.0519833E+00 -3.0892739E+00 -2.9300321E-01
-1.7302172E+00 7.3339653E-01 -2.5710951E+00 -1.0632132E+00 -3.0906189E+00 -2.8389583E-01
-1.8289295E+00 8.1662921E-01 -2.8656490E+00 -1.1712212E+00 -3.2652771E+00 -2.4413531E-01
-1.8938955E+00 9.0869059E-01 -3.1587550E+00 -1.2557279E+00 -3.4505473E+00 -1.9974936E-01
-1.8919696E+00 9.1041648E-01 -3.1598453E+00 -1.2527745E+00 -3.4322422E+00 -1.9222709E-01
-1.9049685E+00 9.3928663E-01 -3.1969449E+00 -1.2293960E+00 -3.5000000E+00 -1.9223041E-01
