-9.5211743E-01 1.7569588E-01 -1.1267574E+00 -7.7695481E-01 -1.2984706E+00 -6.0932761E-01
-9.5638628E-01 1.5131498E-01 -1.1075892E+00 -8.0491984E-01 -1.2566645E+00 -6.6538436E-01
-9.5681907E-01 1.4649337E-01 -1.1014185E+00 -8.1097254E-01 -1.2537783E+00 -6.7555251E-01
-9.8624856E-01 1.2787931E-01 -1.1111932E+00 -8.5999490E-01 -1.2364168E+00 -7.3450190E-01
-1.0579086E+00 1.6331821E-01 -1.2082259E+00 -8.8888086E-01 -1.3954964E+00 -7.5086006E-01
-1.1237787E+00 1.9814275E-01 -1.3037021E+00 -9.1112946E-01 -1.5363072E+00 -7.6052952E-01
-1.1463057E+00 2.1512820E-01 -1.3397408E+00 -9.1470909E-01 -1.5940091E+00 -7.4796339E-01
-1.1480893E+00 2.1581941E-01 -1.3439431E+00 -9.1458049E-01 -1.5943229E+00 -7.5051286E-01
-1.1447328E+00 2.2017066E-01 -1.3506917E+00 -9.0530398E-01 -1.5887149E+00 -7.3954802E-01
-1.1425623E+00 2.3374091E-01 -1.3663492E+00 -8.9202957E-01 -1.6053049E+00 -7.0751043E-01
-1.1011430E+00 2.3238706E-01 -1.3331695E+00 -8.6546165E-01 -1.5614268E+00 -6.5773368E-01
-9.9154477E-01 3.1160160E-01 -1.3008683E+00 -6.8359977E-01 -1.6165156E+00 -3.9097189E-01
-8.7784852E-01 4.3612925E-01 -1.2761032E+00 -4.1056854E-01 -1.7436644E+00 -4.3231956E-02
-7.7941331E-01 5.9220885E-01 -1.2482534E+00 -7.9941450E-02 -1.9493956E+00 3.0717829E-01
-7.4810424E-01 6.7789325E-01 -1.2235219E+00 1.0295315E-01 -2.0411919E+00 4.6152685E-01
-7.4977343E-01 6.7919517E-01 -1.2168744E+00 1.0503179E-01 -2.0621819E+00 4.3775741E-01
-7.5815210E-01 7.5201973E-01 -1.1592986E+00 2.4209214E-01 -2.2562668E+00 4.4335905E-01
-7.7722106E-01 8.3882142E-01 -1.1681207E+00 3.6559835E-01 -2.4183238E+00 5.0000000E-01
-7.8147442E-01 8.4039373E-01 -1.1538232E+00 3.7669339E-01 -2.4415520E+00 4.7859908E-01
-7.8683684E-01 8.6851521E-01 -1.1591175E+00 4.3751872E-01 -2.4811569E+00 5.0000000E-01
