-9.8044133E-01 1.6621750E-01 -1.1447909E+00 -8.1507917E-01 -1.3016160E+00 -6.4821364E-01
-9.8354227E-01 1.4043311E-01 -1.1223408E+00 -8.4388119E-01 -1.2562788E+00 -7.0784731E-01
-9.8258813E-01 1.3628685E-01 -1.1166623E+00 -8.4774823E-01 -1.2498057E+00 -7.1354099E-01
-1.0074348E+00 1.1924160E-01 -1.1197854E+00 -8.8336248E-01 -1.2500809E+00 -7.8197993E-01
-1.0730757E+00 1.5429755E-01 -1.2252176E+00 -9.2182445E-01 -1.3879680E+00 -7.7995941E-01
-1.1405513E+00 1.9135341E-01 -1.3102444E+00 -9.3317941E-01 -1.5222565E+00 -7.7813373E-01
-1.1690557E+00 2.1058697E-01 -1.3524235E+00 -9.4113223E-01 -1.5886319E+00 -7.6969945E-01
-1.1729097E+00 2.1069625E-01 -1.3565835E+00 -9.4354346E-01 -1.5921465E+00 -7.7665260E-01
-1.1814155E+00 2.1855198E-01 -1.3754446E+00 -9.4217598E-01 -1.6148376E+00 -7.6888956E-01
-1.1807798E+00 2.3384476E-01 -1.3944007E+00 -9.2874556E-01 -1.6606641E+00 -7.5063848E-01
-1.1829943E+00 2.4256710E-01 -1.4037319E+00 -9.2472810E-01 -1.6769948E+00 -7.3253204E-01
-1.1988465E+00 3.3340315E-01 -1.4984254E+00 -8.4552709E-01 -1.8571771E+00 -5.5807350E-01
-1.2311030E+00 4.6693129E-01 -1.6441281E+00 -7.2976489E-01 -2.1655292E+00 -3.3419920E-01
-1.2811651E+00 6.4321941E-01 -1.8701891E+00 -5.7248572E-01 -2.5527349E+00 -6.3671760E-02
-1.3122288E+00 7.4645913E-01 -2.0015946E+00 -4.6214799E-01 -2.7773108E+00 8.3251537E-02
-1.3145334E+00 7.5133447E-01 -2.0079692E+00 -4.5427388E-01 -2.7891995E+00 8.5806384E-02
-1.3519236E+00 8.3925499E-01 -2.1278884E+00 -3.3261520E-01 -2.9479972E+00 1.6011854E-01
-1.3802573E+00 9.3390778E-01 -2.2895123E+00 -2.5193559E-01 -3.1044423E+00 3.0462342E-01
-1.3796314E+00 9.3474827E-01 -2.2863975E+00 -2.4788378E-01 -3.0862705E+00 3.1920672E-01
-1.3821232E+00 9.6542908E-01 -2.3413281E+00 -2.3147153E-01 -3.5000000E+00 5.0000000E-01
