-1.2491601E+00 1.7242627E-01 -1.4201472E+00 -1.0775324E+00 -1.5881708E+00 -9.1245600E-01
-1.2212086E+00 1.4614756E-01 -1.3661303E+00 -1.0749640E+00 -1.5099736E+00 -9.3937829E-01
-1.2061212E+00 1.4066188E-01 -1.3456748E+00 -1.0648830E+00 -1.4860506E+00 -9.3818542E-01
-1.1337553E+00 1.2482568E-01 -1.2524138E+00 -1.0025511E+00 -1.3844825E+00 -8.9827702E-01
-1.0213735E+00 1.6450489E-01 -1.1737841E+00 -8.5205038E-01 -1.3616391E+00 -7.0774695E-01
-9.7223095E-01 1.9690506E-01 -1.1392897E+00 -7.5790802E-01 -1.3665523E+00 -5.9462693E-01
-9.7950494E-01 2.1130211E-01 -1.1542275E+00 -7.4380521E-01 -1.4081591E+00 -5.8137732E-01
-9.9471008E-01 2.1182200E-01 -1.1681950E+00 -7.5480148E-01 -1.4262202E+00 -6.0048434E-01
-1.0148134E+00 2.1785553E-01 -1.2017891E+00 -7.7259952E-01 -1.4571937E+00 -6.0830141E-01
-1.0229755E+00 2.3244936E-01 -1.2328866E+00 -7.7326153E-01 -1.5096206E+00 -6.0030559E-01
-1.0519305E+00 2.3387781E-01 -1.2817439E+00 -8.2102639E-01 -1.5292262E+00 -6.0126259E-01
-1.1193789E+00 3.3109446E-01 -1.4162167E+00 -7.7134296E-01 -1.8036089E+00 -5.0805307E-01
-1.1909742E+00 4.9386382E-01 -1.6272890E+00 -6.5326893E-01 -2.1827090E+00 -2.4813491E-01
-1.2674266E+00 6.9815693E-01 -1.8952366E+00 -4.5686580E-01 -2.6333984E+00 1.1860016E-02
-1.3082555E+00 8.0662498E-01 -2.0459304E+00 -3.4048460E-01 -2.8630588E+00 1.3924984E-01
-1.3094214E+00 8.1005633E-01 -2.0487784E+00 -3.3244963E-01 -2.8624105E+00 1.4382534E-01
-1.3433863E+00 8.9588388E-01 -2.1065782E+00 -1.6230857E-01 -3.0106806E+00 2.0313980E-01
-1.3683323E+00 9.8205932E-01 -2.2444145E+00 -8.0334463E-02 -3.1709440E+00 3.1878992E-01
-1.3692893E+00 9.8190272E-01 -2.2510611E+00 -8.5900322E-02 -3.1547331E+00 3.2960247E-01
-1.3748877E+00 1.0090945E+00 -2.2969455E+00 -6.7089961E-02 -3.5000000E+00 5.0000000E-01
