-1.2876820E+00 1.7787296E-01 -1.4627647E+00 -1.1128005E+00 -1.6426129E+00 -9.4725239E-01
-1.2438508E+00 1.5123404E-01 -1.3864113E+00 -1.0892271E+00 -1.5468582E+00 -9.5408470E-01
-1.2265954E+00 1.4466618E-01 -1.3686065E+00 -1.0837790E+00 -1.5170042E+00 -9.4786154E-01
-1.0906437E+00 1.2508482E-01 -1.2053078E+00 -9.6074737E-01 -1.3459691E+00 -8.5362733E-01
-8.4374273E-01 1.5770543E-01 -9.9770378E-01 -6.8872173E-01 -1.1709716E+00 -5.4476205E-01
-6.9206702E-01 1.8012740E-01 -8.5301935E-01 -5.0106547E-01 -1.0716292E+00 -3.5829062E-01
-6.8021326E-01 1.8709076E-01 -8.4718062E-01 -4.8208239E-01 -1.0579092E+00 -3.1982388E-01
-7.1211014E-01 1.8268184E-01 -8.7752584E-01 -5.1904735E-01 -1.0742286E+00 -3.5816826E-01
-7.7655713E-01 1.8813276E-01 -9.5017165E-01 -5.7705576E-01 -1.1468593E+00 -4.1491256E-01
-8.1734733E-01 2.0475661E-01 -1.0072439E+00 -5.9824574E-01 -1.2343968E+00 -4.3933236E-01
-9.4447622E-01 2.1830791E-01 -1.1478178E+00 -7.1528497E-01 -1.3840045E+00 -5.3023921E-01
-1.1837024E+00 3.2704190E-01 -1.4902248E+00 -8.4330408E-01 -1.8461723E+00 -5.7109879E-01
-1.3687511E+00 4.7595155E-01 -1.8132860E+00 -8.6815436E-01 -2.3532161E+00 -4.7876866E-01
-1.5001121E+00 6.5474675E-01 -2.1233372E+00 -7.8128687E-01 -2.8185372E+00 -2.9715120E-01
-1.5423640E+00 7.5265113E-01 -2.2704552E+00 -6.9511716E-01 -3.0155067E+00 -1.6382478E-01
-1.5394160E+00 7.5623510E-01 -2.2727674E+00 -6.8758694E-01 -3.0140284E+00 -1.5015583E-01
-1.5571080E+00 8.3585117E-01 -2.4070210E+00 -6.0571522E-01 -3.1150684E+00 -2.4268602E-02
-1.5653987E+00 9.2330595E-01 -2.5866963E+00 -5.6795359E-01 -3.3052939E+00 7.4872245E-02
-1.5653883E+00 9.2461194E-01 -2.5883711E+00 -5.6605774E-01 -3.3206332E+00 5.3056523E-02
-1.5700129E+00 9.5260868E-01 -2.6220303E+00 -5.3873152E-01 -3.5000000E+00 5.0000000E-01
