-1.4128158E+00 1.9022403E-01 -1.6019910E+00 -1.2221946E+00 -1.7930442E+00 -1.0500496E+00
-1.4061299E+00 1.6635600E-01 -1.5715983E+00 -1.2373940E+00 -1.7367417E+00 -1.0919654E+00
-1.4100973E+00 1.5869645E-01 -1.5658483E+00 -1.2511897E+00 -1.7292914E+00 -1.1115959E+00
-1.3611479E+00 1.3884621E-01 -1.4855933E+00 -1.2158370E+00 -1.6545310E+00 -1.1028943E+00
-1.2030630E+00 1.7347142E-01 -1.3556412E+00 -1.0149444E+00 -1.5497894E+00 -8.7105571E-01
-9.9106999E-01 2.0349927E-01 -1.1701127E+00 -7.6650126E-01 -1.3984727E+00 -6.0743653E-01
-8.7502735E-01 2.1626331E-01 -1.0619064E+00 -6.3281434E-01 -1.3115733E+00 -4.7386022E-01
-8.4217277E-01 2.1617756E-01 -1.0300342E+00 -5.9921132E-01 -1.2929644E+00 -4.5446076E-01
-7.8167749E-01 2.1870330E-01 -9.8289295E-01 -5.4405211E-01 -1.2300569E+00 -3.8266826E-01
-7.5626571E-01 2.3153996E-01 -9.7755772E-01 -5.1278729E-01 -1.2281825E+00 -3.2595781E-01
-7.2987146E-01 2.2869322E-01 -9.5771693E-01 -4.9985972E-01 -1.1854424E+00 -2.8992630E-01
-7.4213574E-01 3.1346457E-01 -1.0317111E+00 -4.0790009E-01 -1.3787687E+00 -1.5089556E-01
-8.0836524E-01 4.5054346E-01 -1.1988053E+00 -3.1508055E-01 -1.7559353E+00 1.6633995E-02
-9.1118304E-01 6.2335738E-01 -1.4583877E+00 -1.9362276E-01 -2.1213121E+00 2.4824651E-01
-9.7456051E-01 7.2400646E-01 -1.6043656E+00 -1.1093890E-01 -2.3511235E+00 3.4233138E-01
-9.7862053E-01 7.2897161E-01 -1.6118510E+00 -1.0444164E-01 -2.3611349E+00 3.4460570E-01
-1.0405589E+00 8.2169446E-01 -1.6655001E+00 4.4215502E-02 -2.5956859E+00 3.7564842E-01
-1.0909030E+00 9.2043602E-01 -1.6929561E+00 2.2537072E-01 -2.7884736E+00 4.7195758E-01
-1.0930199E+00 9.2226007E-01 -1.6882420E+00 2.3389553E-01 -2.7993961E+00 4.6071145E-01
-1.1080932E+00 9.5473798E-01 -1.7692796E+00 2.2765017E-01 -3.5000000E+00 5.0000000E-01
