-1.2390187E+00 1.7276496E-01 -1.4123596E+00 -1.0671266E+00 -1.5791215E+00 -9.0459289E-01
-1.2207444E+00 1.4616706E-01 -1.3667737E+00 -1.0741103E+00 -1.5096436E+00 -9.4008544E-01
-1.2154650E+00 1.3972421E-01 -1.3547320E+00 -1.0758373E+00 -1.4943734E+00 -9.4825055E-01
-1.1435799E+00 1.1954370E-01 -1.2545899E+00 -1.0198309E+00 -1.3902217E+00 -9.1927940E-01
-9.9526315E-01 1.5519084E-01 -1.1464509E+00 -8.4228571E-01 -1.3112356E+00 -6.9952383E-01
-8.8737284E-01 1.8366813E-01 -1.0499931E+00 -6.9335875E-01 -1.2525251E+00 -5.3517064E-01
-8.7044602E-01 1.9834449E-01 -1.0371565E+00 -6.5372992E-01 -1.2680386E+00 -4.9549956E-01
-8.8956174E-01 1.9876611E-01 -1.0538258E+00 -6.6969981E-01 -1.2935655E+00 -5.1859423E-01
-9.3473477E-01 2.0287898E-01 -1.1083168E+00 -7.1332477E-01 -1.3510659E+00 -5.5274798E-01
-9.6358859E-01 2.1642081E-01 -1.1532750E+00 -7.2558288E-01 -1.4168669E+00 -5.7033955E-01
-1.0685952E+00 2.2020477E-01 -1.2771258E+00 -8.3672467E-01 -1.5110507E+00 -6.5505516E-01
-1.2732224E+00 3.2800540E-01 -1.6000984E+00 -9.4635086E-01 -1.9413448E+00 -6.5489978E-01
-1.4394298E+00 4.8259784E-01 -1.8903601E+00 -9.2266179E-01 -2.4239815E+00 -5.3976328E-01
-1.5649568E+00 6.6457926E-01 -2.2170971E+00 -8.3812188E-01 -2.8663066E+00 -3.3287643E-01
-1.6076715E+00 7.6294233E-01 -2.3896430E+00 -7.7112160E-01 -3.0479692E+00 -1.8302640E-01
-1.6060820E+00 7.6529868E-01 -2.3938704E+00 -7.6855564E-01 -3.0488328E+00 -1.7435493E-01
-1.6304896E+00 8.4863735E-01 -2.5668288E+00 -7.1070855E-01 -3.1823979E+00 -8.9128179E-02
-1.6454350E+00 9.3901872E-01 -2.7800947E+00 -7.0839923E-01 -3.3569149E+00 2.9139127E-02
-1.6448626E+00 9.3941767E-01 -2.7834696E+00 -7.1181326E-01 -3.3559639E+00 2.1726969E-02
-1.6486538E+00 9.6675583E-01 -2.8214262E+00 -6.8897028E-01 -3.5000000E+00 5.0000000E-01
