-1.3361765E+00 1.7381650E-01 -1.5054657E+00 -1.1619457E+00 -1.6825922E+00 -1.0006949E+00
-1.3297346E+00 1.4717926E-01 -1.4727708E+00 -1.1825627E+00 -1.6267927E+00 -1.0492503E+00
-1.3364209E+00 1.4023669E-01 -1.4740408E+00 -1.1978820E+00 -1.6177893E+00 -1.0637021E+00
-1.2829667E+00 1.2140241E-01 -1.3989119E+00 -1.1571833E+00 -1.5298287E+00 -1.0545005E+00
-1.1093667E+00 1.5780110E-01 -1.2511216E+00 -9.4384982E-01 -1.4365555E+00 -8.1774597E-01
-8.9535184E-01 1.8248535E-01 -1.0476043E+00 -7.0406598E-01 -1.2531131E+00 -5.4751000E-01
-7.9344388E-01 1.9388507E-01 -9.4663086E-01 -5.8627948E-01 -1.1764454E+00 -4.3537895E-01
-7.7134026E-01 1.9458230E-01 -9.1835565E-01 -5.5901622E-01 -1.1567235E+00 -4.1419519E-01
-7.5401194E-01 2.0321869E-01 -9.1627184E-01 -5.3426368E-01 -1.1565826E+00 -3.7535797E-01
-7.5022445E-01 2.1827141E-01 -9.3232375E-01 -5.1552426E-01 -1.1819556E+00 -3.4347026E-01
-8.5015435E-01 2.2049982E-01 -1.0545190E+00 -6.2004106E-01 -1.3026456E+00 -4.3755246E-01
-1.1428292E+00 3.0724853E-01 -1.4479190E+00 -8.3276417E-01 -1.7483400E+00 -5.4197380E-01
-1.4706734E+00 4.4165183E-01 -1.9279803E+00 -1.0580067E+00 -2.3354645E+00 -5.9973899E-01
-1.7978741E+00 6.1049527E-01 -2.4778935E+00 -1.2715299E+00 -2.9464038E+00 -5.9808273E-01
-1.9437650E+00 7.0344727E-01 -2.7735533E+00 -1.3789048E+00 -3.2287549E+00 -5.5276584E-01
-1.9466587E+00 7.0512468E-01 -2.7816952E+00 -1.3824728E+00 -3.2271176E+00 -5.5282045E-01
-2.0335267E+00 7.8475431E-01 -3.0505351E+00 -1.5099527E+00 -3.3607741E+00 -4.9116220E-01
-2.0859507E+00 8.7516711E-01 -3.3156410E+00 -1.6089848E+00 -3.4961893E+00 -4.2429941E-01
-2.0841233E+00 8.7592727E-01 -3.3410678E+00 -1.6376016E+00 -3.4605983E+00 -4.0080366E-01
-2.0967838E+00 9.0355555E-01 -3.4132599E+00 -1.6471667E+00 -3.5000000E+00 -3.8398857E-01
