-1.2609402E+00 1.8056977E-01 -1.4392985E+00 -1.0820809E+00 -1.6218538E+00 -9.1613835E-01
-1.2802396E+00 1.5633428E-01 -1.4266317E+00 -1.1180235E+00 -1.5985664E+00 -9.8758780E-01
-1.2931099E+00 1.5217645E-01 -1.4338981E+00 -1.1349684E+00 -1.6053657E+00 -1.0067923E+00
-1.3444682E+00 1.3932105E-01 -1.4725904E+00 -1.1982780E+00 -1.6317646E+00 -1.0851630E+00
-1.3937954E+00 1.7447042E-01 -1.5593922E+00 -1.2119225E+00 -1.7449711E+00 -1.0623745E+00
-1.3468184E+00 2.0677756E-01 -1.5454827E+00 -1.1305692E+00 -1.7617371E+00 -9.5616364E-01
-1.2711075E+00 2.2288366E-01 -1.4815110E+00 -1.0347302E+00 -1.7209558E+00 -8.5046635E-01
-1.2213893E+00 2.2235158E-01 -1.4424418E+00 -9.9629983E-01 -1.6737814E+00 -8.0379535E-01
-1.1123363E+00 2.3047421E-01 -1.3412836E+00 -8.8133247E-01 -1.5816629E+00 -6.7947917E-01
-1.0552265E+00 2.4648352E-01 -1.3018360E+00 -8.0730379E-01 -1.5567405E+00 -5.8953939E-01
-8.8819701E-01 2.4923020E-01 -1.1191593E+00 -6.2354944E-01 -1.3877222E+00 -4.1574723E-01
-6.0824017E-01 3.0016281E-01 -9.0657499E-01 -3.0963029E-01 -1.2145431E+00 -3.2413478E-02
-4.3649767E-01 3.7101766E-01 -7.7800874E-01 -3.3340881E-02 -1.1577108E+00 2.7278301E-01
-3.7415036E-01 4.7457690E-01 -7.1672219E-01 2.1676539E-01 -1.2630292E+00 4.6909917E-01
-3.9657525E-01 5.4448959E-01 -7.0447044E-01 3.2466138E-01 -1.4090670E+00 5.0000000E-01
-4.0791163E-01 5.4779462E-01 -7.1135153E-01 3.1382980E-01 -1.4306421E+00 4.9917221E-01
-4.8169552E-01 6.2416257E-01 -7.9116866E-01 3.1817847E-01 -1.6908315E+00 4.7655230E-01
-5.5123804E-01 7.1995050E-01 -8.6241916E-01 4.0896054E-01 -1.9224786E+00 5.0000000E-01
-5.5454383E-01 7.2109897E-01 -8.5501373E-01 4.1497465E-01 -1.9373197E+00 4.8695902E-01
-5.7287239E-01 7.5341993E-01 -8.4089078E-01 5.0000000E-01 -2.0026770E+00 5.0000000E-01
