-1.1501743E+00 1.7752320E-01 -1.3197949E+00 -9.6715570E-01 -1.5030765E+00 -8.0780010E-01
-1.1525263E+00 1.5282640E-01 -1.3036262E+00 -1.0015985E+00 -1.4620823E+00 -8.5881442E-01
-1.1550528E+00 1.4756065E-01 -1.2956066E+00 -1.0020145E+00 -1.4524200E+00 -8.7430879E-01
-1.1630429E+00 1.2973824E-01 -1.2855603E+00 -1.0281464E+00 -1.4266442E+00 -9.1844442E-01
-1.1679962E+00 1.7134201E-01 -1.3307464E+00 -9.8800275E-01 -1.5105301E+00 -8.4384282E-01
-1.1571840E+00 2.0680919E-01 -1.3417707E+00 -9.3077830E-01 -1.5878581E+00 -7.8126095E-01
-1.1441897E+00 2.2113577E-01 -1.3404237E+00 -8.9774092E-01 -1.6031005E+00 -7.4664266E-01
-1.1383879E+00 2.1881168E-01 -1.3353461E+00 -8.9523189E-01 -1.5854107E+00 -7.4182001E-01
-1.1190246E+00 2.2176483E-01 -1.3261595E+00 -8.7917563E-01 -1.5689527E+00 -7.0486178E-01
-1.1102215E+00 2.3333381E-01 -1.3326059E+00 -8.6305541E-01 -1.5799307E+00 -6.6755624E-01
-1.0633381E+00 2.3588101E-01 -1.2988603E+00 -8.2775992E-01 -1.5411323E+00 -6.1234912E-01
-9.6859667E-01 3.1488908E-01 -1.2811609E+00 -6.5463192E-01 -1.6029721E+00 -3.6682483E-01
-8.9346892E-01 4.2969014E-01 -1.3022903E+00 -4.3178862E-01 -1.7508156E+00 -9.0099539E-02
-8.4231833E-01 5.7926777E-01 -1.3138000E+00 -1.5587444E-01 -2.0082378E+00 2.0985770E-01
-8.3086308E-01 6.6889513E-01 -1.3200242E+00 -5.4123021E-03 -2.1751923E+00 3.4571777E-01
-8.3180384E-01 6.7262912E-01 -1.3161161E+00 3.1476847E-03 -2.1801376E+00 3.4422142E-01
-8.4039503E-01 7.5751178E-01 -1.2806378E+00 1.6690133E-01 -2.3510172E+00 3.8023854E-01
-8.5487417E-01 8.5360817E-01 -1.2871929E+00 3.3927277E-01 -2.4894245E+00 4.9846225E-01
-8.5640736E-01 8.5451296E-01 -1.2703967E+00 3.5388761E-01 -2.5134487E+00 4.6974622E-01
-8.6052173E-01 8.8559437E-01 -1.2739524E+00 4.2485752E-01 -2.5535848E+00 5.0000000E-01
