-1.1043598E+00 1.8167869E-01 -1.2869435E+00 -9.2320995E-01 -1.4634253E+00 -7.5705192E-01
-1.1071485E+00 1.5560634E-01 -1.2536781E+00 -9.4562797E-01 -1.4212168E+00 -8.1277597E-01
-1.1097133E+00 1.4903259E-01 -1.2501199E+00 -9.5614831E-01 -1.4098646E+00 -8.2687360E-01
-1.1152469E+00 1.2988906E-01 -1.2350790E+00 -9.7668305E-01 -1.3818112E+00 -8.7327263E-01
-1.1104037E+00 1.6475498E-01 -1.2750032E+00 -9.4385321E-01 -1.4405406E+00 -8.0230516E-01
-1.0727509E+00 1.9662363E-01 -1.2471410E+00 -8.5525390E-01 -1.4799363E+00 -7.1458248E-01
-1.0323610E+00 2.1459775E-01 -1.2170179E+00 -7.9477839E-01 -1.4690043E+00 -6.2783092E-01
-1.0070283E+00 2.1495958E-01 -1.1953096E+00 -7.6990251E-01 -1.4415196E+00 -6.0287387E-01
-9.5057675E-01 2.2306717E-01 -1.1537574E+00 -7.0964001E-01 -1.4082812E+00 -5.4006049E-01
-9.1870448E-01 2.3754045E-01 -1.1547301E+00 -6.8174275E-01 -1.3939461E+00 -4.6615807E-01
-8.4437038E-01 2.3869069E-01 -1.0814491E+00 -6.0468147E-01 -1.3174027E+00 -3.8244827E-01
-7.4306455E-01 3.0079467E-01 -1.0357695E+00 -4.4752566E-01 -1.3433172E+00 -1.6250575E-01
-7.1194520E-01 4.0415831E-01 -1.1075251E+00 -3.1073478E-01 -1.4987759E+00 7.2712516E-02
-7.4513963E-01 5.5186946E-01 -1.2266955E+00 -1.1204015E-01 -1.8027092E+00 2.8916882E-01
-7.9079144E-01 6.4323953E-01 -1.3338862E+00 -2.8130752E-02 -2.0002415E+00 4.0223479E-01
-7.9588598E-01 6.4648499E-01 -1.3362890E+00 -2.4153006E-02 -2.0145238E+00 3.9672032E-01
-8.6318483E-01 7.3186593E-01 -1.3735383E+00 9.9214727E-02 -2.2743295E+00 3.9775059E-01
-9.2207537E-01 8.3015871E-01 -1.4266103E+00 2.3269982E-01 -2.4931654E+00 4.7220505E-01
-9.2426725E-01 8.3336472E-01 -1.4170874E+00 2.4707641E-01 -2.5071659E+00 4.5748178E-01
-9.4000397E-01 8.6531550E-01 -1.4723519E+00 2.6009248E-01 -2.5535737E+00 5.0000000E-01
