-1.2373674E+00 1.7714172E-01 -1.4151504E+00 -1.0611229E+00 -1.5874763E+00 -8.9446550E-01
-1.2184182E+00 1.4807722E-01 -1.3659758E+00 -1.0711973E+00 -1.5130581E+00 -9.3406075E-01
-1.2129657E+00 1.4015393E-01 -1.3512597E+00 -1.0729514E+00 -1.4945787E+00 -9.4455047E-01
-1.1521630E+00 1.2160031E-01 -1.2664288E+00 -1.0254692E+00 -1.3972818E+00 -9.2104496E-01
-1.0142721E+00 1.5904974E-01 -1.1694094E+00 -8.5853835E-01 -1.3405504E+00 -7.0944535E-01
-8.7404962E-01 1.8340982E-01 -1.0318606E+00 -6.7698895E-01 -1.2453629E+00 -5.2296380E-01
-8.1288984E-01 1.9670957E-01 -9.7576691E-01 -5.9886737E-01 -1.2128074E+00 -4.3856382E-01
-7.9961359E-01 1.9790732E-01 -9.6577438E-01 -5.8332550E-01 -1.2045548E+00 -4.2639486E-01
-7.8362721E-01 2.0971164E-01 -9.6571646E-01 -5.5419523E-01 -1.2080011E+00 -3.8494521E-01
-7.7582091E-01 2.2815184E-01 -9.7825523E-01 -5.2818530E-01 -1.2528085E+00 -3.5555182E-01
-8.2627169E-01 2.3009851E-01 -1.0365827E+00 -5.7689367E-01 -1.2969998E+00 -4.0115133E-01
-9.9755622E-01 3.0412238E-01 -1.2819501E+00 -6.8408607E-01 -1.6186680E+00 -4.2366010E-01
-1.2046543E+00 4.3583532E-01 -1.6377839E+00 -7.7693332E-01 -2.0700557E+00 -3.4344567E-01
-1.4199513E+00 6.1999263E-01 -2.0553318E+00 -7.9025328E-01 -2.5817995E+00 -1.7404378E-01
-1.5176275E+00 7.2709303E-01 -2.3295071E+00 -8.1071045E-01 -2.8493870E+00 -7.7692682E-02
-1.5195552E+00 7.3012456E-01 -2.3377957E+00 -8.0910041E-01 -2.8526792E+00 -7.5427003E-02
-1.5803563E+00 8.2710197E-01 -2.5486219E+00 -7.6554732E-01 -3.0723660E+00 -3.0539739E-02
-1.6171624E+00 9.3133295E-01 -2.7001635E+00 -6.6017374E-01 -3.3088131E+00 8.1875244E-02
-1.6148127E+00 9.3258815E-01 -2.7051751E+00 -6.6166727E-01 -3.3135843E+00 6.9878456E-02
-1.6212179E+00 9.6428057E-01 -2.7398246E+00 -6.2343413E-01 -3.5000000E+00 5.0000000E-01
