-9.9040476E-01 1.6510863E-01 -1.1562409E+00 -8.2550175E-01 -1.3155062E+00 -6.7091313E-01
-9.8324625E-01 1.3937342E-01 -1.1231360E+00 -8.4503132E-01 -1.2603245E+00 -7.1560234E-01
-9.7909718E-01 1.3425139E-01 -1.1070409E+00 -8.4011860E-01 -1.2483748E+00 -7.2342300E-01
-9.6641918E-01 1.1382390E-01 -1.0719693E+00 -8.4746851E-01 -1.1958193E+00 -7.4837430E-01
-9.5897649E-01 1.5111292E-01 -1.1082819E+00 -8.1017013E-01 -1.2647313E+00 -6.6923065E-01
-9.8686996E-01 1.8111084E-01 -1.1397045E+00 -7.9303193E-01 -1.3494217E+00 -6.4010362E-01
-1.0196426E+00 1.9652640E-01 -1.1800463E+00 -8.0541422E-01 -1.4159455E+00 -6.5043836E-01
-1.0371818E+00 1.9604085E-01 -1.1974066E+00 -8.1991662E-01 -1.4297514E+00 -6.7069093E-01
-1.0714012E+00 2.0507274E-01 -1.2468515E+00 -8.4863533E-01 -1.4809457E+00 -6.8449936E-01
-1.0858875E+00 2.2301711E-01 -1.2821645E+00 -8.4797889E-01 -1.5304123E+00 -6.5724246E-01
-1.1384711E+00 2.3433885E-01 -1.3681013E+00 -9.0502558E-01 -1.6159798E+00 -6.9111678E-01
-1.2566521E+00 3.1590207E-01 -1.5675986E+00 -9.4191734E-01 -1.8992610E+00 -6.5665348E-01
-1.3859676E+00 4.3824320E-01 -1.7929226E+00 -9.2614874E-01 -2.2862665E+00 -5.5089926E-01
-1.5267503E+00 6.0601850E-01 -2.1450053E+00 -9.0535705E-01 -2.6933870E+00 -3.5175948E-01
-1.5976022E+00 7.0832075E-01 -2.3328706E+00 -8.5133254E-01 -2.9100170E+00 -2.2341828E-01
-1.6012295E+00 7.1201194E-01 -2.3423382E+00 -8.4673712E-01 -2.9189429E+00 -2.2422907E-01
-1.6567597E+00 8.0893964E-01 -2.6039237E+00 -8.6523032E-01 -3.1273354E+00 -1.4105935E-01
-1.6939977E+00 9.1373809E-01 -2.7811499E+00 -7.8897515E-01 -3.3635231E+00 -4.5545172E-02
-1.6928372E+00 9.1522984E-01 -2.7809033E+00 -7.8421132E-01 -3.3650701E+00 -5.4939808E-02
-1.6991485E+00 9.4690135E-01 -2.8215112E+00 -7.5123069E-01 -3.5000000E+00 -8.0898519E-02
