-8.2597832E-01 1.6748516E-01 -9.9154942E-01 -6.6000305E-01 -1.1588847E+00 -5.0126136E-01
-8.4401194E-01 1.4263866E-01 -9.8482579E-01 -7.0193674E-01 -1.1299603E+00 -5.7124009E-01
-8.5009543E-01 1.3728344E-01 -9.8626878E-01 -7.1567024E-01 -1.1232955E+00 -5.8327684E-01
-9.1496226E-01 1.1853990E-01 -1.0269563E+00 -7.9249132E-01 -1.1517746E+00 -6.8845045E-01
-1.0437507E+00 1.5693593E-01 -1.1910696E+00 -8.7893961E-01 -1.3649631E+00 -7.5204940E-01
-1.1420209E+00 1.9064512E-01 -1.3124385E+00 -9.3951836E-01 -1.5218723E+00 -7.7649774E-01
-1.1656956E+00 2.0956686E-01 -1.3516282E+00 -9.4012475E-01 -1.5823839E+00 -7.6342687E-01
-1.1525867E+00 2.1181364E-01 -1.3429813E+00 -9.2577745E-01 -1.5720392E+00 -7.4635103E-01
-1.1377188E+00 2.2087649E-01 -1.3370950E+00 -8.9573344E-01 -1.5744488E+00 -7.1703774E-01
-1.1236603E+00 2.3670265E-01 -1.3423692E+00 -8.6738015E-01 -1.6035761E+00 -6.8577934E-01
-1.1108960E+00 2.3583989E-01 -1.3457846E+00 -8.7641418E-01 -1.5801006E+00 -6.6121142E-01
-1.1158165E+00 3.1691684E-01 -1.4216669E+00 -8.0303061E-01 -1.7585272E+00 -5.0679910E-01
-1.1490003E+00 4.5951698E-01 -1.5653683E+00 -6.7065730E-01 -2.1133768E+00 -2.8383737E-01
-1.2004391E+00 6.3848429E-01 -1.8008903E+00 -5.0250341E-01 -2.4387859E+00 7.8937717E-03
-1.2313357E+00 7.3992057E-01 -1.9171680E+00 -3.7521333E-01 -2.6431514E+00 1.3390297E-01
-1.2339393E+00 7.4294861E-01 -1.9188930E+00 -3.6680097E-01 -2.6505253E+00 1.2887443E-01
-1.2645013E+00 8.3331350E-01 -2.0256240E+00 -2.3732939E-01 -2.8216645E+00 2.1316899E-01
-1.2858179E+00 9.3412102E-01 -2.1529227E+00 -1.1700446E-01 -2.9816527E+00 3.7713956E-01
-1.2835312E+00 9.3741842E-01 -2.1495773E+00 -1.0623027E-01 -2.9696789E+00 3.8763585E-01
-1.2881355E+00 9.6896046E-01 -2.1708447E+00 -5.2792413E-02 -3.5000000E+00 5.0000000E-01
