-1.3919614E+00 1.8045478E-01 -1.5694369E+00 -1.2134009E+00 -1.7590053E+00 -1.0483851E+00
-1.3527085E+00 1.5299847E-01 -1.4957464E+00 -1.1935649E+00 -1.6671114E+00 -1.0645660E+00
-1.3423896E+00 1.4653089E-01 -1.4769332E+00 -1.1888719E+00 -1.6448526E+00 -1.0669572E+00
-1.2079306E+00 1.2595934E-01 -1.3230614E+00 -1.0757446E+00 -1.4679188E+00 -9.7209881E-01
-9.2506869E-01 1.5427681E-01 -1.0658339E+00 -7.6491874E-01 -1.2383596E+00 -6.3164522E-01
-6.9324934E-01 1.7167098E-01 -8.4125243E-01 -5.0824791E-01 -1.0586045E+00 -3.8178751E-01
-6.2594852E-01 1.7800206E-01 -7.7511230E-01 -4.3128427E-01 -9.8685233E-01 -2.8973560E-01
-6.3393771E-01 1.7463769E-01 -7.7917695E-01 -4.4045403E-01 -9.8437753E-01 -3.0713958E-01
-6.6279384E-01 1.8182564E-01 -8.2018038E-01 -4.6828888E-01 -1.0288100E+00 -3.1659456E-01
-6.8527545E-01 1.9974934E-01 -8.6413789E-01 -4.7633018E-01 -1.1050420E+00 -3.1461550E-01
-8.0691063E-01 2.1541910E-01 -1.0075580E+00 -5.8281246E-01 -1.2486422E+00 -4.0016467E-01
-1.0970390E+00 3.2090082E-01 -1.4152409E+00 -7.7513215E-01 -1.7290960E+00 -4.7981467E-01
-1.3876296E+00 4.5918033E-01 -1.8400306E+00 -9.3387946E-01 -2.2908121E+00 -4.8365985E-01
-1.6656550E+00 6.2702331E-01 -2.3345447E+00 -1.0697645E+00 -2.8396161E+00 -3.8869026E-01
-1.7869251E+00 7.2281461E-01 -2.6133308E+00 -1.1308018E+00 -3.1402275E+00 -3.6954991E-01
-1.7879811E+00 7.2573570E-01 -2.6274441E+00 -1.1352098E+00 -3.1366403E+00 -3.6583118E-01
-1.8667140E+00 8.1069432E-01 -2.9202795E+00 -1.2314157E+00 -3.2702876E+00 -3.0648588E-01
-1.9165147E+00 9.0531775E-01 -3.2108023E+00 -1.3253844E+00 -3.4363760E+00 -2.3957349E-01
-1.9143907E+00 9.0809331E-01 -3.2398634E+00 -1.3504261E+00 -3.4226483E+00 -2.3487188E-01
-1.9249563E+00 9.3924855E-01 -3.2580705E+00 -1.3005706E+00 -3.5000000E+00 -2.2873700E-01
