-1.1074087E+00 1.7831048E-01 -1.2829026E+00 -9.3151698E-01 -1.4640757E+00 -7.6160834E-01
-1.1091708E+00 1.5177137E-01 -1.2576868E+00 -9.5919147E-01 -1.4147617E+00 -8.1636684E-01
-1.1141406E+00 1.4635544E-01 -1.2586752E+00 -9.6946355E-01 -1.4112388E+00 -8.3318330E-01
-1.1066718E+00 1.2890007E-01 -1.2255413E+00 -9.7254304E-01 -1.3714464E+00 -8.6332463E-01
-1.0655514E+00 1.6891714E-01 -1.2107699E+00 -8.8304674E-01 -1.4216815E+00 -7.5475414E-01
-9.9929167E-01 2.0315124E-01 -1.1700298E+00 -7.7514617E-01 -1.4116684E+00 -6.1663867E-01
-9.5929447E-01 2.2094032E-01 -1.1461427E+00 -7.1557313E-01 -1.4068186E+00 -5.4374536E-01
-9.4768140E-01 2.2034012E-01 -1.1315328E+00 -7.0000059E-01 -1.3935095E+00 -5.3699348E-01
-9.2914353E-01 2.2225050E-01 -1.1295999E+00 -6.8702406E-01 -1.3739866E+00 -5.1029694E-01
-9.2111769E-01 2.3324607E-01 -1.1388198E+00 -6.6904931E-01 -1.3990996E+00 -4.9479500E-01
-9.1771378E-01 2.3206833E-01 -1.1388242E+00 -6.7278321E-01 -1.3844029E+00 -4.8144915E-01
-9.3677892E-01 3.1824785E-01 -1.2327166E+00 -6.0620221E-01 -1.5877927E+00 -3.3435893E-01
-9.7974810E-01 4.5370588E-01 -1.3954972E+00 -4.9976590E-01 -1.9231496E+00 -1.2330835E-01
-1.0435439E+00 6.2645413E-01 -1.6233965E+00 -3.4867525E-01 -2.2600850E+00 1.5735287E-01
-1.0813827E+00 7.2563140E-01 -1.7417490E+00 -2.3838785E-01 -2.4602509E+00 2.8881347E-01
-1.0822686E+00 7.2954586E-01 -1.7443770E+00 -2.3219267E-01 -2.4634201E+00 2.8988635E-01
-1.1183956E+00 8.1795868E-01 -1.8102326E+00 -7.7029679E-02 -2.6457667E+00 3.3969517E-01
-1.1471646E+00 9.1316553E-01 -1.8336262E+00 1.2692254E-01 -2.7989559E+00 4.6244135E-01
-1.1482807E+00 9.1425852E-01 -1.8211241E+00 1.4543143E-01 -2.8097450E+00 4.4139513E-01
-1.1572811E+00 9.4310951E-01 -1.8855036E+00 1.4214649E-01 -2.8312629E+00 5.0000000E-01
