-1.0442019E+00 1.6775366E-01 -1.2044984E+00 -8.6882494E-01 -1.3786422E+00 -7.2444183E-01
-1.0324135E+00 1.4172777E-01 -1.1667262E+00 -8.8431390E-01 -1.3192231E+00 -7.6407963E-01
-1.0247542E+00 1.3606247E-01 -1.1543449E+00 -8.8409198E-01 -1.3000891E+00 -7.6702492E-01
-9.9199367E-01 1.1900056E-01 -1.1095113E+00 -8.7400285E-01 -1.2344192E+00 -7.6602060E-01
-9.4917977E-01 1.5537920E-01 -1.1019809E+00 -7.9494698E-01 -1.2642744E+00 -6.5008811E-01
-9.4442473E-01 1.8358026E-01 -1.1095079E+00 -7.4822936E-01 -1.3245420E+00 -6.0327151E-01
-9.6196626E-01 1.9598015E-01 -1.1367896E+00 -7.4820617E-01 -1.3518233E+00 -5.8939158E-01
-9.7580377E-01 1.9483793E-01 -1.1506456E+00 -7.6271927E-01 -1.3629458E+00 -6.0857860E-01
-1.0058909E+00 2.0181790E-01 -1.1910831E+00 -7.9102912E-01 -1.4236423E+00 -6.3362901E-01
-1.0210597E+00 2.1827888E-01 -1.2236939E+00 -7.9104586E-01 -1.4683952E+00 -6.1320140E-01
-1.0793607E+00 2.2552609E-01 -1.3040042E+00 -8.5351704E-01 -1.5326045E+00 -6.4867266E-01
-1.1948300E+00 3.1535265E-01 -1.4895827E+00 -8.6839850E-01 -1.8316791E+00 -5.8814109E-01
-1.2943691E+00 4.4786763E-01 -1.6982809E+00 -8.1091658E-01 -2.2350730E+00 -4.6479883E-01
-1.3789080E+00 6.1933238E-01 -1.9489741E+00 -6.7507438E-01 -2.6279175E+00 -2.5904158E-01
-1.4140541E+00 7.1725187E-01 -2.0927871E+00 -5.8411817E-01 -2.8226895E+00 -1.3228038E-01
-1.4137692E+00 7.1934486E-01 -2.0931828E+00 -5.7542280E-01 -2.8221219E+00 -1.3262022E-01
-1.4400056E+00 8.0668332E-01 -2.2321315E+00 -4.9226610E-01 -2.9782361E+00 -7.9003375E-03
-1.4578162E+00 9.0574253E-01 -2.3784083E+00 -4.1576053E-01 -3.1752649E+00 1.7197106E-01
-1.4566273E+00 9.0805319E-01 -2.3743764E+00 -4.0804863E-01 -3.1809691E+00 1.7675229E-01
-1.4573052E+00 9.4054269E-01 -2.4047616E+00 -3.6922246E-01 -3.5000000E+00 5.0000000E-01
