-1.1236791E+00 1.8345861E-01 -1.3041882E+00 -9.4356798E-01 -1.4899415E+00 -7.6608945E-01
-1.1341161E+00 1.5718071E-01 -1.2881471E+00 -9.7802207E-01 -1.4523317E+00 -8.3281690E-01
-1.1409570E+00 1.5015515E-01 -1.2881686E+00 -9.9137535E-01 -1.4449668E+00 -8.5359855E-01
-1.1737355E+00 1.3232639E-01 -1.2966663E+00 -1.0356921E+00 -1.4426753E+00 -9.2531169E-01
-1.2134074E+00 1.6859130E-01 -1.3820025E+00 -1.0463417E+00 -1.5536213E+00 -8.9264825E-01
-1.2039460E+00 1.9844729E-01 -1.3874957E+00 -9.9160933E-01 -1.6079613E+00 -8.3402712E-01
-1.1708482E+00 2.1212357E-01 -1.3655217E+00 -9.4603730E-01 -1.6071965E+00 -7.7772401E-01
-1.1461666E+00 2.1067102E-01 -1.3407192E+00 -9.2307937E-01 -1.5766587E+00 -7.5304970E-01
-1.0858329E+00 2.1659782E-01 -1.3012771E+00 -8.6853128E-01 -1.5208194E+00 -6.7533020E-01
-1.0535805E+00 2.3099121E-01 -1.2824494E+00 -8.2262073E-01 -1.5189917E+00 -6.1053410E-01
-9.4217956E-01 2.3556623E-01 -1.1768633E+00 -7.0804452E-01 -1.4138201E+00 -4.9231553E-01
-7.3764242E-01 3.0829715E-01 -1.0468320E+00 -4.2677881E-01 -1.3561008E+00 -1.5572830E-01
-5.9267990E-01 4.0189899E-01 -9.5766470E-01 -1.6074379E-01 -1.3805719E+00 1.8224220E-01
-5.1457866E-01 5.1916899E-01 -8.9572211E-01 1.2130303E-01 -1.4894242E+00 4.1617799E-01
-5.1306059E-01 5.9257308E-01 -8.8673380E-01 2.4615049E-01 -1.5968294E+00 5.0000000E-01
-5.1996503E-01 5.9463575E-01 -8.9042283E-01 2.4329807E-01 -1.6252033E+00 4.8782149E-01
-5.6642000E-01 6.6181472E-01 -9.0576861E-01 2.9461878E-01 -1.8499987E+00 4.7663276E-01
-6.1549796E-01 7.4663454E-01 -9.4393035E-01 3.9113528E-01 -2.0585710E+00 5.0000000E-01
-6.1931468E-01 7.4788644E-01 -9.3615740E-01 3.9854597E-01 -2.0724588E+00 4.8846624E-01
-6.3135029E-01 7.7475663E-01 -9.5089234E-01 4.4801002E-01 -2.1283371E+00 5.0000000E-01
