-1.1526792E+00 1.7287237E-01 -1.3246131E+00 -9.7914409E-01 -1.4940301E+00 -8.1653666E-01
-1.1478772E+00 1.4742285E-01 -1.2953109E+00 -1.0004907E+00 -1.4374328E+00 -8.5955801E-01
-1.1475276E+00 1.4232186E-01 -1.2893420E+00 -1.0055657E+00 -1.4289637E+00 -8.7134257E-01
-1.1349746E+00 1.2415721E-01 -1.2534420E+00 -1.0069991E+00 -1.3848186E+00 -8.9718872E-01
-1.1065281E+00 1.5991650E-01 -1.2544665E+00 -9.3999968E-01 -1.4363595E+00 -8.0919799E-01
-1.0752802E+00 1.9619082E-01 -1.2502629E+00 -8.6688208E-01 -1.4603062E+00 -6.9715281E-01
-1.0574322E+00 2.1502870E-01 -1.2474470E+00 -8.2526010E-01 -1.4814297E+00 -6.4645905E-01
-1.0496179E+00 2.1628691E-01 -1.2402003E+00 -8.1413543E-01 -1.4832593E+00 -6.4101202E-01
-1.0359540E+00 2.2299270E-01 -1.2400499E+00 -8.0074214E-01 -1.5071340E+00 -6.2411914E-01
-1.0289949E+00 2.3700147E-01 -1.2492190E+00 -7.7984068E-01 -1.5212119E+00 -5.8275123E-01
-1.0285659E+00 2.3459743E-01 -1.2617394E+00 -7.9677217E-01 -1.5031140E+00 -5.8237741E-01
-1.0521193E+00 3.1623182E-01 -1.3485066E+00 -7.1710436E-01 -1.6944032E+00 -4.6011877E-01
-1.0951661E+00 4.5842152E-01 -1.5303070E+00 -6.1112317E-01 -2.0210725E+00 -2.2982624E-01
-1.1518586E+00 6.4467988E-01 -1.7476671E+00 -4.2915374E-01 -2.4647973E+00 2.3498982E-02
-1.1822914E+00 7.4849820E-01 -1.8450621E+00 -2.8706030E-01 -2.6318026E+00 1.9527594E-01
-1.1831005E+00 7.5037117E-01 -1.8427041E+00 -2.7585302E-01 -2.6251699E+00 1.9465592E-01
-1.2102528E+00 8.3898795E-01 -1.9021061E+00 -1.1988285E-01 -2.7969647E+00 2.4874753E-01
-1.2303046E+00 9.3673743E-01 -2.0134407E+00 1.9548729E-03 -2.9476688E+00 4.0840608E-01
-1.2305014E+00 9.3896463E-01 -2.0150938E+00 5.1529454E-03 -2.9450246E+00 4.0872504E-01
-1.2349164E+00 9.7099474E-01 -2.0598847E+00 3.5798084E-02 -3.5000000E+00 5.0000000E-01
