-1.0872788E+00 1.6767273E-01 -1.2536587E+00 -9.1966362E-01 -1.4177154E+00 -7.6032438E-01
-1.0737281E+00 1.4022398E-01 -1.2132782E+00 -9.3333539E-01 -1.3513121E+00 -8.0351460E-01
-1.0655336E+00 1.3394398E-01 -1.1994568E+00 -9.3235791E-01 -1.3290748E+00 -8.0635367E-01
-1.0243475E+00 1.1447387E-01 -1.1370279E+00 -9.1111494E-01 -1.2536034E+00 -8.0235805E-01
-9.7789106E-01 1.5265745E-01 -1.1273444E+00 -8.2617640E-01 -1.2873739E+00 -6.8490379E-01
-9.9128777E-01 1.8236962E-01 -1.1526190E+00 -7.9501910E-01 -1.3753648E+00 -6.5918010E-01
-1.0264932E+00 1.9776547E-01 -1.1910413E+00 -8.0922502E-01 -1.4260488E+00 -6.5354804E-01
-1.0493281E+00 1.9712802E-01 -1.2141712E+00 -8.3610905E-01 -1.4519244E+00 -6.7567425E-01
-1.0954611E+00 2.0478260E-01 -1.2750260E+00 -8.7727417E-01 -1.5349462E+00 -7.2110194E-01
-1.1186481E+00 2.2028917E-01 -1.3153606E+00 -8.8177515E-01 -1.5784866E+00 -7.1083618E-01
-1.1874144E+00 2.3011553E-01 -1.4112572E+00 -9.5993058E-01 -1.6560091E+00 -7.4835744E-01
-1.3160025E+00 3.3525539E-01 -1.6428621E+00 -9.8359317E-01 -1.9681663E+00 -6.5815858E-01
-1.4173097E+00 4.8646275E-01 -1.8660675E+00 -8.9882392E-01 -2.4227251E+00 -5.1626667E-01
-1.4955171E+00 6.6446221E-01 -2.1047143E+00 -7.6192173E-01 -2.8626937E+00 -2.5922542E-01
-1.5213491E+00 7.6138528E-01 -2.2347086E+00 -6.5673224E-01 -3.0406987E+00 -1.1208808E-01
-1.5189554E+00 7.6475016E-01 -2.2401302E+00 -6.4996133E-01 -3.0388643E+00 -1.1025298E-01
-1.5253206E+00 8.4831093E-01 -2.3898163E+00 -5.6213878E-01 -3.1261995E+00 2.2728795E-02
-1.5281857E+00 9.4175427E-01 -2.5739793E+00 -5.0592722E-01 -3.2487880E+00 1.9721130E-01
-1.5291923E+00 9.4205095E-01 -2.5762107E+00 -5.0631113E-01 -3.2785274E+00 1.5333304E-01
-1.5311925E+00 9.7113943E-01 -2.6093833E+00 -4.7469016E-01 -3.5000000E+00 5.0000000E-01
