-1.1506872E+00 1.7468882E-01 -1.3234441E+00 -9.7792658E-01 -1.4961351E+00 -8.1220821E-01
-1.1455795E+00 1.4982346E-01 -1.2939407E+00 -9.9739446E-01 -1.4445047E+00 -8.5858478E-01
-1.1435165E+00 1.4516779E-01 -1.2796678E+00 -9.9349815E-01 -1.4354286E+00 -8.6588822E-01
-1.1220264E+00 1.2733911E-01 -1.2378595E+00 -9.8792773E-01 -1.3828819E+00 -8.8440901E-01
-1.0721865E+00 1.6578340E-01 -1.2233236E+00 -8.9750484E-01 -1.4140225E+00 -7.6283803E-01
-1.0186721E+00 1.9805719E-01 -1.1928009E+00 -8.0695832E-01 -1.4442471E+00 -6.5525895E-01
-9.9338524E-01 2.1242217E-01 -1.1742535E+00 -7.5914289E-01 -1.4246608E+00 -5.9298990E-01
-9.8588113E-01 2.1166446E-01 -1.1609055E+00 -7.4624362E-01 -1.4138881E+00 -5.9240592E-01
-9.6866999E-01 2.1785132E-01 -1.1622055E+00 -7.3386162E-01 -1.4049924E+00 -5.5723570E-01
-9.5808391E-01 2.3424922E-01 -1.1741546E+00 -7.1067231E-01 -1.4435061E+00 -5.2715074E-01
-9.5060341E-01 2.3701573E-01 -1.1720482E+00 -6.9844644E-01 -1.4223027E+00 -5.0568033E-01
-9.6999809E-01 3.1372956E-01 -1.2786007E+00 -6.6288657E-01 -1.6117991E+00 -3.7688732E-01
-1.0305459E+00 4.4434522E-01 -1.4305726E+00 -5.5373303E-01 -1.9565846E+00 -2.1501049E-01
-1.1282756E+00 6.2257756E-01 -1.6809748E+00 -4.0835980E-01 -2.3473365E+00 2.3891521E-02
-1.1900497E+00 7.2616591E-01 -1.8445510E+00 -3.2646312E-01 -2.5862971E+00 1.3796639E-01
-1.1947099E+00 7.3005499E-01 -1.8529222E+00 -3.2256090E-01 -2.5930787E+00 1.3602532E-01
-1.2523229E+00 8.2711661E-01 -2.0008699E+00 -2.2527209E-01 -2.8015303E+00 2.1863033E-01
-1.2969949E+00 9.3050219E-01 -2.1735017E+00 -1.5334014E-01 -2.9931412E+00 3.8700923E-01
-1.2988641E+00 9.2982756E-01 -2.1707878E+00 -1.4989531E-01 -2.9822667E+00 3.8233115E-01
-1.3093302E+00 9.6045889E-01 -2.2142000E+00 -1.2477418E-01 -3.5000000E+00 5.0000000E-01
