-1.1485270E+00 1.6699816E-01 -1.3138480E+00 -9.8254314E-01 -1.4828199E+00 -8.2697722E-01
-1.1229627E+00 1.3979580E-01 -1.2620522E+00 -9.8593037E-01 -1.4022128E+00 -8.5201583E-01
-1.1133959E+00 1.3296994E-01 -1.2447926E+00 -9.8328219E-01 -1.3783961E+00 -8.5312713E-01
-1.0274026E+00 1.1176164E-01 -1.1372884E+00 -9.1691832E-01 -1.2521053E+00 -8.1124028E-01
-8.5794116E-01 1.4744967E-01 -1.0031544E+00 -7.1155173E-01 -1.1569770E+00 -5.7627569E-01
-7.3830716E-01 1.6359572E-01 -8.8945172E-01 -5.7056188E-01 -1.0762466E+00 -4.2829545E-01
-7.2247242E-01 1.7021587E-01 -8.6974938E-01 -5.3952014E-01 -1.0644164E+00 -3.9409408E-01
-7.4408757E-01 1.6988798E-01 -8.9002585E-01 -5.6086525E-01 -1.0861065E+00 -4.1924143E-01
-8.1296649E-01 1.8001513E-01 -9.7239696E-01 -6.2128856E-01 -1.1697336E+00 -4.6370153E-01
-8.5498632E-01 1.9808907E-01 -1.0349057E+00 -6.4807196E-01 -1.2700108E+00 -4.8782969E-01
-1.0429162E+00 2.1610300E-01 -1.2567214E+00 -8.2600127E-01 -1.4783494E+00 -6.3329137E-01
-1.4338985E+00 3.2272901E-01 -1.7546072E+00 -1.1129477E+00 -2.0771695E+00 -8.0856793E-01
-1.7728559E+00 4.4872766E-01 -2.2268312E+00 -1.3260935E+00 -2.6325154E+00 -8.6900818E-01
-2.0492998E+00 5.9374529E-01 -2.7363263E+00 -1.5464170E+00 -3.1644239E+00 -8.9109124E-01
-2.1485432E+00 6.7520710E-01 -2.9782773E+00 -1.6314212E+00 -3.3767577E+00 -8.3792471E-01
-2.1451028E+00 6.7695121E-01 -2.9842586E+00 -1.6349708E+00 -3.3657491E+00 -8.2795583E-01
-2.1758799E+00 7.4676982E-01 -3.1652926E+00 -1.7077282E+00 -3.4141343E+00 -7.1308726E-01
-2.1843468E+00 8.2970594E-01 -3.3460702E+00 -1.7504072E+00 -3.5000000E+00 -6.0536858E-01
-2.1809662E+00 8.3039196E-01 -3.3543732E+00 -1.7663359E+00 -3.4792347E+00 -5.8486194E-01
-2.1799460E+00 8.5659019E-01 -3.3985331E+00 -1.7538810E+00 -3.5000000E+00 -5.5572560E-01
