-1.3111183E+00 1.7714182E-01 -1.4852730E+00 -1.1355226E+00 -1.6619824E+00 -9.6558885E-01
-1.2562046E+00 1.5059799E-01 -1.4038066E+00 -1.1063998E+00 -1.5551136E+00 -9.6055718E-01
-1.2303357E+00 1.4353132E-01 -1.3715218E+00 -1.0879234E+00 -1.5141739E+00 -9.4676211E-01
-1.0674174E+00 1.2305875E-01 -1.1828870E+00 -9.3980145E-01 -1.3185879E+00 -8.3489633E-01
-7.9815182E-01 1.5322694E-01 -9.5032692E-01 -6.4636810E-01 -1.1061426E+00 -5.0548350E-01
-6.6059974E-01 1.7210267E-01 -8.1737441E-01 -4.7761826E-01 -1.0195686E+00 -3.4045588E-01
-6.6818328E-01 1.8130417E-01 -8.2682081E-01 -4.7014415E-01 -1.0491356E+00 -3.3928235E-01
-7.0918833E-01 1.7943536E-01 -8.6555902E-01 -5.1651361E-01 -1.0911983E+00 -3.8276416E-01
-7.8877680E-01 1.8841150E-01 -9.5295811E-01 -5.8906966E-01 -1.1673130E+00 -4.2332498E-01
-8.3358293E-01 2.0631549E-01 -1.0212807E+00 -6.1898015E-01 -1.2665846E+00 -4.4872107E-01
-9.8492869E-01 2.2200249E-01 -1.1972292E+00 -7.5378452E-01 -1.4325179E+00 -5.6595868E-01
-1.2782969E+00 3.3038422E-01 -1.5851147E+00 -9.3300121E-01 -1.9568584E+00 -6.5939549E-01
-1.5186961E+00 4.7568958E-01 -1.9729967E+00 -1.0093040E+00 -2.4676505E+00 -6.3566769E-01
-1.7061803E+00 6.4999376E-01 -2.3930876E+00 -1.0329319E+00 -2.9449434E+00 -4.7060503E-01
-1.7699305E+00 7.4437777E-01 -2.6068108E+00 -1.0361011E+00 -3.1373147E+00 -3.2497761E-01
-1.7656081E+00 7.4776290E-01 -2.6142702E+00 -1.0358937E+00 -3.1325042E+00 -3.1161767E-01
-1.7905723E+00 8.2872118E-01 -2.8406416E+00 -1.0741325E+00 -3.2643724E+00 -2.2387983E-01
-1.8013887E+00 9.1990492E-01 -3.0362954E+00 -1.0706754E+00 -3.4160026E+00 -1.1073452E-01
-1.8011644E+00 9.2227922E-01 -3.0274909E+00 -1.0572349E+00 -3.4086326E+00 -1.1128043E-01
-1.8056824E+00 9.5341808E-01 -3.0785362E+00 -1.0407790E+00 -3.5000000E+00 -1.0851849E-01
