-1.4215568E+00 1.7835201E-01 -1.5921226E+00 -1.2368259E+00 -1.7794618E+00 -1.0828352E+00
-1.4074097E+00 1.5488518E-01 -1.5514402E+00 -1.2434429E+00 -1.7214864E+00 -1.1195059E+00
-1.4101983E+00 1.5012741E-01 -1.5475340E+00 -1.2485220E+00 -1.7145997E+00 -1.1312611E+00
-1.3381321E+00 1.3328560E-01 -1.4554056E+00 -1.1945035E+00 -1.6184713E+00 -1.0937293E+00
-1.1304444E+00 1.6690371E-01 -1.2832393E+00 -9.5603985E-01 -1.4831086E+00 -8.2068984E-01
-8.8714568E-01 1.9178011E-01 -1.0499550E+00 -6.7773240E-01 -1.2761422E+00 -5.2164329E-01
-7.7442663E-01 2.0281052E-01 -9.3941272E-01 -5.4644575E-01 -1.1877485E+00 -3.9449496E-01
-7.5129501E-01 2.0374223E-01 -9.1691448E-01 -5.2335724E-01 -1.1662487E+00 -3.7228054E-01
-7.1770147E-01 2.1161228E-01 -8.9639475E-01 -4.8065716E-01 -1.1461328E+00 -3.2428622E-01
-7.0938533E-01 2.2857706E-01 -9.0869154E-01 -4.5553843E-01 -1.1870756E+00 -2.9757440E-01
-7.4111411E-01 2.2596622E-01 -9.5655459E-01 -5.0550111E-01 -1.1947740E+00 -3.1236129E-01
-8.7063578E-01 3.1385553E-01 -1.1858822E+00 -5.5890818E-01 -1.4971805E+00 -2.6857487E-01
-1.0418957E+00 4.7053288E-01 -1.5063378E+00 -5.7245546E-01 -1.9736567E+00 -1.0953935E-01
-1.2372089E+00 6.6625613E-01 -1.9129861E+00 -5.4803951E-01 -2.5268527E+00 6.3816286E-02
-1.3318721E+00 7.7331966E-01 -2.1421257E+00 -5.1277849E-01 -2.8090629E+00 1.3974304E-01
-1.3324470E+00 7.7675868E-01 -2.1500377E+00 -5.0710768E-01 -2.8091094E+00 1.4352562E-01
-1.3969837E+00 8.7049373E-01 -2.3442625E+00 -4.3693161E-01 -2.9778878E+00 1.9330768E-01
-1.4409853E+00 9.7022098E-01 -2.5167805E+00 -3.5842556E-01 -3.1578068E+00 3.2012869E-01
-1.4390408E+00 9.7106869E-01 -2.5165383E+00 -3.5738188E-01 -3.1487797E+00 3.3248260E-01
-1.4475236E+00 1.0023271E+00 -2.5625877E+00 -3.3585849E-01 -3.5000000E+00 5.0000000E-01
