-1.3239610E+00 1.6995498E-01 -1.4906072E+00 -1.1584084E+00 -1.6637011E+00 -9.8923663E-01
-1.2985451E+00 1.4304998E-01 -1.4385822E+00 -1.1583439E+00 -1.5839622E+00 -1.0177307E+00
-1.2966164E+00 1.3752693E-01 -1.4304515E+00 -1.1616460E+00 -1.5722313E+00 -1.0277139E+00
-1.1966344E+00 1.1670089E-01 -1.3058418E+00 -1.0765553E+00 -1.4362653E+00 -9.7485685E-01
-9.5359284E-01 1.4231596E-01 -1.0951768E+00 -8.1123631E-01 -1.2341019E+00 -6.7954635E-01
-7.1677205E-01 1.6041349E-01 -8.7517228E-01 -5.5677262E-01 -1.0431251E+00 -4.1219488E-01
-6.2914401E-01 1.6738613E-01 -7.8003348E-01 -4.5216152E-01 -9.7978225E-01 -3.1714062E-01
-6.2246488E-01 1.6379018E-01 -7.6712877E-01 -4.4713171E-01 -9.5103482E-01 -3.0774013E-01
-6.3957845E-01 1.7178471E-01 -7.9194902E-01 -4.5642674E-01 -9.8266265E-01 -3.0804611E-01
-6.5508188E-01 1.8944885E-01 -8.2659683E-01 -4.5280903E-01 -1.0487144E+00 -3.0440576E-01
-8.1069997E-01 2.0928255E-01 -1.0175264E+00 -6.0137291E-01 -1.2332612E+00 -4.1320251E-01
-1.2133352E+00 3.1203186E-01 -1.5231773E+00 -9.0342720E-01 -1.8372847E+00 -6.1178635E-01
-1.6368179E+00 4.2382842E-01 -2.0665048E+00 -1.2188569E+00 -2.4589584E+00 -7.9572444E-01
-2.0428896E+00 5.4665602E-01 -2.6429864E+00 -1.5541264E+00 -3.0939748E+00 -9.7208031E-01
-2.2151879E+00 6.1366122E-01 -2.9329647E+00 -1.7202476E+00 -3.3581289E+00 -1.0173160E+00
-2.2149003E+00 6.1583140E-01 -2.9409465E+00 -1.7249757E+00 -3.3537562E+00 -1.0151587E+00
-2.3022606E+00 6.7433561E-01 -3.1740261E+00 -1.8832990E+00 -3.4336970E+00 -9.9692212E-01
-2.3497126E+00 7.5222925E-01 -3.3883357E+00 -1.9937629E+00 -3.5000000E+00 -9.4101663E-01
-2.3442397E+00 7.5404563E-01 -3.3948398E+00 -2.0064762E+00 -3.4774370E+00 -9.1787120E-01
-2.3528437E+00 7.8333304E-01 -3.5000000E+00 -2.0575205E+00 -3.5000000E+00 -8.8974784E-01
