-1.0271066E+00 1.7836251E-01 -1.2059372E+00 -8.4845094E-01 -1.3802074E+00 -6.8285444E-01
-1.0445453E+00 1.5272221E-01 -1.1954934E+00 -8.9178211E-01 -1.3484989E+00 -7.5146430E-01
-1.0523644E+00 1.4703201E-01 -1.1977163E+00 -9.0609950E-01 -1.3461387E+00 -7.7049547E-01
-1.1024704E+00 1.3245841E-01 -1.2211746E+00 -9.6078972E-01 -1.3786400E+00 -8.5722600E-01
-1.1827607E+00 1.7472619E-01 -1.3427064E+00 -9.9838420E-01 -1.5444711E+00 -8.5659292E-01
-1.2128660E+00 2.0956426E-01 -1.4049769E+00 -9.9126599E-01 -1.6392779E+00 -8.1950923E-01
-1.1962420E+00 2.2455313E-01 -1.4032132E+00 -9.5926468E-01 -1.6571429E+00 -7.7754631E-01
-1.1737379E+00 2.2211406E-01 -1.3810623E+00 -9.3938672E-01 -1.6259128E+00 -7.5909423E-01
-1.1248821E+00 2.2369506E-01 -1.3486674E+00 -8.9903660E-01 -1.5706448E+00 -6.9982610E-01
-1.0997044E+00 2.3466945E-01 -1.3352949E+00 -8.6164836E-01 -1.5615489E+00 -6.4752621E-01
-1.0115645E+00 2.3317738E-01 -1.2446445E+00 -7.7425045E-01 -1.4725660E+00 -5.6762565E-01
-8.4050446E-01 3.0289037E-01 -1.1294141E+00 -5.2469187E-01 -1.4477147E+00 -2.6810133E-01
-7.0724470E-01 4.0888671E-01 -1.0642610E+00 -2.5724076E-01 -1.5193643E+00 6.7776289E-02
-6.2093005E-01 5.4088758E-01 -1.0346015E+00 2.2350473E-02 -1.6847733E+00 3.6375938E-01
-6.0547248E-01 6.1438761E-01 -1.0322477E+00 1.6485355E-01 -1.7746435E+00 4.8381373E-01
-6.0990651E-01 6.1585400E-01 -1.0322323E+00 1.6578774E-01 -1.8023193E+00 4.6059610E-01
-6.2152779E-01 6.7648499E-01 -9.8361923E-01 2.8288446E-01 -1.9503112E+00 4.6377163E-01
-6.4061024E-01 7.5464200E-01 -9.8207855E-01 3.9878863E-01 -2.0839104E+00 5.0000000E-01
-6.4424103E-01 7.5644962E-01 -9.7112430E-01 4.0250694E-01 -2.1070482E+00 4.8290608E-01
-6.5098551E-01 7.8444918E-01 -9.7033313E-01 4.6378181E-01 -2.1511152E+00 5.0000000E-01
