-1.0765137E+00 1.6602512E-01 -1.2425731E+00 -9.1235723E-01 -1.4041321E+00 -7.5553437E-01
-1.0607167E+00 1.3997236E-01 -1.2009909E+00 -9.2164973E-01 -1.3392022E+00 -7.9331929E-01
-1.0537287E+00 1.3414366E-01 -1.1863587E+00 -9.2083815E-01 -1.3246093E+00 -7.9879261E-01
-1.0093954E+00 1.1668198E-01 -1.1247435E+00 -8.9540571E-01 -1.2476945E+00 -7.8479082E-01
-9.3434158E-01 1.5125342E-01 -1.0837472E+00 -7.8493478E-01 -1.2390823E+00 -6.4655101E-01
-8.9674534E-01 1.7220896E-01 -1.0517208E+00 -7.1346202E-01 -1.2548581E+00 -5.7530994E-01
-9.0499331E-01 1.8211188E-01 -1.0611731E+00 -7.0830071E-01 -1.2910779E+00 -5.6987351E-01
-9.2109116E-01 1.8038825E-01 -1.0743540E+00 -7.2632115E-01 -1.2888821E+00 -5.7769955E-01
-9.6884293E-01 1.8955733E-01 -1.1288373E+00 -7.6126941E-01 -1.3717759E+00 -6.2946332E-01
-9.9361667E-01 2.0998830E-01 -1.1748444E+00 -7.6524387E-01 -1.4176860E+00 -5.9948080E-01
-1.1053688E+00 2.2915348E-01 -1.3159748E+00 -8.6537332E-01 -1.5824511E+00 -6.7889201E-01
-1.3492651E+00 3.2854205E-01 -1.6530988E+00 -1.0117098E+00 -2.0200691E+00 -7.1788168E-01
-1.5739556E+00 4.6265297E-01 -2.0349002E+00 -1.1145069E+00 -2.4943087E+00 -6.7722148E-01
-1.7680616E+00 6.3260387E-01 -2.4519606E+00 -1.1470256E+00 -2.9386128E+00 -5.2197974E-01
-1.8454023E+00 7.2601524E-01 -2.6970115E+00 -1.1790820E+00 -3.1793649E+00 -4.4684456E-01
-1.8428839E+00 7.2650009E-01 -2.7080912E+00 -1.1880314E+00 -3.1710307E+00 -4.4344630E-01
-1.8879791E+00 8.0200629E-01 -2.9303638E+00 -1.2504725E+00 -3.2893775E+00 -3.4411260E-01
-1.9169026E+00 8.8814857E-01 -3.1524461E+00 -1.2813322E+00 -3.4631629E+00 -2.7788346E-01
-1.9148767E+00 8.8940761E-01 -3.2058559E+00 -1.2887526E+00 -3.4350851E+00 -2.6560506E-01
-1.9197535E+00 9.1743492E-01 -3.2055059E+00 -1.2654905E+00 -3.5000000E+00 -2.6210823E-01
