-1.2493868E+00 1.7494035E-01 -1.4244098E+00 -1.0744290E+00 -1.5923871E+00 -9.1299947E-01
-1.2457090E+00 1.4838040E-01 -1.3936344E+00 -1.0971320E+00 -1.5374991E+00 -9.6011130E-01
-1.2457941E+00 1.4304847E-01 -1.3881208E+00 -1.1026838E+00 -1.5264378E+00 -9.6970041E-01
-1.2380773E+00 1.2601757E-01 -1.3544776E+00 -1.1064294E+00 -1.4954756E+00 -1.0040154E+00
-1.2025580E+00 1.6852240E-01 -1.3575431E+00 -1.0227954E+00 -1.5513449E+00 -8.9122913E-01
-1.1386476E+00 2.0869302E-01 -1.3182460E+00 -9.0565159E-01 -1.5780165E+00 -7.6473126E-01
-1.0926043E+00 2.2545659E-01 -1.2858881E+00 -8.3872487E-01 -1.5661240E+00 -6.8841590E-01
-1.0743737E+00 2.2362746E-01 -1.2677034E+00 -8.2248035E-01 -1.5389435E+00 -6.7000656E-01
-1.0363200E+00 2.2545386E-01 -1.2376289E+00 -7.8805328E-01 -1.5035941E+00 -6.2699633E-01
-1.0183062E+00 2.3962418E-01 -1.2355538E+00 -7.5778108E-01 -1.5126266E+00 -5.7872864E-01
-9.7465119E-01 2.3921130E-01 -1.1968809E+00 -7.2068033E-01 -1.4593939E+00 -5.2156488E-01
-9.1269780E-01 3.2247253E-01 -1.2232767E+00 -5.9423970E-01 -1.5816967E+00 -3.0895841E-01
-8.8463741E-01 4.5794704E-01 -1.2869457E+00 -3.9803650E-01 -1.7971107E+00 6.7278734E-04
-8.9395782E-01 6.3224276E-01 -1.4184889E+00 -1.5859374E-01 -2.1312138E+00 2.7774393E-01
-9.1793933E-01 7.3185180E-01 -1.5073316E+00 -3.0915468E-02 -2.3151975E+00 4.1283043E-01
-9.2336686E-01 7.3513556E-01 -1.5111239E+00 -2.8028600E-02 -2.3333096E+00 3.9488753E-01
-9.6790076E-01 8.1846126E-01 -1.4950540E+00 1.5189934E-01 -2.5484348E+00 4.0136116E-01
-1.0077143E+00 9.0983328E-01 -1.5200923E+00 3.1071937E-01 -2.7237473E+00 4.8150855E-01
-1.0079315E+00 9.1213495E-01 -1.4988560E+00 3.3520765E-01 -2.7348189E+00 4.6503058E-01
-1.0184728E+00 9.4067318E-01 -1.5497381E+00 3.5780367E-01 -2.7692550E+00 5.0000000E-01
