-1.0175945E+00 1.8083288E-01 -1.1940265E+00 -8.3803674E-01 -1.3849747E+00 -6.7457494E-01
-1.0212505E+00 1.5214624E-01 -1.1599339E+00 -8.6244332E-01 -1.3377901E+00 -7.3533494E-01
-1.0182358E+00 1.4514549E-01 -1.1518227E+00 -8.6849674E-01 -1.3227610E+00 -7.4589216E-01
-1.0524020E+00 1.2471449E-01 -1.1735764E+00 -9.2971334E-01 -1.3110912E+00 -8.1713385E-01
-1.1357474E+00 1.6643976E-01 -1.3001821E+00 -9.7028744E-01 -1.4743761E+00 -8.1992893E-01
-1.2068612E+00 2.0504374E-01 -1.3961601E+00 -9.8852039E-01 -1.6301179E+00 -8.2969234E-01
-1.2200143E+00 2.2239675E-01 -1.4261500E+00 -9.8200288E-01 -1.6776492E+00 -8.0959044E-01
-1.2067220E+00 2.2169339E-01 -1.4119183E+00 -9.6945536E-01 -1.6405745E+00 -7.8219641E-01
-1.1636527E+00 2.3112461E-01 -1.3758476E+00 -9.1588505E-01 -1.6158331E+00 -7.2192056E-01
-1.1358758E+00 2.4829883E-01 -1.3680519E+00 -8.7490073E-01 -1.6190055E+00 -6.5691405E-01
-1.0279729E+00 2.4966172E-01 -1.2620385E+00 -7.6726349E-01 -1.5359955E+00 -5.6118900E-01
-8.2436644E-01 3.0206445E-01 -1.1258385E+00 -5.2053632E-01 -1.4193851E+00 -2.4117565E-01
-6.7924598E-01 3.8822956E-01 -1.0460889E+00 -2.6431658E-01 -1.4634850E+00 4.8321878E-02
-6.0135710E-01 5.1537780E-01 -1.0187280E+00 1.7200280E-02 -1.6013429E+00 3.4272234E-01
-5.9984952E-01 5.9560544E-01 -1.0295224E+00 1.5393464E-01 -1.7307694E+00 4.5512511E-01
-6.0676859E-01 5.9785219E-01 -1.0291455E+00 1.5259208E-01 -1.7550794E+00 4.3333531E-01
-6.5434879E-01 6.7246551E-01 -1.0449607E+00 2.4061817E-01 -1.9512033E+00 4.4546313E-01
-7.0350243E-01 7.6332247E-01 -1.0969511E+00 3.5450452E-01 -2.1231304E+00 5.0000000E-01
-7.0644863E-01 7.6455436E-01 -1.0830045E+00 3.6647675E-01 -2.1415825E+00 4.8351991E-01
-7.1994485E-01 7.9233332E-01 -1.1198194E+00 3.9235950E-01 -2.1936687E+00 5.0000000E-01
