-1.3361045E+00 1.7198121E-01 -1.5059561E+00 -1.1641129E+00 -1.6820398E+00 -1.0078594E+00
-1.3074243E+00 1.4537538E-01 -1.4507475E+00 -1.1617379E+00 -1.6022465E+00 -1.0322433E+00
-1.2981616E+00 1.3925917E-01 -1.4288647E+00 -1.1541766E+00 -1.5837426E+00 -1.0365240E+00
-1.1986168E+00 1.2032821E-01 -1.3099354E+00 -1.0729470E+00 -1.4457838E+00 -9.7489554E-01
-9.9924983E-01 1.5668084E-01 -1.1403515E+00 -8.3443134E-01 -1.3218073E+00 -7.0710139E-01
-8.4808621E-01 1.7983134E-01 -9.9698956E-01 -6.5309671E-01 -1.2143979E+00 -5.1134224E-01
-8.1240545E-01 1.9169673E-01 -9.6999048E-01 -6.0581625E-01 -1.2025416E+00 -4.5134700E-01
-8.2477479E-01 1.9150910E-01 -9.8180223E-01 -6.1768872E-01 -1.2138156E+00 -4.6347693E-01
-8.5764161E-01 2.0165914E-01 -1.0283955E+00 -6.3836656E-01 -1.2638963E+00 -4.7553849E-01
-8.7808910E-01 2.1950251E-01 -1.0720764E+00 -6.4074002E-01 -1.3177101E+00 -4.6190373E-01
-9.7679872E-01 2.2689421E-01 -1.1942964E+00 -7.4196418E-01 -1.4279831E+00 -5.4582995E-01
-1.2029892E+00 3.1135832E-01 -1.5101749E+00 -8.9614774E-01 -1.8269815E+00 -6.0244421E-01
-1.4216447E+00 4.4533217E-01 -1.8631894E+00 -9.8124465E-01 -2.3085193E+00 -5.6040216E-01
-1.6179911E+00 6.2770334E-01 -2.2613766E+00 -9.7831089E-01 -2.8047001E+00 -3.7080501E-01
-1.6946187E+00 7.3491085E-01 -2.5217805E+00 -9.9303266E-01 -3.0833740E+00 -2.8016112E-01
-1.6928738E+00 7.3979308E-01 -2.5307392E+00 -9.8963044E-01 -3.0838266E+00 -2.6943677E-01
-1.7183255E+00 8.2930455E-01 -2.7077043E+00 -9.4281643E-01 -3.2271201E+00 -1.5010059E-01
-1.7275822E+00 9.2338351E-01 -2.8290866E+00 -8.3058356E-01 -3.4169555E+00 -5.5024582E-02
-1.7257058E+00 9.2341602E-01 -2.8241824E+00 -8.2345727E-01 -3.4050974E+00 -6.4273116E-02
-1.7289289E+00 9.5297346E-01 -2.8757111E+00 -8.0597279E-01 -3.5000000E+00 5.0000000E-01
