-9.5284784E-01 1.6798680E-01 -1.1204782E+00 -7.8629815E-01 -1.2870981E+00 -6.2861826E-01
-9.5107341E-01 1.3971828E-01 -1.0892477E+00 -8.1203343E-01 -1.2313512E+00 -6.8464418E-01
-9.4853826E-01 1.3333007E-01 -1.0808568E+00 -8.1553381E-01 -1.2161545E+00 -6.9364915E-01
-9.5001892E-01 1.1254144E-01 -1.0582567E+00 -8.3223016E-01 -1.1732031E+00 -7.3616486E-01
-9.6318882E-01 1.5131591E-01 -1.1038963E+00 -8.0297058E-01 -1.2690379E+00 -6.7663188E-01
-9.9089861E-01 1.7805618E-01 -1.1459470E+00 -7.9995137E-01 -1.3687266E+00 -6.6749700E-01
-1.0132236E+00 1.9207529E-01 -1.1691696E+00 -8.0124389E-01 -1.4072097E+00 -6.5173122E-01
-1.0206567E+00 1.9409549E-01 -1.1777213E+00 -8.0899015E-01 -1.4186079E+00 -6.5185850E-01
-1.0451183E+00 2.0476050E-01 -1.2180894E+00 -8.2586132E-01 -1.4611196E+00 -6.4936190E-01
-1.0551039E+00 2.2227299E-01 -1.2539154E+00 -8.2117586E-01 -1.5264314E+00 -6.4483044E-01
-1.1287029E+00 2.3062660E-01 -1.3498304E+00 -8.8772295E-01 -1.5893229E+00 -6.8780274E-01
-1.3063451E+00 3.3083850E-01 -1.6040512E+00 -9.5173267E-01 -2.0027121E+00 -6.9749626E-01
-1.4865960E+00 4.7727812E-01 -1.9468066E+00 -9.8496155E-01 -2.4444962E+00 -5.8069795E-01
-1.6560201E+00 6.5221753E-01 -2.3281979E+00 -9.9305116E-01 -2.8854082E+00 -3.4391242E-01
-1.7253656E+00 7.4526975E-01 -2.5751875E+00 -1.0400596E+00 -3.1328850E+00 -2.6946063E-01
-1.7246293E+00 7.4680599E-01 -2.5820340E+00 -1.0418720E+00 -3.1293162E+00 -2.6778212E-01
-1.7534514E+00 8.2392402E-01 -2.7737999E+00 -1.0390012E+00 -3.2352710E+00 -1.7275580E-01
-1.7662272E+00 9.1266519E-01 -2.9235743E+00 -9.6772261E-01 -3.4089412E+00 -8.5684529E-02
-1.7645170E+00 9.1319787E-01 -2.9177226E+00 -9.5980727E-01 -3.4001894E+00 -9.0800712E-02
-1.7685760E+00 9.4172342E-01 -2.9570156E+00 -9.3346947E-01 -3.5000000E+00 5.0000000E-01
