-1.2560279E+00 1.7634711E-01 -1.4198813E+00 -1.0698506E+00 -1.6134788E+00 -9.2683589E-01
-1.2341110E+00 1.5092565E-01 -1.3725912E+00 -1.0734994E+00 -1.5428280E+00 -9.5531425E-01
-1.2296938E+00 1.4589659E-01 -1.3618035E+00 -1.0719600E+00 -1.5265929E+00 -9.6003168E-01
-1.1526029E+00 1.2652646E-01 -1.2679605E+00 -1.0179633E+00 -1.4138061E+00 -9.1797196E-01
-9.6681522E-01 1.5932778E-01 -1.1127862E+00 -8.0152992E-01 -1.2978586E+00 -6.6774895E-01
-7.7186997E-01 1.8379064E-01 -9.3790978E-01 -5.7918607E-01 -1.1566238E+00 -4.2977679E-01
-6.8732674E-01 1.9052916E-01 -8.5500302E-01 -4.8648196E-01 -1.0671540E+00 -3.2087954E-01
-6.7151860E-01 1.8596458E-01 -8.2977195E-01 -4.7075075E-01 -1.0435517E+00 -3.1736526E-01
-6.5665700E-01 1.9252162E-01 -8.1978202E-01 -4.4645881E-01 -1.0437135E+00 -2.9197348E-01
-6.5394438E-01 2.1003746E-01 -8.3809917E-01 -4.2972955E-01 -1.0783530E+00 -2.5072544E-01
-7.2025018E-01 2.2008077E-01 -9.2234064E-01 -4.9435097E-01 -1.1778087E+00 -3.0225008E-01
-9.2366309E-01 3.0966611E-01 -1.2310554E+00 -6.1518851E-01 -1.5411599E+00 -3.3295653E-01
-1.1623984E+00 4.4100342E-01 -1.6062442E+00 -7.2644889E-01 -2.0255781E+00 -2.9480767E-01
-1.4185958E+00 6.1336005E-01 -2.0372818E+00 -7.9529905E-01 -2.5900445E+00 -1.9839017E-01
-1.5430584E+00 7.1286956E-01 -2.3141418E+00 -8.4704255E-01 -2.8749384E+00 -1.2211361E-01
-1.5469766E+00 7.1658054E-01 -2.3249351E+00 -8.4980912E-01 -2.8822970E+00 -1.1346102E-01
-1.6384797E+00 8.0955566E-01 -2.5898140E+00 -8.8179012E-01 -3.1141414E+00 -7.4913989E-02
-1.7001468E+00 9.1206110E-01 -2.7984121E+00 -8.3964553E-01 -3.3667315E+00 -1.0349983E-02
-1.6984447E+00 9.1284078E-01 -2.7974363E+00 -8.3517194E-01 -3.3628921E+00 -2.1381614E-02
-1.7120140E+00 9.4415220E-01 -2.8704756E+00 -8.3289189E-01 -3.5000000E+00 -5.6747055E-02
