-1.1671566E+00 1.6952859E-01 -1.3368156E+00 -9.9884874E-01 -1.4999492E+00 -8.3822050E-01
-1.1365952E+00 1.4158742E-01 -1.2773332E+00 -9.9705050E-01 -1.4190437E+00 -8.6185142E-01
-1.1270456E+00 1.3499360E-01 -1.2557270E+00 -9.8862965E-01 -1.3968390E+00 -8.6535356E-01
-1.0254800E+00 1.1276497E-01 -1.1295247E+00 -9.0826168E-01 -1.2525865E+00 -8.0925741E-01
-8.3468959E-01 1.4852841E-01 -9.8055022E-01 -6.8661510E-01 -1.1329547E+00 -5.4868791E-01
-7.1807554E-01 1.7243651E-01 -8.6960816E-01 -5.3429547E-01 -1.0609690E+00 -3.8690036E-01
-7.1196941E-01 1.7972738E-01 -8.6116465E-01 -5.1723466E-01 -1.0763046E+00 -3.7021356E-01
-7.4069387E-01 1.7625575E-01 -8.8337450E-01 -5.4720147E-01 -1.0988340E+00 -4.1020588E-01
-8.1260970E-01 1.8240841E-01 -9.6916714E-01 -6.1690483E-01 -1.1790908E+00 -4.6226412E-01
-8.5449861E-01 1.9985079E-01 -1.0306413E+00 -6.3998255E-01 -1.2774625E+00 -4.8584092E-01
-1.0155850E+00 2.1557142E-01 -1.2260433E+00 -8.0200687E-01 -1.4545898E+00 -6.0355498E-01
-1.3408999E+00 3.2031053E-01 -1.6593400E+00 -1.0203257E+00 -1.9815619E+00 -7.3182170E-01
-1.6178459E+00 4.5462506E-01 -2.0725589E+00 -1.1528130E+00 -2.4988960E+00 -7.2283904E-01
-1.8421785E+00 6.1519951E-01 -2.5138590E+00 -1.2603690E+00 -3.0177744E+00 -6.4742830E-01
-1.9241233E+00 7.0486145E-01 -2.7410346E+00 -1.2989965E+00 -3.2443677E+00 -5.6412429E-01
-1.9209340E+00 7.0664251E-01 -2.7417452E+00 -1.2965016E+00 -3.2361254E+00 -5.6241324E-01
-1.9543115E+00 7.8608298E-01 -2.9524906E+00 -1.3536030E+00 -3.3423616E+00 -4.4139351E-01
-1.9711627E+00 8.7507458E-01 -3.1651667E+00 -1.3784338E+00 -3.4742754E+00 -3.2521992E-01
-1.9699630E+00 8.7634306E-01 -3.1613972E+00 -1.3712403E+00 -3.4533778E+00 -3.1227691E-01
-1.9722647E+00 9.0371925E-01 -3.1829466E+00 -1.3330415E+00 -3.5000000E+00 -2.9422403E-01
