-1.2438022E+00 1.6867245E-01 -1.4150883E+00 -1.0763819E+00 -1.5769732E+00 -9.2348256E-01
-1.2198344E+00 1.4206279E-01 -1.3545199E+00 -1.0710792E+00 -1.5023587E+00 -9.5070736E-01
-1.2171969E+00 1.3506399E-01 -1.3517336E+00 -1.0824550E+00 -1.4887458E+00 -9.6162033E-01
-1.1247576E+00 1.1462681E-01 -1.2373995E+00 -1.0104439E+00 -1.3573872E+00 -9.0581487E-01
-9.0477082E-01 1.4745759E-01 -1.0485284E+00 -7.5918246E-01 -1.1992420E+00 -6.2010887E-01
-6.9302973E-01 1.5857106E-01 -8.3924528E-01 -5.3180158E-01 -1.0193468E+00 -3.9567173E-01
-6.1806652E-01 1.6297692E-01 -7.5858106E-01 -4.4722720E-01 -9.4291559E-01 -3.0317745E-01
-6.1736663E-01 1.6123626E-01 -7.5581287E-01 -4.4672208E-01 -9.3875241E-01 -3.0925799E-01
-6.4749544E-01 1.7254708E-01 -8.0243107E-01 -4.6496986E-01 -1.0104191E+00 -3.2842337E-01
-6.6871878E-01 1.9200091E-01 -8.4608751E-01 -4.6722198E-01 -1.0627234E+00 -3.0474037E-01
-8.4220993E-01 2.0865963E-01 -1.0508973E+00 -6.3466318E-01 -1.2545487E+00 -4.3866872E-01
-1.2682556E+00 3.1258467E-01 -1.5861073E+00 -9.5519657E-01 -1.8867006E+00 -6.7341569E-01
-1.6966026E+00 4.3393661E-01 -2.1304018E+00 -1.2673657E+00 -2.5148073E+00 -8.0556250E-01
-2.0912563E+00 5.6596074E-01 -2.7323273E+00 -1.6229301E+00 -3.1412293E+00 -9.8826474E-01
-2.2499974E+00 6.3570700E-01 -3.0077646E+00 -1.7746817E+00 -3.3952337E+00 -1.0310910E+00
-2.2486213E+00 6.3611898E-01 -3.0106018E+00 -1.7784206E+00 -3.3844442E+00 -1.0279521E+00
-2.3233157E+00 6.9280982E-01 -3.2093261E+00 -1.9171345E+00 -3.4415602E+00 -9.9077400E-01
-2.3611655E+00 7.6933687E-01 -3.3958411E+00 -2.0165570E+00 -3.5000000E+00 -9.1544472E-01
-2.3570984E+00 7.7062290E-01 -3.3991603E+00 -2.0297183E+00 -3.4725973E+00 -8.8761648E-01
-2.3641663E+00 7.9864041E-01 -3.5000000E+00 -2.0771078E+00 -3.5000000E+00 -8.5791740E-01
