-1.2534701E+00 1.8196974E-01 -1.4320572E+00 -1.0745991E+00 -1.6190494E+00 -9.0209757E-01
-1.2496727E+00 1.5974813E-01 -1.3989266E+00 -1.0859337E+00 -1.5718862E+00 -9.4451081E-01
-1.2541230E+00 1.5516783E-01 -1.4006635E+00 -1.0929337E+00 -1.5651368E+00 -9.6051508E-01
-1.2329807E+00 1.4047287E-01 -1.3626075E+00 -1.0835172E+00 -1.5181907E+00 -9.7105790E-01
-1.1493420E+00 1.7472257E-01 -1.3148772E+00 -9.6550136E-01 -1.5013435E+00 -8.2161013E-01
-1.0320115E+00 2.0439893E-01 -1.2248157E+00 -8.1561179E-01 -1.4477875E+00 -6.5178517E-01
-9.6700498E-01 2.1509756E-01 -1.1672839E+00 -7.3951052E-01 -1.4105819E+00 -5.6728184E-01
-9.4949051E-01 2.0969348E-01 -1.1449736E+00 -7.2878251E-01 -1.3832518E+00 -5.5812981E-01
-9.0514822E-01 2.0761530E-01 -1.1020581E+00 -6.8974760E-01 -1.3245033E+00 -5.1195708E-01
-8.8640231E-01 2.1917707E-01 -1.1047582E+00 -6.6735575E-01 -1.3210553E+00 -4.6386322E-01
-8.2200096E-01 2.2442259E-01 -1.0441516E+00 -5.9797870E-01 -1.2652979E+00 -3.8546374E-01
-7.1199113E-01 3.0607920E-01 -1.0001081E+00 -3.9917741E-01 -1.3430604E+00 -1.2717239E-01
-6.4441583E-01 4.1967843E-01 -1.0086143E+00 -1.8785082E-01 -1.4687543E+00 1.5722484E-01
-6.2148280E-01 5.6480532E-01 -1.0374114E+00 5.5862866E-02 -1.7231471E+00 3.8545317E-01
-6.3491372E-01 6.5085107E-01 -1.0502586E+00 1.9664224E-01 -1.8581792E+00 5.0000000E-01
-6.4049400E-01 6.5359916E-01 -1.0514903E+00 1.9686520E-01 -1.8886072E+00 4.8031791E-01
-6.8587147E-01 7.3430695E-01 -1.0670148E+00 2.8906264E-01 -2.1193997E+00 4.7990460E-01
-7.3124632E-01 8.2723590E-01 -1.1036390E+00 4.1068212E-01 -2.3307080E+00 5.0000000E-01
-7.3709553E-01 8.2775612E-01 -1.0985627E+00 4.1172677E-01 -2.3364773E+00 4.9476293E-01
-7.5090206E-01 8.5634130E-01 -1.0890127E+00 4.8579050E-01 -2.3932037E+00 5.0000000E-01
