-1.0734366E+00 1.7614188E-01 -1.2476112E+00 -8.9742848E-01 -1.4219051E+00 -7.3245604E-01
-1.0910106E+00 1.5003479E-01 -1.2388605E+00 -9.4178137E-01 -1.3927260E+00 -8.0258415E-01
-1.1016152E+00 1.4258887E-01 -1.2358162E+00 -9.5448881E-01 -1.3906165E+00 -8.2946554E-01
-1.1581485E+00 1.2551554E-01 -1.2761136E+00 -1.0271548E+00 -1.4138571E+00 -9.2017317E-01
-1.2395946E+00 1.6798489E-01 -1.3935151E+00 -1.0609299E+00 -1.5844634E+00 -9.2766101E-01
-1.2523478E+00 2.0368799E-01 -1.4342483E+00 -1.0295733E+00 -1.6757499E+00 -8.7839565E-01
-1.2204023E+00 2.2144821E-01 -1.4232931E+00 -9.7883287E-01 -1.6714094E+00 -8.0962962E-01
-1.1904132E+00 2.2173037E-01 -1.3995073E+00 -9.5531826E-01 -1.6398153E+00 -7.7582183E-01
-1.1315004E+00 2.3193797E-01 -1.3532653E+00 -8.9218913E-01 -1.6014288E+00 -6.9152530E-01
-1.1002362E+00 2.4782183E-01 -1.3476742E+00 -8.5728090E-01 -1.5991479E+00 -6.2564132E-01
-1.0076025E+00 2.4803266E-01 -1.2418398E+00 -7.5002819E-01 -1.5073758E+00 -5.3509782E-01
-8.4357117E-01 3.0817520E-01 -1.1471150E+00 -5.4227828E-01 -1.4650435E+00 -2.4129764E-01
-7.2578223E-01 4.0916224E-01 -1.0861083E+00 -2.8822400E-01 -1.5438412E+00 6.2778640E-02
-6.5737763E-01 5.4949743E-01 -1.0573672E+00 -8.2911579E-03 -1.7375063E+00 3.4389884E-01
-6.5053679E-01 6.3440983E-01 -1.0568440E+00 1.3408956E-01 -1.8740366E+00 4.6698399E-01
-6.5596971E-01 6.3674647E-01 -1.0551653E+00 1.3442565E-01 -1.8986140E+00 4.4685557E-01
-6.8220409E-01 7.0835211E-01 -1.0495392E+00 2.3502687E-01 -2.0957533E+00 4.5092238E-01
-7.1063603E-01 7.9414901E-01 -1.0749992E+00 3.6417523E-01 -2.2632294E+00 5.0000000E-01
-7.1467888E-01 7.9585995E-01 -1.0629170E+00 3.7323987E-01 -2.2811273E+00 4.9043279E-01
-7.2348408E-01 8.2529985E-01 -1.0686988E+00 4.3992435E-01 -2.3362703E+00 5.0000000E-01
