-7.7519678E-01 1.6991631E-01 -9.4159247E-01 -6.0588015E-01 -1.1161395E+00 -4.4691563E-01
-7.8707485E-01 1.4328583E-01 -9.2735741E-01 -6.4388692E-01 -1.0753660E+00 -5.1283749E-01
-7.8416143E-01 1.3664447E-01 -9.1941218E-01 -6.4802559E-01 -1.0577584E+00 -5.2210830E-01
-8.5148886E-01 1.1528813E-01 -9.5971020E-01 -7.3076861E-01 -1.0856560E+00 -6.3539326E-01
-1.0392128E+00 1.5695166E-01 -1.1852517E+00 -8.7737389E-01 -1.3634916E+00 -7.4233268E-01
-1.2439995E+00 1.9824020E-01 -1.4139699E+00 -1.0314649E+00 -1.6445086E+00 -8.6549998E-01
-1.3314473E+00 2.2007128E-01 -1.5126561E+00 -1.0875559E+00 -1.7766928E+00 -9.1783373E-01
-1.3418576E+00 2.2189378E-01 -1.5229094E+00 -1.0926614E+00 -1.7941400E+00 -9.2898319E-01
-1.3563694E+00 2.3024819E-01 -1.5617111E+00 -1.1063682E+00 -1.8410260E+00 -9.3671601E-01
-1.3546259E+00 2.4421679E-01 -1.5823901E+00 -1.0957395E+00 -1.8580322E+00 -8.9707490E-01
-1.3226513E+00 2.4525754E-01 -1.5546128E+00 -1.0658531E+00 -1.8190666E+00 -8.6012492E-01
-1.2393675E+00 3.2547402E-01 -1.5407510E+00 -8.9991238E-01 -1.9155312E+00 -6.3554679E-01
-1.1625204E+00 4.6102772E-01 -1.5718238E+00 -6.7028665E-01 -2.0965826E+00 -2.7952297E-01
-1.1040084E+00 6.3820637E-01 -1.6453072E+00 -3.7402614E-01 -2.3893055E+00 8.5114958E-02
-1.0868474E+00 7.3470856E-01 -1.6908097E+00 -2.0494910E-01 -2.5483179E+00 2.5034105E-01
-1.0874214E+00 7.3442236E-01 -1.6937653E+00 -2.0712587E-01 -2.5469717E+00 2.4605142E-01
-1.0894534E+00 8.1525758E-01 -1.7005910E+00 -3.1776839E-02 -2.6742594E+00 3.3763854E-01
-1.0968313E+00 9.0564786E-01 -1.7214711E+00 1.5957551E-01 -2.7956974E+00 4.6293364E-01
-1.0993559E+00 9.0678651E-01 -1.7068331E+00 1.7554778E-01 -2.8082974E+00 4.4074714E-01
-1.1043180E+00 9.3465505E-01 -1.7651592E+00 1.7900238E-01 -2.8272802E+00 5.0000000E-01
