-1.2334982E+00 1.8146609E-01 -1.4034783E+00 -1.0485871E+00 -1.6034891E+00 -8.8215132E-01
-1.2285142E+00 1.5533558E-01 -1.3799927E+00 -1.0761483E+00 -1.5486739E+00 -9.3129147E-01
-1.2262912E+00 1.4850242E-01 -1.3646250E+00 -1.0734319E+00 -1.5316336E+00 -9.4409627E-01
-1.2069608E+00 1.3114351E-01 -1.3289917E+00 -1.0715299E+00 -1.4754711E+00 -9.6061468E-01
-1.1737945E+00 1.6536127E-01 -1.3276797E+00 -9.9958248E-01 -1.5103460E+00 -8.6331148E-01
-1.1522300E+00 1.9757553E-01 -1.3271506E+00 -9.3746733E-01 -1.5661384E+00 -7.9099460E-01
-1.1432890E+00 2.1517669E-01 -1.3334143E+00 -9.1037507E-01 -1.5962475E+00 -7.5031075E-01
-1.1366893E+00 2.1542991E-01 -1.3306932E+00 -9.0313982E-01 -1.5821258E+00 -7.3981604E-01
-1.1089989E+00 2.2392464E-01 -1.3178276E+00 -8.6931666E-01 -1.5631730E+00 -6.9691509E-01
-1.0926408E+00 2.3969818E-01 -1.3174937E+00 -8.3729711E-01 -1.5774367E+00 -6.4660941E-01
-1.0289196E+00 2.4151720E-01 -1.2622817E+00 -7.7628176E-01 -1.5112431E+00 -5.7525581E-01
-9.0591946E-01 3.1605869E-01 -1.2161540E+00 -5.8591818E-01 -1.5346377E+00 -3.0515556E-01
-8.1528741E-01 4.3745887E-01 -1.2068504E+00 -3.3649880E-01 -1.6678244E+00 1.4297334E-02
-7.6658280E-01 5.9635297E-01 -1.2296874E+00 -3.9339722E-02 -1.9234958E+00 3.0808445E-01
-7.6816543E-01 6.8786919E-01 -1.2522961E+00 1.1025022E-01 -2.0738708E+00 4.5223283E-01
-7.7259020E-01 6.8866049E-01 -1.2509169E+00 1.1093004E-01 -2.0969031E+00 4.2221008E-01
-8.0603263E-01 7.7050574E-01 -1.2412214E+00 2.3390338E-01 -2.3134008E+00 4.3242245E-01
-8.4116286E-01 8.6590784E-01 -1.2569338E+00 3.7214748E-01 -2.5027675E+00 5.0000000E-01
-8.4542165E-01 8.6656365E-01 -1.2449742E+00 3.8118570E-01 -2.5205501E+00 4.8427790E-01
-8.5758047E-01 8.9361284E-01 -1.2634201E+00 4.2722217E-01 -2.5675352E+00 5.0000000E-01
