-1.1962496E+00 1.7365291E-01 -1.3701721E+00 -1.0254094E+00 -1.5424378E+00 -8.5870536E-01
-1.1715235E+00 1.4584206E-01 -1.3164011E+00 -1.0280341E+00 -1.4661516E+00 -8.9085819E-01
-1.1617363E+00 1.3849438E-01 -1.2986480E+00 -1.0261844E+00 -1.4419165E+00 -8.9431073E-01
-1.0829933E+00 1.1942757E-01 -1.1943911E+00 -9.5900130E-01 -1.3259752E+00 -8.5739315E-01
-9.4719616E-01 1.5859674E-01 -1.1051160E+00 -7.8974606E-01 -1.2676634E+00 -6.4430937E-01
-8.8227976E-01 1.8407387E-01 -1.0512055E+00 -6.8749863E-01 -1.2621239E+00 -5.4046946E-01
-8.9516745E-01 1.9275284E-01 -1.0646251E+00 -6.8545019E-01 -1.2835218E+00 -5.2947316E-01
-9.2471944E-01 1.9100315E-01 -1.0882566E+00 -7.1359187E-01 -1.3100089E+00 -5.6538746E-01
-9.8294884E-01 1.9705030E-01 -1.1524020E+00 -7.6514528E-01 -1.3996411E+00 -6.2543282E-01
-1.0164772E+00 2.1414418E-01 -1.2122002E+00 -7.8848941E-01 -1.4601656E+00 -6.1835231E-01
-1.1115239E+00 2.2812988E-01 -1.3401410E+00 -8.8720200E-01 -1.5661299E+00 -6.7241467E-01
-1.2788156E+00 3.2357689E-01 -1.5955112E+00 -9.6027861E-01 -1.9318194E+00 -6.5272153E-01
-1.3993142E+00 4.5577712E-01 -1.8336858E+00 -9.1908120E-01 -2.3231150E+00 -5.4039748E-01
-1.4831828E+00 6.2774388E-01 -2.0825131E+00 -7.8799367E-01 -2.7344352E+00 -3.2351249E-01
-1.5087831E+00 7.2767120E-01 -2.2184023E+00 -6.9019910E-01 -2.9230678E+00 -1.7498208E-01
-1.5052093E+00 7.3015006E-01 -2.2204392E+00 -6.8398610E-01 -2.9155162E+00 -1.6790901E-01
-1.5156527E+00 8.1970644E-01 -2.3486979E+00 -5.7464848E-01 -3.0429754E+00 -2.5455904E-02
-1.5202052E+00 9.1857957E-01 -2.5382003E+00 -5.2241710E-01 -3.2144899E+00 1.5694628E-01
-1.5192621E+00 9.2165564E-01 -2.5409086E+00 -5.1784342E-01 -3.2563092E+00 1.1438612E-01
-1.5193449E+00 9.5280560E-01 -2.5739278E+00 -4.8224726E-01 -3.5000000E+00 5.0000000E-01
