-1.0772400E+00 1.6862497E-01 -1.2430484E+00 -9.0849405E-01 -1.4081756E+00 -7.4250851E-01
-1.0531209E+00 1.4116214E-01 -1.1929483E+00 -9.1269642E-01 -1.3278727E+00 -7.7501018E-01
-1.0435863E+00 1.3466729E-01 -1.1780100E+00 -9.1088836E-01 -1.3067449E+00 -7.7968073E-01
-9.6893102E-01 1.1552164E-01 -1.0825664E+00 -8.5537347E-01 -1.1996970E+00 -7.4283573E-01
-8.3997090E-01 1.4874866E-01 -9.8708016E-01 -6.9380647E-01 -1.1375569E+00 -5.5295945E-01
-7.7745339E-01 1.6789615E-01 -9.2670490E-01 -5.9823431E-01 -1.1272043E+00 -4.6903082E-01
-7.9191212E-01 1.7859707E-01 -9.4608746E-01 -5.9765716E-01 -1.1705241E+00 -4.6938372E-01
-8.2188124E-01 1.7644610E-01 -9.7066732E-01 -6.2842895E-01 -1.1783618E+00 -4.8891297E-01
-8.9609615E-01 1.8404500E-01 -1.0558743E+00 -6.9408998E-01 -1.2641594E+00 -5.4845589E-01
-9.3874861E-01 2.0180696E-01 -1.1227388E+00 -7.2469037E-01 -1.3582227E+00 -5.6935212E-01
-1.0931272E+00 2.2004026E-01 -1.2990954E+00 -8.6687685E-01 -1.5384558E+00 -6.7584461E-01
-1.4035060E+00 3.2439075E-01 -1.7236800E+00 -1.0819565E+00 -2.0601449E+00 -7.8593425E-01
-1.6713567E+00 4.5392359E-01 -2.1246645E+00 -1.2124218E+00 -2.5581099E+00 -7.8861927E-01
-1.8899307E+00 6.0554773E-01 -2.5490932E+00 -1.3131165E+00 -3.0056837E+00 -6.6139960E-01
-1.9702312E+00 6.8989966E-01 -2.7661374E+00 -1.3410941E+00 -3.2669450E+00 -6.4651103E-01
-1.9679340E+00 6.9168287E-01 -2.7721252E+00 -1.3425780E+00 -3.2619178E+00 -6.4515496E-01
-2.0003791E+00 7.6580873E-01 -2.9832401E+00 -1.4056707E+00 -3.3473025E+00 -5.5058462E-01
-2.0148984E+00 8.5622028E-01 -3.1815011E+00 -1.4235515E+00 -3.4909825E+00 -4.4999879E-01
-2.0134710E+00 8.5781745E-01 -3.1977850E+00 -1.4353088E+00 -3.4592752E+00 -4.2679762E-01
-2.0158095E+00 8.8697586E-01 -3.2150521E+00 -1.3917872E+00 -3.5000000E+00 -4.0147783E-01
