-1.5602911E+00 1.8684922E-01 -1.7366468E+00 -1.3676342E+00 -1.9374096E+00 -1.2069775E+00
-1.5171708E+00 1.6139519E-01 -1.6666696E+00 -1.3478884E+00 -1.8473067E+00 -1.2170617E+00
-1.5019169E+00 1.5696573E-01 -1.6444529E+00 -1.3353806E+00 -1.8252663E+00 -1.2126088E+00
-1.3661917E+00 1.3967414E-01 -1.4927150E+00 -1.2157760E+00 -1.6430733E+00 -1.1011826E+00
-1.1017122E+00 1.7210743E-01 -1.2576343E+00 -9.1869534E-01 -1.4597947E+00 -7.8196889E-01
-9.0550021E-01 1.9125680E-01 -1.0768980E+00 -6.9666571E-01 -1.3044024E+00 -5.5622247E-01
-8.5616418E-01 1.9894894E-01 -1.0324376E+00 -6.3893030E-01 -1.2689590E+00 -4.9273381E-01
-8.7010549E-01 1.9745691E-01 -1.0463017E+00 -6.5868009E-01 -1.2847098E+00 -5.0943203E-01
-8.8398642E-01 2.0408664E-01 -1.0627432E+00 -6.6508537E-01 -1.3165954E+00 -5.0997227E-01
-8.9880618E-01 2.2147830E-01 -1.0986004E+00 -6.6234946E-01 -1.3587395E+00 -4.9043484E-01
-9.2607357E-01 2.3092944E-01 -1.1546232E+00 -6.9603276E-01 -1.3889053E+00 -4.8310221E-01
-9.7134313E-01 3.2151307E-01 -1.2693955E+00 -6.3563140E-01 -1.6317743E+00 -3.6579795E-01
-1.0089995E+00 4.4875759E-01 -1.4183959E+00 -5.2983932E-01 -1.8913365E+00 -1.4804908E-01
-1.0486792E+00 6.0944735E-01 -1.5799006E+00 -3.4621613E-01 -2.2360652E+00 9.1086199E-02
-1.0721111E+00 7.0533868E-01 -1.6658779E+00 -2.2154178E-01 -2.4508876E+00 2.1645689E-01
-1.0725705E+00 7.0990154E-01 -1.6685170E+00 -2.1352514E-01 -2.4618946E+00 2.2079308E-01
-1.1047321E+00 7.9936312E-01 -1.7245504E+00 -7.5277692E-02 -2.6640771E+00 2.8988515E-01
-1.1337872E+00 8.9692022E-01 -1.8157128E+00 5.0793301E-02 -2.8261904E+00 4.3283925E-01
-1.1334325E+00 8.9715345E-01 -1.8245771E+00 4.3070748E-02 -2.8223625E+00 4.2714299E-01
-1.1397224E+00 9.2606207E-01 -1.8542804E+00 8.0267539E-02 -2.8348897E+00 5.0000000E-01
