-1.6190746E+00 1.9224697E-01 -1.7937950E+00 -1.4211475E+00 -2.0183895E+00 -1.2580411E+00
-1.5836161E+00 1.6948317E-01 -1.7342261E+00 -1.4080531E+00 -1.9421390E+00 -1.2691293E+00
-1.5759342E+00 1.6400066E-01 -1.7197850E+00 -1.4048730E+00 -1.9255392E+00 -1.2733903E+00
-1.4443203E+00 1.5067751E-01 -1.5723386E+00 -1.2817855E+00 -1.7457940E+00 -1.1577847E+00
-1.1460450E+00 1.8294405E-01 -1.3127354E+00 -9.5196913E-01 -1.5262502E+00 -8.0998185E-01
-8.6555822E-01 1.9845159E-01 -1.0396234E+00 -6.4585686E-01 -1.2789981E+00 -5.0962669E-01
-7.5653412E-01 2.0351101E-01 -9.3015212E-01 -5.2944604E-01 -1.1671492E+00 -3.7952461E-01
-7.4382555E-01 2.0098986E-01 -9.1482565E-01 -5.2160687E-01 -1.1520608E+00 -3.7154769E-01
-7.1242197E-01 2.0488207E-01 -8.9544441E-01 -4.9117757E-01 -1.1381570E+00 -3.3750815E-01
-7.0374311E-01 2.1983662E-01 -9.0925770E-01 -4.6925351E-01 -1.1514420E+00 -2.9223184E-01
-7.0122570E-01 2.2743227E-01 -9.3022688E-01 -4.7404824E-01 -1.1483819E+00 -2.6200018E-01
-7.4495564E-01 3.1696177E-01 -1.0603735E+00 -4.2795067E-01 -1.3759931E+00 -1.3625911E-01
-8.3889037E-01 4.4225229E-01 -1.2830406E+00 -3.9245668E-01 -1.7233084E+00 5.3037280E-04
-9.7454623E-01 6.0387134E-01 -1.5580056E+00 -3.0639666E-01 -2.1348255E+00 1.6752316E-01
-1.0579377E+00 6.9957256E-01 -1.7246908E+00 -2.5466083E-01 -2.3895952E+00 2.4028084E-01
-1.0630551E+00 7.0206976E-01 -1.7295949E+00 -2.5298656E-01 -2.3993981E+00 2.3702366E-01
-1.1492702E+00 7.9253236E-01 -1.8629884E+00 -1.7007503E-01 -2.6373532E+00 2.6412964E-01
-1.2174648E+00 8.9340147E-01 -2.0288029E+00 -1.0927860E-01 -2.8486978E+00 3.9211710E-01
-1.2175646E+00 8.9572119E-01 -2.0388662E+00 -1.1181703E-01 -2.8413872E+00 3.9485030E-01
-1.2349338E+00 9.2743979E-01 -2.0863780E+00 -8.8221935E-02 -2.8489626E+00 4.9877368E-01
