-8.7821921E-01 1.7372096E-01 -1.0485044E+00 -7.0767612E-01 -1.2206778E+00 -5.3489052E-01
-8.9639490E-01 1.4589466E-01 -1.0399903E+00 -7.5291463E-01 -1.1871140E+00 -6.1245569E-01
-9.0397135E-01 1.3993249E-01 -1.0417653E+00 -7.6650140E-01 -1.1838772E+00 -6.3112027E-01
-9.5338648E-01 1.1834365E-01 -1.0637993E+00 -8.3086149E-01 -1.1951072E+00 -7.2824813E-01
-1.0240288E+00 1.5660150E-01 -1.1626254E+00 -8.5925129E-01 -1.3524232E+00 -7.3243585E-01
-1.0385505E+00 1.8872684E-01 -1.1960234E+00 -8.3261995E-01 -1.4426162E+00 -6.9713871E-01
-1.0152293E+00 2.0566967E-01 -1.1878995E+00 -7.8985217E-01 -1.4330317E+00 -6.2768056E-01
-9.8932476E-01 2.0776629E-01 -1.1629791E+00 -7.6035277E-01 -1.4055257E+00 -5.9713076E-01
-9.5386503E-01 2.1896663E-01 -1.1398987E+00 -7.1372489E-01 -1.3881336E+00 -5.3860553E-01
-9.3065323E-01 2.3782775E-01 -1.1407351E+00 -6.7358200E-01 -1.3987433E+00 -4.7903975E-01
-9.3369056E-01 2.4103563E-01 -1.1548137E+00 -6.7981708E-01 -1.4340823E+00 -4.8432179E-01
-1.0122167E+00 3.1728537E-01 -1.3125613E+00 -6.8291008E-01 -1.6532788E+00 -4.1105368E-01
-1.1528507E+00 4.5215293E-01 -1.6061271E+00 -7.0619272E-01 -2.0608266E+00 -2.7266007E-01
-1.3351647E+00 6.3207933E-01 -1.9819926E+00 -6.8960719E-01 -2.5530400E+00 -1.0583704E-01
-1.4324576E+00 7.3409517E-01 -2.2049533E+00 -6.6060008E-01 -2.8060066E+00 -2.1637173E-02
-1.4369665E+00 7.3674303E-01 -2.2156371E+00 -6.6061358E-01 -2.8107521E+00 -2.8206213E-02
-1.5139248E+00 8.2835941E-01 -2.4724342E+00 -6.7260685E-01 -3.0012279E+00 4.9607036E-02
-1.5660868E+00 9.2888755E-01 -2.6733123E+00 -6.3880353E-01 -3.2532510E+00 1.4793924E-01
-1.5632866E+00 9.3011574E-01 -2.6582675E+00 -6.2148100E-01 -3.2592094E+00 1.4341884E-01
-1.5757983E+00 9.6041372E-01 -2.6884765E+00 -5.8780271E-01 -3.5000000E+00 5.0000000E-01
