-1.0823385E+00 1.7293598E-01 -1.2534342E+00 -9.1033797E-01 -1.4265749E+00 -7.4958582E-01
-1.0765880E+00 1.4657143E-01 -1.2211825E+00 -9.3215960E-01 -1.3666908E+00 -7.9306128E-01
-1.0741543E+00 1.4106087E-01 -1.2147405E+00 -9.3448299E-01 -1.3522515E+00 -8.0251606E-01
-1.0619885E+00 1.2024690E-01 -1.1813038E+00 -9.4292497E-01 -1.3032489E+00 -8.3062328E-01
-1.0356686E+00 1.5578474E-01 -1.1797242E+00 -8.7330441E-01 -1.3591220E+00 -7.4074655E-01
-1.0032240E+00 1.8497905E-01 -1.1626191E+00 -8.0386285E-01 -1.3788645E+00 -6.5177700E-01
-9.8497650E-01 2.0208936E-01 -1.1571686E+00 -7.6467152E-01 -1.3908568E+00 -6.0333845E-01
-9.7601128E-01 2.0416393E-01 -1.1487924E+00 -7.5073430E-01 -1.3860534E+00 -5.9387383E-01
-9.6757530E-01 2.1524022E-01 -1.1573069E+00 -7.3229190E-01 -1.4156312E+00 -5.7521733E-01
-9.5921433E-01 2.3122321E-01 -1.1705943E+00 -7.1128648E-01 -1.4364063E+00 -5.3328622E-01
-9.8984896E-01 2.3322875E-01 -1.2104355E+00 -7.4770954E-01 -1.4645624E+00 -5.4867041E-01
-1.1089751E+00 3.1851411E-01 -1.4050940E+00 -7.7432599E-01 -1.7549651E+00 -5.1382868E-01
-1.2682635E+00 4.5552444E-01 -1.6942110E+00 -7.8582208E-01 -2.2069371E+00 -4.2153142E-01
-1.4470661E+00 6.3047660E-01 -2.0956716E+00 -7.9785820E-01 -2.6722473E+00 -2.3808695E-01
-1.5353974E+00 7.3148855E-01 -2.3321361E+00 -7.9691582E-01 -2.8908422E+00 -1.2503408E-01
-1.5375684E+00 7.3438370E-01 -2.3415057E+00 -7.9623685E-01 -2.8937442E+00 -1.2290907E-01
-1.6064106E+00 8.2771368E-01 -2.6103359E+00 -8.1249695E-01 -3.0789187E+00 -6.9408149E-02
-1.6555257E+00 9.2835520E-01 -2.8069226E+00 -7.6164581E-01 -3.3071719E+00 2.7907018E-02
-1.6552295E+00 9.3072798E-01 -2.8048444E+00 -7.5491636E-01 -3.3185277E+00 2.0282627E-02
-1.6653495E+00 9.6374911E-01 -2.8560686E+00 -7.3119939E-01 -3.4523954E+00 1.9017906E-02
