-1.1635451E+00 1.6834309E-01 -1.3315702E+00 -9.9524055E-01 -1.4980035E+00 -8.3904956E-01
-1.1363744E+00 1.4045497E-01 -1.2772820E+00 -9.9542689E-01 -1.4174577E+00 -8.7036709E-01
-1.1275474E+00 1.3368560E-01 -1.2620371E+00 -9.9289210E-01 -1.3944530E+00 -8.7518226E-01
-1.0284354E+00 1.1270250E-01 -1.1349410E+00 -9.1162033E-01 -1.2553287E+00 -8.1411744E-01
-8.3789673E-01 1.4593261E-01 -9.7512009E-01 -6.8498019E-01 -1.1349096E+00 -5.6391293E-01
-7.2157210E-01 1.5681375E-01 -8.6792748E-01 -5.5697833E-01 -1.0377897E+00 -4.2637968E-01
-7.2412398E-01 1.6012401E-01 -8.7362484E-01 -5.5871232E-01 -1.0498145E+00 -4.2129309E-01
-7.6075298E-01 1.5803589E-01 -9.0666907E-01 -5.9571838E-01 -1.0867942E+00 -4.6272582E-01
-8.5178973E-01 1.6893449E-01 -1.0081452E+00 -6.7527030E-01 -1.2003271E+00 -5.3433031E-01
-9.0211919E-01 1.8730463E-01 -1.0877507E+00 -7.1455606E-01 -1.2817160E+00 -5.4845034E-01
-1.1085305E+00 2.1169931E-01 -1.3202111E+00 -8.9436745E-01 -1.5310537E+00 -7.0644811E-01
-1.5324610E+00 3.1049760E-01 -1.8242045E+00 -1.2139610E+00 -2.1662668E+00 -9.3479058E-01
-1.8982941E+00 4.1813534E-01 -2.3193650E+00 -1.4765383E+00 -2.7228098E+00 -1.0864497E+00
-2.1914616E+00 5.4244814E-01 -2.8074190E+00 -1.6914650E+00 -3.2109809E+00 -1.1465149E+00
-2.2911007E+00 6.1294876E-01 -3.0387785E+00 -1.7877499E+00 -3.4252357E+00 -1.1391477E+00
-2.2873348E+00 6.1378920E-01 -3.0421117E+00 -1.7923782E+00 -3.4086285E+00 -1.1272247E+00
-2.3135616E+00 6.7531772E-01 -3.2046959E+00 -1.8810338E+00 -3.4373663E+00 -1.0240518E+00
-2.3163620E+00 7.5692696E-01 -3.3672241E+00 -1.9288654E+00 -3.5000000E+00 -9.0544847E-01
-2.3136642E+00 7.5804414E-01 -3.3785585E+00 -1.9486463E+00 -3.4711237E+00 -8.7801952E-01
-2.3141765E+00 7.8614480E-01 -3.4442302E+00 -1.9525354E+00 -3.5000000E+00 -8.4586275E-01
