-1.1277635E+00 1.8407356E-01 -1.3122839E+00 -9.4361156E-01 -1.4920063E+00 -7.7601128E-01
-1.1470198E+00 1.5917051E-01 -1.3076714E+00 -9.8701458E-01 -1.4675928E+00 -8.4852032E-01
-1.1582170E+00 1.5283953E-01 -1.3017152E+00 -9.9785953E-01 -1.4715425E+00 -8.7339406E-01
-1.2123950E+00 1.3332554E-01 -1.3308043E+00 -1.0706239E+00 -1.4870304E+00 -9.6381557E-01
-1.2733470E+00 1.6893852E-01 -1.4429557E+00 -1.1046602E+00 -1.6156475E+00 -9.5772105E-01
-1.2399873E+00 2.0239480E-01 -1.4245978E+00 -1.0217143E+00 -1.6589454E+00 -8.6924440E-01
-1.1707910E+00 2.1860369E-01 -1.3680750E+00 -9.3386303E-01 -1.6198807E+00 -7.7185214E-01
-1.1210148E+00 2.1965512E-01 -1.3170352E+00 -8.8126823E-01 -1.5728320E+00 -7.1886673E-01
-1.0197445E+00 2.3005937E-01 -1.2330914E+00 -7.7685675E-01 -1.4879511E+00 -5.8702939E-01
-9.6558686E-01 2.4660514E-01 -1.2122578E+00 -7.1888072E-01 -1.4570430E+00 -4.9411221E-01
-8.3019356E-01 2.5090287E-01 -1.0785660E+00 -5.7935759E-01 -1.3304082E+00 -3.4282399E-01
-6.3068027E-01 3.1036205E-01 -9.1342535E-01 -3.0144862E-01 -1.2636848E+00 -4.8209096E-02
-5.4417797E-01 4.1062486E-01 -8.8742411E-01 -9.2098346E-02 -1.3537794E+00 2.3509029E-01
-5.6406090E-01 5.5736932E-01 -9.7536353E-01 9.7920472E-02 -1.6232275E+00 4.4854980E-01
-6.1766396E-01 6.4457165E-01 -1.0579393E+00 1.9143130E-01 -1.8195199E+00 5.0000000E-01
-6.2897908E-01 6.4605889E-01 -1.0576451E+00 1.9028526E-01 -1.8607413E+00 4.7888195E-01
-7.1028835E-01 7.2732799E-01 -1.1205431E+00 2.5606978E-01 -2.1198340E+00 4.6584974E-01
-7.7940263E-01 8.2525785E-01 -1.1811558E+00 3.7007123E-01 -2.3541015E+00 5.0000000E-01
-7.8205592E-01 8.2812384E-01 -1.1667965E+00 3.8404372E-01 -2.3712037E+00 4.8923069E-01
-8.0095817E-01 8.5977584E-01 -1.1823909E+00 4.4731482E-01 -2.4334836E+00 5.0000000E-01
