-1.4419889E+00 1.8070247E-01 -1.6133825E+00 -1.2535162E+00 -1.8024585E+00 -1.0979189E+00
-1.3834209E+00 1.5746580E-01 -1.5287786E+00 -1.2166921E+00 -1.7050504E+00 -1.0907155E+00
-1.3596541E+00 1.5257976E-01 -1.4978784E+00 -1.1958187E+00 -1.6738186E+00 -1.0798001E+00
-1.1703819E+00 1.3529519E-01 -1.2854797E+00 -1.0221483E+00 -1.4426552E+00 -9.1616264E-01
-8.3089483E-01 1.6449101E-01 -9.8094456E-01 -6.6237324E-01 -1.1571873E+00 -5.0627837E-01
-6.2664084E-01 1.8075420E-01 -7.8795144E-01 -4.3445777E-01 -1.0031384E+00 -2.9299657E-01
-6.0918429E-01 1.8545389E-01 -7.7520352E-01 -4.1163802E-01 -9.9815592E-01 -2.6993771E-01
-6.4981051E-01 1.8055647E-01 -8.0968543E-01 -4.5479256E-01 -1.0127800E+00 -3.0566253E-01
-7.1982753E-01 1.8281833E-01 -8.8619073E-01 -5.2381857E-01 -1.0984746E+00 -3.8174400E-01
-7.6247052E-01 1.9844857E-01 -9.4858407E-01 -5.5567117E-01 -1.1659915E+00 -3.8809461E-01
-8.8533538E-01 2.1575688E-01 -1.0957307E+00 -6.7302700E-01 -1.3206351E+00 -4.6663757E-01
-1.1079119E+00 3.2509199E-01 -1.4255842E+00 -7.8484715E-01 -1.7543851E+00 -4.7024958E-01
-1.2764624E+00 4.6431404E-01 -1.7191242E+00 -8.0237327E-01 -2.2065659E+00 -3.7746247E-01
-1.3989893E+00 6.3430484E-01 -2.0075761E+00 -7.2176101E-01 -2.6715767E+00 -1.9987895E-01
-1.4379979E+00 7.2987025E-01 -2.1508854E+00 -6.3978046E-01 -2.8842915E+00 -7.5275708E-02
-1.4351489E+00 7.3207359E-01 -2.1568123E+00 -6.3692094E-01 -2.8803878E+00 -6.7702603E-02
-1.4462425E+00 8.1893841E-01 -2.2716949E+00 -5.1723599E-01 -3.0102036E+00 4.9058515E-02
-1.4472505E+00 9.1621177E-01 -2.3832202E+00 -3.8757531E-01 -3.1851375E+00 1.9405932E-01
-1.4438238E+00 9.1617273E-01 -2.3786166E+00 -3.8289494E-01 -3.1835791E+00 1.9705043E-01
-1.4400247E+00 9.4672974E-01 -2.4128002E+00 -3.4663503E-01 -3.5000000E+00 5.0000000E-01
