-1.1784244E+00 1.7600851E-01 -1.3500688E+00 -1.0026500E+00 -1.5249636E+00 -8.3329215E-01
-1.1928356E+00 1.4828880E-01 -1.3371984E+00 -1.0455518E+00 -1.4875190E+00 -9.0576025E-01
-1.2111187E+00 1.4146358E-01 -1.3491585E+00 -1.0719494E+00 -1.4958617E+00 -9.3989308E-01
-1.2217307E+00 1.1964216E-01 -1.3373505E+00 -1.1036706E+00 -1.4712004E+00 -9.9757509E-01
-1.1377591E+00 1.5698626E-01 -1.2779679E+00 -9.7326201E-01 -1.4524449E+00 -8.3012174E-01
-9.3406069E-01 1.8425626E-01 -1.0917040E+00 -7.3942538E-01 -1.3036433E+00 -5.7850997E-01
-7.9849537E-01 1.9832874E-01 -9.5704507E-01 -5.8374704E-01 -1.2090804E+00 -4.2702607E-01
-7.4828320E-01 1.9894693E-01 -9.0226048E-01 -5.2896216E-01 -1.1691503E+00 -3.8377489E-01
-6.7979455E-01 2.0808924E-01 -8.4939787E-01 -4.4969800E-01 -1.1084349E+00 -2.9210500E-01
-6.5006777E-01 2.2478997E-01 -8.4102051E-01 -4.0360411E-01 -1.1054430E+00 -2.2567037E-01
-6.9374441E-01 2.2711308E-01 -9.0621525E-01 -4.5598371E-01 -1.1592376E+00 -2.6719377E-01
-9.0719128E-01 3.0749040E-01 -1.2092682E+00 -6.0031430E-01 -1.5269792E+00 -3.2244939E-01
-1.2005635E+00 4.4699547E-01 -1.6438111E+00 -7.5399716E-01 -2.0712905E+00 -3.1926280E-01
-1.5268792E+00 6.3083546E-01 -2.2369287E+00 -9.5246722E-01 -2.7050270E+00 -2.8538970E-01
-1.6868799E+00 7.3426670E-01 -2.5653128E+00 -1.0578622E+00 -3.0180527E+00 -2.3660606E-01
-1.6935649E+00 7.3816044E-01 -2.5826060E+00 -1.0651050E+00 -3.0237722E+00 -2.3434904E-01
-1.8061826E+00 8.2622773E-01 -2.8944330E+00 -1.1925724E+00 -3.2149639E+00 -1.9277654E-01
-1.8823370E+00 9.2013459E-01 -3.1917963E+00 -1.2880800E+00 -3.4364671E+00 -1.5769565E-01
-1.8813923E+00 9.2031439E-01 -3.2166193E+00 -1.3118012E+00 -3.4215834E+00 -1.5822008E-01
-1.8995064E+00 9.4822184E-01 -3.2481339E+00 -1.2750026E+00 -3.5000000E+00 -1.7451174E-01
