-1.0363509E+00 1.6558101E-01 -1.2038806E+00 -8.7235643E-01 -1.3612837E+00 -7.1634477E-01
-1.0095205E+00 1.3484548E-01 -1.1444378E+00 -8.7507727E-01 -1.2772818E+00 -7.5083723E-01
-9.9758915E-01 1.2626424E-01 -1.1239771E+00 -8.7113667E-01 -1.2471220E+00 -7.5414789E-01
-9.1202935E-01 1.0487375E-01 -1.0165157E+00 -8.0667807E-01 -1.1179229E+00 -7.1060850E-01
-7.6501773E-01 1.3940190E-01 -9.0237804E-01 -6.2645998E-01 -1.0487769E+00 -4.9941891E-01
-6.9202659E-01 1.5376354E-01 -8.4338300E-01 -5.3998620E-01 -1.0012545E+00 -3.9960080E-01
-7.0497205E-01 1.5791336E-01 -8.4639959E-01 -5.3768299E-01 -1.0360211E+00 -4.1309232E-01
-7.3460640E-01 1.5444235E-01 -8.6974072E-01 -5.6976404E-01 -1.0471100E+00 -4.3876589E-01
-8.2155456E-01 1.6479613E-01 -9.7357236E-01 -6.4740962E-01 -1.1600137E+00 -5.1600737E-01
-8.6784625E-01 1.8410645E-01 -1.0501449E+00 -6.8325009E-01 -1.2369786E+00 -5.1744138E-01
-1.0826454E+00 2.0911110E-01 -1.2881570E+00 -8.7374786E-01 -1.4990615E+00 -6.7891124E-01
-1.5375500E+00 3.1546092E-01 -1.8327580E+00 -1.2054323E+00 -2.1674271E+00 -9.3692061E-01
-1.9399534E+00 4.2205503E-01 -2.3683886E+00 -1.5150532E+00 -2.7492693E+00 -1.1153633E+00
-2.2686434E+00 5.3325868E-01 -2.8817685E+00 -1.8081218E+00 -3.2654911E+00 -1.2395495E+00
-2.3848737E+00 5.9244745E-01 -3.1064551E+00 -1.9295041E+00 -3.4636518E+00 -1.2752242E+00
-2.3802710E+00 5.9314126E-01 -3.1055306E+00 -1.9283630E+00 -3.4385585E+00 -1.2530659E+00
-2.4173006E+00 6.4061691E-01 -3.2676676E+00 -2.0453589E+00 -3.4629079E+00 -1.1927298E+00
-2.4253536E+00 7.1056119E-01 -3.4019566E+00 -2.0890108E+00 -3.5000000E+00 -1.0867614E+00
-2.4204637E+00 7.1273230E-01 -3.4046125E+00 -2.1000858E+00 -3.4796388E+00 -1.0601800E+00
-2.4191681E+00 7.3915375E-01 -3.4757825E+00 -2.1180241E+00 -3.5000000E+00 -1.0213085E+00
