-9.9130250E-01 1.7567875E-01 -1.1674516E+00 -8.1552666E-01 -1.3364799E+00 -6.5133509E-01
-9.9420794E-01 1.4765225E-01 -1.1420364E+00 -8.4739698E-01 -1.2861673E+00 -7.0819050E-01
-9.9566840E-01 1.4041427E-01 -1.1362511E+00 -8.5601389E-01 -1.2762941E+00 -7.2635906E-01
-1.0136455E+00 1.2220922E-01 -1.1280941E+00 -8.8670988E-01 -1.2628317E+00 -7.8335923E-01
-1.0378027E+00 1.6310458E-01 -1.1929259E+00 -8.6952268E-01 -1.3662006E+00 -7.2751849E-01
-1.0391366E+00 1.9128776E-01 -1.2072534E+00 -8.3561517E-01 -1.4258876E+00 -6.7005333E-01
-1.0282356E+00 2.0436861E-01 -1.2013463E+00 -8.0179057E-01 -1.4427656E+00 -6.4591422E-01
-1.0167013E+00 2.0518536E-01 -1.1911387E+00 -7.8640617E-01 -1.4312881E+00 -6.3435233E-01
-9.9846563E-01 2.1281088E-01 -1.1817464E+00 -7.6227528E-01 -1.4285121E+00 -5.9506165E-01
-9.8706213E-01 2.2722302E-01 -1.1876138E+00 -7.4082225E-01 -1.4661292E+00 -5.6903169E-01
-9.8328415E-01 2.2668469E-01 -1.2073304E+00 -7.5787253E-01 -1.4382641E+00 -5.4726280E-01
-1.0154916E+00 3.0582053E-01 -1.3155019E+00 -7.1103794E-01 -1.6313905E+00 -4.3027617E-01
-1.0905287E+00 4.4057011E-01 -1.5067851E+00 -6.3114042E-01 -1.9945909E+00 -2.6659340E-01
-1.2018514E+00 6.2070064E-01 -1.7929066E+00 -5.2029750E-01 -2.4520249E+00 -5.8083171E-02
-1.2680912E+00 7.2564447E-01 -1.9627415E+00 -4.4205896E-01 -2.7108699E+00 4.9859621E-02
-1.2722695E+00 7.2911145E-01 -1.9687786E+00 -4.3773226E-01 -2.6774321E+00 8.4278515E-02
-1.3345719E+00 8.2692000E-01 -2.1131889E+00 -3.3230163E-01 -2.8844789E+00 1.5933060E-01
-1.3824126E+00 9.3077808E-01 -2.2940703E+00 -2.5610310E-01 -3.0988874E+00 3.0040855E-01
-1.3832764E+00 9.2983385E-01 -2.2988192E+00 -2.6207278E-01 -3.0834239E+00 3.0305830E-01
-1.3942326E+00 9.6017763E-01 -2.3526297E+00 -2.4620503E-01 -3.5000000E+00 5.0000000E-01
