-1.0125379E+00 1.6245368E-01 -1.1747956E+00 -8.5083880E-01 -1.3290918E+00 -6.9693797E-01
-1.0039040E+00 1.3509161E-01 -1.1379710E+00 -8.6932913E-01 -1.2707048E+00 -7.4458267E-01
-1.0022875E+00 1.2787976E-01 -1.1297369E+00 -8.7493722E-01 -1.2532348E+00 -7.5687815E-01
-9.6906746E-01 1.0996284E-01 -1.0780459E+00 -8.5949808E-01 -1.1907287E+00 -7.6098912E-01
-8.9713884E-01 1.4593908E-01 -1.0389361E+00 -7.5359536E-01 -1.1950123E+00 -6.1438669E-01
-8.4808612E-01 1.6211613E-01 -9.9615113E-01 -6.7842244E-01 -1.1834486E+00 -5.4348949E-01
-8.4925975E-01 1.6913918E-01 -1.0035914E+00 -6.7440289E-01 -1.2020977E+00 -5.3144796E-01
-8.6504942E-01 1.6866810E-01 -1.0168272E+00 -6.8941011E-01 -1.2010416E+00 -5.3511129E-01
-9.2457185E-01 1.8047712E-01 -1.0836002E+00 -7.3112381E-01 -1.2845663E+00 -5.7629516E-01
-9.5626105E-01 2.0013753E-01 -1.1352804E+00 -7.4142807E-01 -1.3541706E+00 -5.7306865E-01
-1.1193335E+00 2.2252155E-01 -1.3196989E+00 -8.8177741E-01 -1.5824088E+00 -7.1084215E-01
-1.4734089E+00 3.2640166E-01 -1.7724888E+00 -1.1326609E+00 -2.1455486E+00 -8.5612509E-01
-1.7979828E+00 4.4406004E-01 -2.2477623E+00 -1.3570926E+00 -2.6701973E+00 -9.3481834E-01
-2.0729932E+00 5.7892139E-01 -2.7186119E+00 -1.5389523E+00 -3.1644438E+00 -9.5807199E-01
-2.1740460E+00 6.5586485E-01 -2.9690536E+00 -1.6356512E+00 -3.3713728E+00 -9.1891311E-01
-2.1701485E+00 6.5835028E-01 -2.9744549E+00 -1.6401938E+00 -3.3634636E+00 -9.0585930E-01
-2.2023077E+00 7.2838734E-01 -3.1645092E+00 -1.7262252E+00 -3.4223723E+00 -8.0140564E-01
-2.2082631E+00 8.1453092E-01 -3.3495544E+00 -1.7806776E+00 -3.5000000E+00 -6.8472112E-01
-2.2051423E+00 8.1553380E-01 -3.3650003E+00 -1.8008989E+00 -3.4706787E+00 -6.6214566E-01
-2.2053548E+00 8.4445027E-01 -3.4297392E+00 -1.8054187E+00 -3.5000000E+00 -6.2621099E-01
