-1.2037107E+00 1.6608051E-01 -1.3701432E+00 -1.0379559E+00 -1.5323652E+00 -8.8227667E-01
-1.1818101E+00 1.3892253E-01 -1.3166369E+00 -1.0387441E+00 -1.4561456E+00 -9.1418474E-01
-1.1805886E+00 1.3189503E-01 -1.3146123E+00 -1.0497337E+00 -1.4388490E+00 -9.2621755E-01
-1.0956472E+00 1.1153842E-01 -1.2013825E+00 -9.8108602E-01 -1.3189487E+00 -8.8106951E-01
-8.9849351E-01 1.4253175E-01 -1.0402966E+00 -7.5845840E-01 -1.1852799E+00 -6.2455993E-01
-7.3238502E-01 1.5513821E-01 -8.7721486E-01 -5.7144719E-01 -1.0489146E+00 -4.4015172E-01
-6.9469467E-01 1.5878997E-01 -8.4156753E-01 -5.2622881E-01 -1.0182605E+00 -3.9952262E-01
-7.1483886E-01 1.5675681E-01 -8.5576456E-01 -5.4657908E-01 -1.0388856E+00 -4.2640532E-01
-7.8783924E-01 1.6737053E-01 -9.3999362E-01 -6.1034833E-01 -1.1202125E+00 -4.6508350E-01
-8.3481969E-01 1.8746303E-01 -1.0057423E+00 -6.3734535E-01 -1.2057940E+00 -4.7309567E-01
-1.0398597E+00 2.1190372E-01 -1.2342988E+00 -8.1761975E-01 -1.4728971E+00 -6.4083637E-01
-1.4669942E+00 3.1710155E-01 -1.7628463E+00 -1.1343609E+00 -2.1050444E+00 -8.6247720E-01
-1.8327019E+00 4.2862675E-01 -2.2669474E+00 -1.3994568E+00 -2.6632974E+00 -1.0065384E+00
-2.1238948E+00 5.5159974E-01 -2.7456718E+00 -1.6202185E+00 -3.1627551E+00 -1.0484800E+00
-2.2268354E+00 6.2083767E-01 -2.9748384E+00 -1.7117381E+00 -3.3688692E+00 -1.0364386E+00
-2.2236518E+00 6.2273649E-01 -2.9773749E+00 -1.7097563E+00 -3.3611875E+00 -1.0337516E+00
-2.2585613E+00 6.8410966E-01 -3.1703581E+00 -1.8042588E+00 -3.4081017E+00 -9.4728618E-01
-2.2682587E+00 7.6500293E-01 -3.3538116E+00 -1.8567841E+00 -3.5000000E+00 -8.5174757E-01
-2.2658936E+00 7.6566191E-01 -3.3710262E+00 -1.8828497E+00 -3.4662499E+00 -8.2200108E-01
-2.2676034E+00 7.9166381E-01 -3.4158276E+00 -1.8682436E+00 -3.5000000E+00 -7.9712095E-01
