-9.1304698E-01 1.8203368E-01 -1.0947097E+00 -7.3119466E-01 -1.2678682E+00 -5.5576920E-01
-9.3251056E-01 1.5363133E-01 -1.0859733E+00 -7.8003876E-01 -1.2362930E+00 -6.3405373E-01
-9.4032044E-01 1.4677138E-01 -1.0875580E+00 -7.9489655E-01 -1.2316210E+00 -6.5636984E-01
-1.0035059E+00 1.2750763E-01 -1.1289183E+00 -8.7757787E-01 -1.2633079E+00 -7.6090920E-01
-1.1015262E+00 1.7018901E-01 -1.2681707E+00 -9.3299993E-01 -1.4539665E+00 -7.8095297E-01
-1.1270036E+00 2.0997548E-01 -1.3087911E+00 -8.9684460E-01 -1.5498437E+00 -7.2990840E-01
-1.0959833E+00 2.2980643E-01 -1.2827152E+00 -8.3619878E-01 -1.5616827E+00 -6.6487512E-01
-1.0642155E+00 2.3046123E-01 -1.2531784E+00 -8.0508838E-01 -1.5339661E+00 -6.3379137E-01
-1.0063656E+00 2.3675340E-01 -1.2108247E+00 -7.4509013E-01 -1.4863519E+00 -5.6335450E-01
-9.7295780E-01 2.5057264E-01 -1.1965085E+00 -6.9713917E-01 -1.4891981E+00 -5.1665524E-01
-9.0499763E-01 2.4112029E-01 -1.1376639E+00 -6.5235573E-01 -1.3842412E+00 -4.5065410E-01
-8.1476960E-01 2.9997949E-01 -1.1063437E+00 -5.1971396E-01 -1.4294714E+00 -2.3682031E-01
-7.8919637E-01 4.2538996E-01 -1.1764560E+00 -3.3606998E-01 -1.6169687E+00 3.6060404E-02
-8.2104885E-01 5.9722776E-01 -1.3271740E+00 -1.2583338E-01 -1.9715758E+00 2.8948222E-01
-8.6027721E-01 6.9641728E-01 -1.4049483E+00 6.3563198E-04 -2.1760972E+00 4.1399045E-01
-8.6650844E-01 6.9931956E-01 -1.4058412E+00 2.8534358E-03 -2.1924221E+00 3.9833464E-01
-9.1921570E-01 7.8224480E-01 -1.4418381E+00 1.2989694E-01 -2.4111689E+00 4.0675648E-01
-9.6137784E-01 8.7403050E-01 -1.4641965E+00 2.9754958E-01 -2.5885979E+00 4.7746424E-01
-9.6273601E-01 8.7605951E-01 -1.4505200E+00 3.1504331E-01 -2.5990278E+00 4.6316559E-01
-9.7465647E-01 9.0642910E-01 -1.5128717E+00 3.2552462E-01 -2.6420237E+00 5.0000000E-01
