-1.2651779E+00 1.6725406E-01 -1.4303638E+00 -1.1005939E+00 -1.5970041E+00 -9.3581407E-01
-1.2209472E+00 1.3893381E-01 -1.3564142E+00 -1.0849590E+00 -1.4997754E+00 -9.4636525E-01
-1.2045200E+00 1.3336222E-01 -1.3340268E+00 -1.0744858E+00 -1.4736467E+00 -9.4235798E-01
-1.0592175E+00 1.1504946E-01 -1.1741547E+00 -9.4511163E-01 -1.2922166E+00 -8.3944571E-01
-7.8123638E-01 1.4533885E-01 -9.2486726E-01 -6.3676711E-01 -1.0724520E+00 -5.0401330E-01
-5.9736067E-01 1.5958067E-01 -7.4524606E-01 -4.3259297E-01 -9.2438760E-01 -2.9649516E-01
-5.7933855E-01 1.6397307E-01 -7.2576136E-01 -4.0647015E-01 -9.0514363E-01 -2.6293178E-01
-6.1782450E-01 1.5895171E-01 -7.5464361E-01 -4.4847006E-01 -9.3640458E-01 -3.1383227E-01
-7.1678941E-01 1.6645535E-01 -8.6600204E-01 -5.4369011E-01 -1.0684126E+00 -4.0682317E-01
-7.7500243E-01 1.8367428E-01 -9.5249542E-01 -5.9407754E-01 -1.1502259E+00 -4.2620720E-01
-1.0173775E+00 2.0612365E-01 -1.2133316E+00 -8.0404467E-01 -1.4310330E+00 -6.2426365E-01
-1.5188687E+00 3.1050776E-01 -1.8302833E+00 -1.2094513E+00 -2.1384303E+00 -9.2846733E-01
-1.9479755E+00 4.2394214E-01 -2.4108172E+00 -1.5501336E+00 -2.7309938E+00 -1.0915006E+00
-2.2795915E+00 5.4975970E-01 -2.9436492E+00 -1.8422902E+00 -3.2721843E+00 -1.2145489E+00
-2.3848779E+00 6.1656638E-01 -3.1536745E+00 -1.9403575E+00 -3.4923718E+00 -1.2461423E+00
-2.3766409E+00 6.1643187E-01 -3.1451117E+00 -1.9335841E+00 -3.4600794E+00 -1.2114981E+00
-2.3970429E+00 6.7178343E-01 -3.2794131E+00 -2.0227415E+00 -3.4680187E+00 -1.0985066E+00
-2.3933243E+00 7.4897111E-01 -3.4137640E+00 -2.0603787E+00 -3.5000000E+00 -9.6148767E-01
-2.3892100E+00 7.5012645E-01 -3.4117590E+00 -2.0678968E+00 -3.4822939E+00 -9.3972031E-01
-2.3855923E+00 7.7605074E-01 -3.4970507E+00 -2.0982276E+00 -3.5000000E+00 -9.0236981E-01
