-1.1263531E+00 1.6476740E-01 -1.2908346E+00 -9.6223970E-01 -1.4504611E+00 -8.0486217E-01
-1.0863983E+00 1.3638602E-01 -1.2215248E+00 -9.5087880E-01 -1.3571134E+00 -8.2185612E-01
-1.0721710E+00 1.3014378E-01 -1.2005628E+00 -9.4268359E-01 -1.3297317E+00 -8.2050341E-01
-9.3241723E-01 1.0967870E-01 -1.0368941E+00 -8.1835518E-01 -1.1514408E+00 -7.2413010E-01
-6.7571325E-01 1.3836241E-01 -8.1096786E-01 -5.3794903E-01 -9.4978356E-01 -4.0558762E-01
-5.3184236E-01 1.4457721E-01 -6.7596418E-01 -3.8710777E-01 -8.1586182E-01 -2.5433186E-01
-5.4419139E-01 1.4747726E-01 -6.9110617E-01 -3.9813905E-01 -8.4248837E-01 -2.6478147E-01
-5.9735969E-01 1.4481138E-01 -7.3239342E-01 -4.4602437E-01 -8.9170597E-01 -3.2524140E-01
-7.3041276E-01 1.5921370E-01 -8.8006373E-01 -5.6342380E-01 -1.0527478E+00 -4.3309682E-01
-8.0713405E-01 1.8169499E-01 -9.8146675E-01 -6.1712751E-01 -1.1711861E+00 -4.6452519E-01
-1.0979288E+00 2.0883390E-01 -1.2956695E+00 -8.7859488E-01 -1.5141472E+00 -7.0430475E-01
-1.6685251E+00 3.0573926E-01 -1.9569733E+00 -1.3453135E+00 -2.2767725E+00 -1.0883432E+00
-2.1332340E+00 4.0391204E-01 -2.5681455E+00 -1.7520947E+00 -2.8799377E+00 -1.3164191E+00
-2.4789314E+00 5.0337818E-01 -3.1003293E+00 -2.1094546E+00 -3.3622021E+00 -1.4900757E+00
-2.5841630E+00 5.5561141E-01 -3.3027166E+00 -2.2497091E+00 -3.5000000E+00 -1.5385490E+00
-2.5759067E+00 5.5565671E-01 -3.3044980E+00 -2.2580416E+00 -3.4871167E+00 -1.5176204E+00
-2.5858624E+00 6.0242204E-01 -3.3610088E+00 -2.3177216E+00 -3.4951682E+00 -1.4178577E+00
-2.5699172E+00 6.7459202E-01 -3.4438939E+00 -2.3243140E+00 -3.5000000E+00 -1.2589006E+00
-2.5647080E+00 6.7699959E-01 -3.4370090E+00 -2.3240413E+00 -3.4918101E+00 -1.2386755E+00
-2.5569677E+00 7.0532025E-01 -3.5000000E+00 -2.3387036E+00 -3.5000000E+00 -1.1793132E+00
