-1.2963817E+00 1.8252197E-01 -1.4662406E+00 -1.1039213E+00 -1.6617344E+00 -9.4625311E-01
-1.2735828E+00 1.5815106E-01 -1.4171162E+00 -1.1046927E+00 -1.5961353E+00 -9.7709574E-01
-1.2643228E+00 1.5326511E-01 -1.4034537E+00 -1.1003922E+00 -1.5785175E+00 -9.7940329E-01
-1.1856421E+00 1.3806669E-01 -1.3102627E+00 -1.0380889E+00 -1.4740060E+00 -9.2980163E-01
-1.0344547E+00 1.7287180E-01 -1.1906769E+00 -8.4881291E-01 -1.3945528E+00 -7.1677540E-01
-9.2084145E-01 1.9986215E-01 -1.0989219E+00 -7.0725027E-01 -1.3167476E+00 -5.3643233E-01
-8.9009728E-01 2.1391213E-01 -1.0713420E+00 -6.5401260E-01 -1.3203658E+00 -4.8502101E-01
-8.9571810E-01 2.1322691E-01 -1.0784601E+00 -6.6054910E-01 -1.3224803E+00 -4.9197328E-01
-8.9383713E-01 2.1767949E-01 -1.0864625E+00 -6.5554584E-01 -1.3459782E+00 -4.9869468E-01
-8.9524157E-01 2.3056446E-01 -1.1051456E+00 -6.4402924E-01 -1.3665423E+00 -4.7045389E-01
-8.8255047E-01 2.2835540E-01 -1.1095136E+00 -6.5796401E-01 -1.3401394E+00 -4.4158519E-01
-8.6085786E-01 3.1051416E-01 -1.1597480E+00 -5.5874230E-01 -1.5032765E+00 -2.7212292E-01
-8.6072163E-01 4.4545886E-01 -1.2546808E+00 -3.8643221E-01 -1.7422393E+00 2.9611440E-03
-8.9367043E-01 6.1367736E-01 -1.4165867E+00 -1.9177638E-01 -2.0764526E+00 2.5477646E-01
-9.2788226E-01 7.0679034E-01 -1.4949519E+00 -7.0830308E-02 -2.2737040E+00 3.6249865E-01
-9.3335678E-01 7.0908864E-01 -1.4941231E+00 -6.7162997E-02 -2.2886720E+00 3.5328770E-01
-9.8033630E-01 7.9592842E-01 -1.5433185E+00 6.1249278E-02 -2.5172602E+00 3.9389341E-01
-1.0171520E+00 8.9512434E-01 -1.5800057E+00 2.4075939E-01 -2.6924509E+00 4.8895016E-01
-1.0184205E+00 8.9838798E-01 -1.5682650E+00 2.6141988E-01 -2.7154257E+00 4.6580545E-01
-1.0291655E+00 9.2948380E-01 -1.6255706E+00 2.7376069E-01 -2.7582314E+00 5.0000000E-01
