-1.2478700E+00 1.8058503E-01 -1.4279228E+00 -1.0679365E+00 -1.6035074E+00 -9.0050316E-01
-1.2292092E+00 1.5522538E-01 -1.3838676E+00 -1.0741926E+00 -1.5369675E+00 -9.3488366E-01
-1.2233208E+00 1.4945791E-01 -1.3715142E+00 -1.0748719E+00 -1.5204495E+00 -9.3854598E-01
-1.1578032E+00 1.3115382E-01 -1.2785019E+00 -1.0181314E+00 -1.4265642E+00 -9.1241015E-01
-1.0226075E+00 1.6507965E-01 -1.1678925E+00 -8.4276367E-01 -1.3688191E+00 -7.2132568E-01
-9.1093225E-01 1.9238990E-01 -1.0732227E+00 -7.0145458E-01 -1.3036423E+00 -5.4655631E-01
-8.7496455E-01 2.0316069E-01 -1.0483186E+00 -6.5233489E-01 -1.2824215E+00 -4.9006757E-01
-8.7353142E-01 1.9954711E-01 -1.0473272E+00 -6.5754622E-01 -1.2699536E+00 -4.9301648E-01
-8.6744243E-01 2.0441541E-01 -1.0525120E+00 -6.5455023E-01 -1.2731083E+00 -4.6756355E-01
-8.6973366E-01 2.2059891E-01 -1.0739269E+00 -6.4229867E-01 -1.3264495E+00 -4.4923529E-01
-8.7873106E-01 2.2554021E-01 -1.1010618E+00 -6.5394916E-01 -1.3366182E+00 -4.5186876E-01
-9.0772613E-01 3.0588579E-01 -1.1901780E+00 -5.8607048E-01 -1.5290919E+00 -3.2889313E-01
-9.4872251E-01 4.3188341E-01 -1.3465230E+00 -4.8754236E-01 -1.8390298E+00 -1.4451675E-01
-1.0017970E+00 6.0066930E-01 -1.5465473E+00 -3.2319059E-01 -2.1762837E+00 1.2250070E-01
-1.0312849E+00 7.0059489E-01 -1.6278023E+00 -1.8857280E-01 -2.4016109E+00 2.4033376E-01
-1.0328040E+00 7.0525579E-01 -1.6255135E+00 -1.7668911E-01 -2.4127723E+00 2.4165844E-01
-1.0627092E+00 7.9667741E-01 -1.6574667E+00 -2.9874151E-02 -2.6239712E+00 3.0574063E-01
-1.0861244E+00 8.9460240E-01 -1.6994023E+00 1.3219313E-01 -2.7829613E+00 4.4180805E-01
-1.0860916E+00 8.9466266E-01 -1.7128225E+00 1.2336023E-01 -2.7813139E+00 4.2840490E-01
-1.0914053E+00 9.2309693E-01 -1.7466854E+00 1.5764477E-01 -2.7870709E+00 5.0000000E-01
