-9.3687330E-01 1.7373376E-01 -1.1086928E+00 -7.6414058E-01 -1.2830123E+00 -6.0188342E-01
-9.5138839E-01 1.4569250E-01 -1.0980431E+00 -8.0515787E-01 -1.2402931E+00 -6.7362380E-01
-9.5676384E-01 1.3831038E-01 -1.0941498E+00 -8.1896609E-01 -1.2320026E+00 -6.9175559E-01
-9.9957785E-01 1.1964844E-01 -1.1173433E+00 -8.8217608E-01 -1.2422445E+00 -7.6953362E-01
-1.0886224E+00 1.6291552E-01 -1.2410079E+00 -9.1889625E-01 -1.4223996E+00 -7.8298329E-01
-1.1590504E+00 1.9450119E-01 -1.3314675E+00 -9.5044646E-01 -1.5444374E+00 -7.8682385E-01
-1.1772803E+00 2.0889548E-01 -1.3627152E+00 -9.5346604E-01 -1.5925731E+00 -7.8036180E-01
-1.1733068E+00 2.0928302E-01 -1.3583037E+00 -9.4630927E-01 -1.5912005E+00 -7.7514916E-01
-1.1664053E+00 2.1736195E-01 -1.3596244E+00 -9.3133483E-01 -1.6204635E+00 -7.6397526E-01
-1.1621597E+00 2.3333703E-01 -1.3735549E+00 -9.1307056E-01 -1.6434318E+00 -7.1906623E-01
-1.1402198E+00 2.3509763E-01 -1.3735579E+00 -9.0671634E-01 -1.6124673E+00 -6.8636067E-01
-1.0912069E+00 3.1849202E-01 -1.3854057E+00 -7.5911771E-01 -1.7481156E+00 -4.9064215E-01
-1.0498192E+00 4.6431903E-01 -1.4467080E+00 -5.4099669E-01 -2.0452534E+00 -2.0563464E-01
-1.0192798E+00 6.4885240E-01 -1.5442433E+00 -2.4646588E-01 -2.3197384E+00 1.5738930E-01
-1.0104682E+00 7.4799081E-01 -1.5835879E+00 -7.2883912E-02 -2.4782564E+00 3.1107789E-01
-1.0111408E+00 7.5096960E-01 -1.5803750E+00 -6.4314196E-02 -2.4829323E+00 3.0613619E-01
-1.0165931E+00 8.3110402E-01 -1.5654841E+00 1.1847009E-01 -2.6176940E+00 3.5916661E-01
-1.0233481E+00 9.1911396E-01 -1.5461625E+00 3.2046992E-01 -2.7314276E+00 4.7399314E-01
-1.0228051E+00 9.2004291E-01 -1.5189734E+00 3.4655144E-01 -2.7421830E+00 4.5481833E-01
-1.0232836E+00 9.4838825E-01 -1.5421789E+00 3.9379019E-01 -2.7644964E+00 5.0000000E-01
