-1.1805822E+00 1.7306345E-01 -1.3538045E+00 -1.0086041E+00 -1.5223998E+00 -8.4701817E-01
-1.1754428E+00 1.4703183E-01 -1.3214042E+00 -1.0287091E+00 -1.4668163E+00 -8.9500229E-01
-1.1778574E+00 1.4078025E-01 -1.3168331E+00 -1.0379144E+00 -1.4596960E+00 -9.0760475E-01
-1.1581579E+00 1.2214990E-01 -1.2783814E+00 -1.0389322E+00 -1.4020147E+00 -9.2290694E-01
-1.0854430E+00 1.5779312E-01 -1.2391473E+00 -9.2900787E-01 -1.4078736E+00 -7.8504834E-01
-9.7719265E-01 1.8722577E-01 -1.1369357E+00 -7.7933881E-01 -1.3516400E+00 -6.1531854E-01
-9.1497629E-01 2.0456450E-01 -1.0812981E+00 -6.9244279E-01 -1.3258150E+00 -5.2844255E-01
-8.9438405E-01 2.0703475E-01 -1.0627348E+00 -6.6681763E-01 -1.3102698E+00 -5.0606286E-01
-8.6719452E-01 2.1797367E-01 -1.0470856E+00 -6.2598299E-01 -1.3110364E+00 -4.5925228E-01
-8.5535356E-01 2.3603692E-01 -1.0571769E+00 -5.9663140E-01 -1.3380780E+00 -4.1079637E-01
-8.7832719E-01 2.3601929E-01 -1.0983085E+00 -6.2786817E-01 -1.3562247E+00 -4.3551204E-01
-9.8869204E-01 3.0851727E-01 -1.2902498E+00 -6.8469938E-01 -1.6112239E+00 -3.9958752E-01
-1.1441564E+00 4.5183866E-01 -1.5650815E+00 -6.7047228E-01 -2.0667146E+00 -2.9475019E-01
-1.3232489E+00 6.5144057E-01 -1.9943067E+00 -6.4523698E-01 -2.6091003E+00 -1.0848588E-01
-1.4135324E+00 7.6390951E-01 -2.2233640E+00 -6.0074547E-01 -2.8713424E+00 3.9410364E-03
-1.4174851E+00 7.6608130E-01 -2.2305975E+00 -6.0078656E-01 -2.8746219E+00 2.1938471E-03
-1.4845787E+00 8.6119660E-01 -2.4384312E+00 -5.4368423E-01 -3.0501917E+00 8.5529584E-02
-1.5303556E+00 9.6060651E-01 -2.6072053E+00 -4.7140209E-01 -3.2481076E+00 2.1865306E-01
-1.5267611E+00 9.6127124E-01 -2.6037203E+00 -4.6613463E-01 -3.2460648E+00 2.2618170E-01
-1.5357409E+00 9.9079011E-01 -2.6410926E+00 -4.4318096E-01 -3.5000000E+00 5.0000000E-01
