-1.0842950E+00 1.6833831E-01 -1.2526081E+00 -9.1755421E-01 -1.4190683E+00 -7.5770433E-01
-1.0772964E+00 1.4108581E-01 -1.2186084E+00 -9.3743608E-01 -1.3588229E+00 -8.0387399E-01
-1.0714894E+00 1.3382047E-01 -1.2043044E+00 -9.4022385E-01 -1.3384446E+00 -8.1054699E-01
-1.0557574E+00 1.1645857E-01 -1.1711259E+00 -9.3987922E-01 -1.2882107E+00 -8.3166972E-01
-1.0485275E+00 1.5916189E-01 -1.1966149E+00 -8.8548744E-01 -1.3768913E+00 -7.4647358E-01
-1.0709087E+00 1.9340609E-01 -1.2344910E+00 -8.6101765E-01 -1.4619953E+00 -7.0409066E-01
-1.0918990E+00 2.1178373E-01 -1.2664188E+00 -8.5912861E-01 -1.5201046E+00 -6.9354668E-01
-1.1000052E+00 2.1412694E-01 -1.2749213E+00 -8.6212390E-01 -1.5301988E+00 -6.9995290E-01
-1.1168579E+00 2.2257099E-01 -1.3055095E+00 -8.7285507E-01 -1.5650581E+00 -6.9695902E-01
-1.1228227E+00 2.3860316E-01 -1.3342719E+00 -8.6740631E-01 -1.6002605E+00 -6.6604734E-01
-1.1478533E+00 2.3854755E-01 -1.3862623E+00 -9.1080482E-01 -1.6244584E+00 -6.9360097E-01
-1.2041446E+00 3.1456350E-01 -1.5135475E+00 -8.9573088E-01 -1.8348089E+00 -5.9064448E-01
-1.2604742E+00 4.5490556E-01 -1.7114197E+00 -8.0561916E-01 -2.1827873E+00 -3.9947283E-01
-1.3163970E+00 6.4082851E-01 -1.9263927E+00 -6.2334304E-01 -2.6093036E+00 -1.2242514E-01
-1.3428061E+00 7.4445984E-01 -2.0469793E+00 -4.9816332E-01 -2.8311208E+00 1.0101956E-02
-1.3441389E+00 7.4801502E-01 -2.0522266E+00 -4.9061960E-01 -2.8398513E+00 1.2129019E-02
-1.3679174E+00 8.3711857E-01 -2.1691084E+00 -3.6782135E-01 -2.9399397E+00 1.4961564E-01
-1.3856318E+00 9.3150342E-01 -2.2824265E+00 -2.4606924E-01 -3.0918925E+00 3.1785552E-01
-1.3858954E+00 9.3215886E-01 -2.2830232E+00 -2.4757485E-01 -3.0713636E+00 3.3719999E-01
-1.3888700E+00 9.6242821E-01 -2.3335152E+00 -2.2903123E-01 -3.5000000E+00 5.0000000E-01
