-1.0112008E+00 1.6268800E-01 -1.1704405E+00 -8.4869049E-01 -1.3353151E+00 -6.9184770E-01
-1.0012882E+00 1.3764647E-01 -1.1358533E+00 -8.6389720E-01 -1.2746039E+00 -7.3197750E-01
-9.9645842E-01 1.3220252E-01 -1.1267989E+00 -8.6521100E-01 -1.2581473E+00 -7.3897713E-01
-9.7088356E-01 1.1534721E-01 -1.0874582E+00 -8.5483438E-01 -1.1994654E+00 -7.5402196E-01
-9.2868246E-01 1.5063198E-01 -1.0684724E+00 -7.7389096E-01 -1.2405752E+00 -6.4324244E-01
-9.0988673E-01 1.7803318E-01 -1.0627013E+00 -7.1693850E-01 -1.2655869E+00 -5.7164420E-01
-9.1469054E-01 1.9299893E-01 -1.0741335E+00 -7.0037716E-01 -1.2981940E+00 -5.5481674E-01
-9.2393014E-01 1.9316493E-01 -1.0798284E+00 -7.1092435E-01 -1.3109110E+00 -5.6277213E-01
-9.5717213E-01 2.0290931E-01 -1.1269070E+00 -7.3684418E-01 -1.3691397E+00 -5.7563176E-01
-9.7501004E-01 2.2012433E-01 -1.1674514E+00 -7.3650656E-01 -1.4349136E+00 -5.7357713E-01
-1.0682011E+00 2.3305663E-01 -1.2909877E+00 -8.2395235E-01 -1.5404969E+00 -6.3329163E-01
-1.2769664E+00 3.2523903E-01 -1.5763334E+00 -9.3356863E-01 -1.9431660E+00 -6.6757355E-01
-1.4729636E+00 4.5681705E-01 -1.9031873E+00 -9.8644014E-01 -2.4046791E+00 -6.2793077E-01
-1.6469406E+00 6.3190027E-01 -2.3014429E+00 -9.8884618E-01 -2.8484670E+00 -4.3340026E-01
-1.7149808E+00 7.3443414E-01 -2.5581638E+00 -1.0094271E+00 -3.0491433E+00 -2.9479216E-01
-1.7133123E+00 7.3798648E-01 -2.5809552E+00 -1.0192176E+00 -3.0495599E+00 -2.8736747E-01
-1.7430502E+00 8.2875260E-01 -2.7846993E+00 -1.0027840E+00 -3.2199456E+00 -1.9230575E-01
-1.7555375E+00 9.2511751E-01 -2.9284169E+00 -9.1695255E-01 -3.4157693E+00 -8.5047159E-02
-1.7533873E+00 9.2678912E-01 -2.9153315E+00 -9.0102146E-01 -3.4107221E+00 -8.6433564E-02
-1.7543408E+00 9.5729148E-01 -2.9732231E+00 -8.8713295E-01 -3.5000000E+00 -9.1899536E-02
