-1.1523103E+00 1.7107844E-01 -1.3210799E+00 -9.8224912E-01 -1.4957874E+00 -8.2101134E-01
-1.1333979E+00 1.4469817E-01 -1.2747309E+00 -9.9014446E-01 -1.4253549E+00 -8.5367155E-01
-1.1306042E+00 1.3748794E-01 -1.2655827E+00 -9.9519940E-01 -1.4083464E+00 -8.6471203E-01
-1.0624754E+00 1.1746324E-01 -1.1762602E+00 -9.4603529E-01 -1.3002961E+00 -8.3666480E-01
-9.1062000E-01 1.5024176E-01 -1.0514396E+00 -7.5437358E-01 -1.2177966E+00 -6.2879652E-01
-7.7150165E-01 1.7021002E-01 -9.2579206E-01 -5.9327081E-01 -1.1246830E+00 -4.5700792E-01
-7.2344286E-01 1.8027730E-01 -8.7905420E-01 -5.2778497E-01 -1.1025419E+00 -3.9649033E-01
-7.2319566E-01 1.7922491E-01 -8.7363845E-01 -5.2702120E-01 -1.0831061E+00 -3.8477221E-01
-7.4508185E-01 1.8844875E-01 -9.0328939E-01 -5.3892861E-01 -1.1467591E+00 -4.0659766E-01
-7.5834858E-01 2.0605752E-01 -9.3333283E-01 -5.3279464E-01 -1.1950639E+00 -3.8345017E-01
-8.7926237E-01 2.1958498E-01 -1.0860145E+00 -6.4734440E-01 -1.3220691E+00 -4.6419059E-01
-1.1836782E+00 3.0853581E-01 -1.4911241E+00 -8.7464815E-01 -1.7948980E+00 -5.8493046E-01
-1.4945063E+00 4.2985869E-01 -1.9231640E+00 -1.0660859E+00 -2.3341839E+00 -6.3470785E-01
-1.7839989E+00 5.8767953E-01 -2.4249334E+00 -1.2399142E+00 -2.8634282E+00 -5.7897442E-01
-1.9051246E+00 6.7873787E-01 -2.6856974E+00 -1.3027761E+00 -3.1674119E+00 -5.7032828E-01
-1.9042095E+00 6.8041144E-01 -2.6894663E+00 -1.3021375E+00 -3.1677106E+00 -5.6832673E-01
-1.9739000E+00 7.6055289E-01 -2.9527980E+00 -1.3937409E+00 -3.3017264E+00 -5.0014760E-01
-2.0162417E+00 8.5420080E-01 -3.2143281E+00 -1.4583694E+00 -3.4653678E+00 -4.3020262E-01
-2.0131027E+00 8.5616782E-01 -3.2284926E+00 -1.4694636E+00 -3.4350450E+00 -4.1592169E-01
-2.0220613E+00 8.8682661E-01 -3.2702453E+00 -1.4385793E+00 -3.5000000E+00 -4.0897392E-01
