-1.2339328E+00 1.7732591E-01 -1.4095436E+00 -1.0578342E+00 -1.5797685E+00 -8.8524673E-01
-1.2162915E+00 1.5159135E-01 -1.3656521E+00 -1.0648099E+00 -1.5171914E+00 -9.2119510E-01
-1.2091400E+00 1.4646089E-01 -1.3532027E+00 -1.0623132E+00 -1.5002359E+00 -9.2536927E-01
-1.1491283E+00 1.2782596E-01 -1.2747281E+00 -1.0239153E+00 -1.4081776E+00 -9.0685848E-01
-1.0376748E+00 1.6167181E-01 -1.1810120E+00 -8.6818574E-01 -1.3784218E+00 -7.3496664E-01
-9.6356637E-01 1.9363931E-01 -1.1380007E+00 -7.5710169E-01 -1.3697044E+00 -6.0802607E-01
-9.4964813E-01 2.0846578E-01 -1.1352459E+00 -7.2206099E-01 -1.3827155E+00 -5.6936291E-01
-9.5830521E-01 2.0742721E-01 -1.1437612E+00 -7.2946466E-01 -1.3906838E+00 -5.8311061E-01
-9.6327723E-01 2.1204556E-01 -1.1530304E+00 -7.2640628E-01 -1.3993682E+00 -5.7982543E-01
-9.6744225E-01 2.2674626E-01 -1.1745498E+00 -7.1714913E-01 -1.4298094E+00 -5.5243128E-01
-9.7111423E-01 2.3149218E-01 -1.1877458E+00 -7.2573814E-01 -1.4404979E+00 -5.3595446E-01
-9.7937215E-01 3.2253094E-01 -1.2960290E+00 -6.5813305E-01 -1.6298230E+00 -3.6762125E-01
-9.9570811E-01 4.5871113E-01 -1.4283495E+00 -5.1478291E-01 -1.9258010E+00 -1.4009852E-01
-1.0307275E+00 6.3422445E-01 -1.5891200E+00 -2.9905914E-01 -2.2670480E+00 1.5364519E-01
-1.0592076E+00 7.3687905E-01 -1.6661677E+00 -1.4803525E-01 -2.4857954E+00 2.7056559E-01
-1.0631470E+00 7.4069729E-01 -1.6670032E+00 -1.3816681E-01 -2.4956320E+00 2.6389840E-01
-1.0983825E+00 8.3470273E-01 -1.6768310E+00 5.2426789E-02 -2.7003750E+00 3.0623358E-01
-1.1250061E+00 9.3595286E-01 -1.7186253E+00 2.2651219E-01 -2.8730188E+00 4.3921062E-01
-1.1244856E+00 9.3631192E-01 -1.7057042E+00 2.4162540E-01 -2.8690515E+00 4.3060159E-01
-1.1326893E+00 9.6673480E-01 -1.7745180E+00 2.4483924E-01 -2.8873888E+00 5.0000000E-01
