-1.0959216E+00 1.7405361E-01 -1.2683619E+00 -9.2392458E-01 -1.4461200E+00 -7.6105133E-01
-1.1019884E+00 1.4887123E-01 -1.2404683E+00 -9.4846561E-01 -1.4062672E+00 -8.1865116E-01
-1.1073829E+00 1.4440887E-01 -1.2392923E+00 -9.5701930E-01 -1.4061843E+00 -8.3520692E-01
-1.1110732E+00 1.2828759E-01 -1.2277230E+00 -9.7799568E-01 -1.3764000E+00 -8.6974970E-01
-1.0911670E+00 1.6593422E-01 -1.2410383E+00 -9.1382212E-01 -1.4355272E+00 -7.8415711E-01
-1.0375287E+00 2.0192610E-01 -1.2063440E+00 -8.1503353E-01 -1.4458110E+00 -6.5716831E-01
-9.9838537E-01 2.1967460E-01 -1.1820078E+00 -7.5796322E-01 -1.4427238E+00 -5.8175406E-01
-9.8026793E-01 2.1831061E-01 -1.1605115E+00 -7.3754683E-01 -1.4204006E+00 -5.6806372E-01
-9.4800248E-01 2.2391532E-01 -1.1439827E+00 -7.0516532E-01 -1.3978570E+00 -5.2282638E-01
-9.3090162E-01 2.3906288E-01 -1.1476760E+00 -6.7570620E-01 -1.4255308E+00 -4.9037243E-01
-9.1094285E-01 2.3368306E-01 -1.1414266E+00 -6.7749707E-01 -1.3859835E+00 -4.6881172E-01
-9.1637711E-01 3.0579286E-01 -1.2162496E+00 -6.1326856E-01 -1.5239949E+00 -3.2374691E-01
-9.6960569E-01 4.4262005E-01 -1.4132273E+00 -5.2612028E-01 -1.8462987E+00 -1.2176570E-01
-1.0561756E+00 6.2036491E-01 -1.6495726E+00 -3.6508748E-01 -2.2516193E+00 1.0858319E-01
-1.1083742E+00 7.1972195E-01 -1.7724818E+00 -2.5565784E-01 -2.4739322E+00 2.1517482E-01
-1.1113506E+00 7.2323229E-01 -1.7797725E+00 -2.5443625E-01 -2.4829502E+00 2.1582294E-01
-1.1639891E+00 8.1329587E-01 -1.8435720E+00 -1.0364263E-01 -2.6894034E+00 2.6324963E-01
-1.2051568E+00 9.1086254E-01 -1.9669187E+00 -6.8938159E-03 -2.8674921E+00 4.1176734E-01
-1.2064013E+00 9.1185677E-01 -1.9732190E+00 -1.2813744E-02 -2.8658551E+00 4.0759104E-01
-1.2163702E+00 9.3942560E-01 -2.0226101E+00 -3.0331864E-04 -2.8651674E+00 5.0000000E-01
