-1.0453444E+00 1.7006701E-01 -1.2125488E+00 -8.7666208E-01 -1.3763408E+00 -7.0621432E-01
-1.0209468E+00 1.4298398E-01 -1.1619860E+00 -8.7879087E-01 -1.3014593E+00 -7.3861309E-01
-1.0044383E+00 1.3750048E-01 -1.1404262E+00 -8.6759859E-01 -1.2773288E+00 -7.3545169E-01
-9.4010215E-01 1.1766307E-01 -1.0554479E+00 -8.2304423E-01 -1.1773207E+00 -7.1430950E-01
-8.7359237E-01 1.5594339E-01 -1.0287404E+00 -7.1607343E-01 -1.1831673E+00 -5.7735324E-01
-9.1301939E-01 1.8640802E-01 -1.0758120E+00 -7.1516102E-01 -1.2873388E+00 -5.5372012E-01
-9.8538095E-01 1.9915667E-01 -1.1513868E+00 -7.6918242E-01 -1.3923099E+00 -6.1041468E-01
-1.0327464E+00 1.9695712E-01 -1.1933031E+00 -8.1390727E-01 -1.4352219E+00 -6.6444509E-01
-1.1184541E+00 2.0302134E-01 -1.2884721E+00 -8.9322577E-01 -1.5310279E+00 -7.3957662E-01
-1.1601730E+00 2.1849194E-01 -1.3500042E+00 -9.2047817E-01 -1.5996758E+00 -7.4760565E-01
-1.2507069E+00 2.2510296E-01 -1.4604382E+00 -1.0174604E+00 -1.7159607E+00 -8.2526293E-01
-1.3764628E+00 3.2206149E-01 -1.6763907E+00 -1.0472835E+00 -2.0366938E+00 -7.5703439E-01
-1.4342121E+00 4.6570815E-01 -1.8701631E+00 -9.5803579E-01 -2.3972432E+00 -5.5398367E-01
-1.4424491E+00 6.4113897E-01 -2.0484763E+00 -7.5032523E-01 -2.7475373E+00 -2.6554107E-01
-1.4300713E+00 7.3827764E-01 -2.1163069E+00 -5.8514945E-01 -2.9128103E+00 -1.0464367E-01
-1.4266487E+00 7.4174100E-01 -2.1158524E+00 -5.7244034E-01 -2.9163149E+00 -1.0095179E-01
-1.4084674E+00 8.2986572E-01 -2.1948623E+00 -4.2198862E-01 -3.0327511E+00 4.8343480E-02
-1.3950865E+00 9.2488617E-01 -2.3136257E+00 -3.1084496E-01 -3.1166010E+00 2.8913275E-01
-1.3957279E+00 9.2502962E-01 -2.3135442E+00 -3.1093795E-01 -3.0931148E+00 3.0430053E-01
-1.3918518E+00 9.5297679E-01 -2.3380157E+00 -2.6992786E-01 -3.5000000E+00 5.0000000E-01
