-1.2568400E+00 1.7842164E-01 -1.4365171E+00 -1.0771086E+00 -1.6062486E+00 -9.1183857E-01
-1.2443256E+00 1.5246979E-01 -1.3973551E+00 -1.0908095E+00 -1.5455360E+00 -9.5190332E-01
-1.2447682E+00 1.4616607E-01 -1.3910515E+00 -1.0987622E+00 -1.5356806E+00 -9.6376051E-01
-1.1854494E+00 1.2835483E-01 -1.3014257E+00 -1.0499828E+00 -1.4515426E+00 -9.4420588E-01
-1.0332682E+00 1.6676067E-01 -1.1827216E+00 -8.6012573E-01 -1.3816513E+00 -7.2000074E-01
-8.7023864E-01 1.9205803E-01 -1.0336321E+00 -6.6055567E-01 -1.2598802E+00 -5.0392553E-01
-8.0004844E-01 2.0384866E-01 -9.7370138E-01 -5.7285362E-01 -1.2112915E+00 -4.1584413E-01
-7.8782754E-01 2.0309451E-01 -9.6194000E-01 -5.6281226E-01 -1.1971776E+00 -4.0592188E-01
-7.7180765E-01 2.0927387E-01 -9.5992065E-01 -5.4562457E-01 -1.2123448E+00 -3.9230866E-01
-7.6844919E-01 2.2536341E-01 -9.7566499E-01 -5.2796598E-01 -1.2349560E+00 -3.5135424E-01
-8.0542762E-01 2.2678240E-01 -1.0309723E+00 -5.7998045E-01 -1.2625566E+00 -3.7289059E-01
-9.2117867E-01 3.1655620E-01 -1.2337766E+00 -6.0852945E-01 -1.5561883E+00 -3.0854659E-01
-1.0584022E+00 4.6136208E-01 -1.5116927E+00 -5.9810053E-01 -1.9909261E+00 -1.7486446E-01
-1.2034044E+00 6.4519339E-01 -1.8733187E+00 -5.4008870E-01 -2.4977444E+00 -7.6130310E-03
-1.2708120E+00 7.4822688E-01 -2.0128313E+00 -4.4210544E-01 -2.6957403E+00 1.3183849E-01
-1.2714294E+00 7.5214496E-01 -2.0145873E+00 -4.3412087E-01 -2.7028151E+00 1.3502524E-01
-1.3201534E+00 8.3920508E-01 -2.1181905E+00 -3.1107008E-01 -2.8900569E+00 1.8522289E-01
-1.3533094E+00 9.3220627E-01 -2.2685385E+00 -2.3695702E-01 -3.0799141E+00 3.2194964E-01
-1.3528247E+00 9.3223030E-01 -2.2697753E+00 -2.3799868E-01 -3.0561979E+00 3.3853650E-01
-1.3603025E+00 9.6087591E-01 -2.3065461E+00 -2.0828977E-01 -3.5000000E+00 5.0000000E-01
