-1.1124340E+00 1.6793505E-01 -1.2788293E+00 -9.4482315E-01 -1.4423088E+00 -7.8525403E-01
-1.1001147E+00 1.4355905E-01 -1.2411892E+00 -9.5797556E-01 -1.3846810E+00 -8.2256195E-01
-1.0970917E+00 1.3908060E-01 -1.2285073E+00 -9.5347968E-01 -1.3759869E+00 -8.3007813E-01
-1.0583835E+00 1.1971108E-01 -1.1756418E+00 -9.3959556E-01 -1.3035552E+00 -8.3194089E-01
-9.7093004E-01 1.5455530E-01 -1.1240565E+00 -8.1759818E-01 -1.2844653E+00 -6.7484305E-01
-8.8284792E-01 1.8142290E-01 -1.0383840E+00 -6.8964533E-01 -1.2532126E+00 -5.3236991E-01
-8.4718572E-01 1.9689414E-01 -1.0079330E+00 -6.3528241E-01 -1.2416369E+00 -4.7192864E-01
-8.4267717E-01 1.9861421E-01 -1.0008531E+00 -6.2590406E-01 -1.2409268E+00 -4.7085445E-01
-8.5337198E-01 2.0929061E-01 -1.0226356E+00 -6.2546115E-01 -1.2755228E+00 -4.5675178E-01
-8.6187746E-01 2.2628031E-01 -1.0503904E+00 -6.1662598E-01 -1.3214316E+00 -4.3302350E-01
-9.5017122E-01 2.2990317E-01 -1.1643562E+00 -7.1350393E-01 -1.4218786E+00 -5.1248842E-01
-1.1686816E+00 3.1696356E-01 -1.4764206E+00 -8.5900350E-01 -1.8139960E+00 -5.5712134E-01
-1.3933350E+00 4.6552900E-01 -1.8518184E+00 -9.2660914E-01 -2.3401894E+00 -5.0417070E-01
-1.6092695E+00 6.5964129E-01 -2.3009761E+00 -9.6256005E-01 -2.8794231E+00 -2.9002535E-01
-1.7031785E+00 7.6663735E-01 -2.5658185E+00 -9.7618195E-01 -3.1025302E+00 -1.5680707E-01
-1.7025271E+00 7.7030311E-01 -2.5774156E+00 -9.7510502E-01 -3.1431370E+00 -2.0374748E-01
-1.7616506E+00 8.5444952E-01 -2.8663054E+00 -1.0513964E+00 -3.2724600E+00 -1.3911395E-01
-1.8001386E+00 9.4409563E-01 -3.1202886E+00 -1.1045574E+00 -3.4383178E+00 -6.9799119E-02
-1.8000678E+00 9.4436572E-01 -3.1197728E+00 -1.1053818E+00 -3.4233134E+00 -6.7391059E-02
-1.8095060E+00 9.7266345E-01 -3.1594322E+00 -1.0817676E+00 -3.5000000E+00 -7.2524503E-02
