-1.0507866E+00 1.6742596E-01 -1.2163076E+00 -8.8344174E-01 -1.3803846E+00 -7.2263276E-01
-1.0446128E+00 1.4099355E-01 -1.1847457E+00 -9.0487577E-01 -1.3237940E+00 -7.7123335E-01
-1.0426831E+00 1.3516395E-01 -1.1772172E+00 -9.0945902E-01 -1.3107188E+00 -7.7990459E-01
-1.0221985E+00 1.1516874E-01 -1.1311755E+00 -9.0299302E-01 -1.2558333E+00 -8.0498253E-01
-9.7568099E-01 1.5116732E-01 -1.1203621E+00 -8.1730227E-01 -1.2801335E+00 -6.9180639E-01
-9.3608355E-01 1.7815688E-01 -1.0912295E+00 -7.4074238E-01 -1.2947850E+00 -6.0000315E-01
-9.2771687E-01 1.9205758E-01 -1.0889703E+00 -7.1857525E-01 -1.3178163E+00 -5.6016659E-01
-9.3357650E-01 1.9133773E-01 -1.0929518E+00 -7.2905463E-01 -1.3248837E+00 -5.6496076E-01
-9.5979046E-01 1.9990607E-01 -1.1245063E+00 -7.4553967E-01 -1.3713330E+00 -5.7486271E-01
-9.7374290E-01 2.1751729E-01 -1.1587612E+00 -7.4014558E-01 -1.4213377E+00 -5.5706350E-01
-1.0605636E+00 2.2757506E-01 -1.2726013E+00 -8.2031538E-01 -1.5241788E+00 -6.3402049E-01
-1.2597966E+00 3.2247045E-01 -1.5544959E+00 -9.1944909E-01 -1.9293037E+00 -6.5617286E-01
-1.4544260E+00 4.6134082E-01 -1.8883963E+00 -9.6462860E-01 -2.3970409E+00 -5.9155091E-01
-1.6344235E+00 6.3769607E-01 -2.2899620E+00 -9.7810841E-01 -2.8544733E+00 -3.9897738E-01
-1.7116085E+00 7.3790883E-01 -2.5298251E+00 -9.9112936E-01 -3.0614182E+00 -2.5078822E-01
-1.7111336E+00 7.3962251E-01 -2.5409820E+00 -9.9478758E-01 -3.0905004E+00 -2.8967285E-01
-1.7578273E+00 8.2787734E-01 -2.7765769E+00 -1.0101800E+00 -3.2369264E+00 -2.0176062E-01
-1.7860756E+00 9.2650353E-01 -2.9654269E+00 -9.6373837E-01 -3.4349381E+00 -1.1126712E-01
-1.7846805E+00 9.2930885E-01 -2.9597728E+00 -9.5410561E-01 -3.4222287E+00 -1.0572565E-01
-1.7916886E+00 9.6136630E-01 -3.0099847E+00 -9.3145051E-01 -3.5000000E+00 5.0000000E-01
