-1.1612446E+00 1.7110237E-01 -1.3321275E+00 -9.9151857E-01 -1.5009330E+00 -8.2959084E-01
-1.1387361E+00 1.4409198E-01 -1.2820506E+00 -9.9701135E-01 -1.4258886E+00 -8.5946644E-01
-1.1291887E+00 1.3792636E-01 -1.2671500E+00 -9.9276231E-01 -1.4030646E+00 -8.6119363E-01
-1.0606953E+00 1.1672878E-01 -1.1745985E+00 -9.4509926E-01 -1.2916031E+00 -8.3226204E-01
-9.3864324E-01 1.5132747E-01 -1.0882532E+00 -7.8848836E-01 -1.2387151E+00 -6.4614528E-01
-8.6455937E-01 1.7544018E-01 -1.0254759E+00 -6.8100997E-01 -1.2257269E+00 -5.3481085E-01
-8.5955315E-01 1.8625306E-01 -1.0242948E+00 -6.5720843E-01 -1.2283428E+00 -5.0352061E-01
-8.7332858E-01 1.8526627E-01 -1.0342705E+00 -6.6906294E-01 -1.2417154E+00 -5.2296361E-01
-9.1076416E-01 1.9372590E-01 -1.0833923E+00 -7.0064511E-01 -1.3156451E+00 -5.5921667E-01
-9.3129517E-01 2.1190076E-01 -1.1209254E+00 -7.0156152E-01 -1.3695735E+00 -5.4425214E-01
-1.0345049E+00 2.2386720E-01 -1.2437449E+00 -7.9893359E-01 -1.4909901E+00 -6.1726997E-01
-1.2673101E+00 3.2318406E-01 -1.5848673E+00 -9.4739329E-01 -1.9276164E+00 -6.5722625E-01
-1.4919667E+00 4.5369470E-01 -1.9540359E+00 -1.0299635E+00 -2.4020855E+00 -6.4642211E-01
-1.6975362E+00 6.1658701E-01 -2.3383367E+00 -1.0543634E+00 -2.8600319E+00 -5.0030014E-01
-1.7841804E+00 7.1261862E-01 -2.6010729E+00 -1.1107011E+00 -3.1056914E+00 -4.1420927E-01
-1.7846184E+00 7.1779650E-01 -2.6141726E+00 -1.1084939E+00 -3.1151030E+00 -4.1524558E-01
-1.8270330E+00 8.1020847E-01 -2.8561267E+00 -1.1443502E+00 -3.2577282E+00 -2.9896213E-01
-1.8503216E+00 9.1311344E-01 -3.0995571E+00 -1.1579861E+00 -3.4439175E+00 -1.7396870E-01
-1.8492572E+00 9.1377966E-01 -3.0892669E+00 -1.1420455E+00 -3.4287918E+00 -1.7148212E-01
-1.8539079E+00 9.4378098E-01 -3.1323123E+00 -1.1196744E+00 -3.5000000E+00 -1.6529468E-01
