-1.2870988E+00 1.7498325E-01 -1.4510060E+00 -1.1035981E+00 -1.6419293E+00 -9.5575245E-01
-1.2816664E+00 1.4947512E-01 -1.4191324E+00 -1.1248624E+00 -1.5905134E+00 -1.0014347E+00
-1.2869225E+00 1.4220582E-01 -1.4180599E+00 -1.1391205E+00 -1.5819675E+00 -1.0189817E+00
-1.2441158E+00 1.2321403E-01 -1.3548258E+00 -1.1148765E+00 -1.4988186E+00 -1.0124128E+00
-1.0965449E+00 1.5520522E-01 -1.2390966E+00 -9.3464072E-01 -1.4142450E+00 -8.0539938E-01
-8.9593340E-01 1.7990252E-01 -1.0502902E+00 -7.0244832E-01 -1.2621806E+00 -5.5372827E-01
-7.8838916E-01 1.8941755E-01 -9.4391138E-01 -5.7981546E-01 -1.2007997E+00 -4.5069884E-01
-7.5766073E-01 1.8703225E-01 -9.0906466E-01 -5.4834555E-01 -1.1404869E+00 -4.0628604E-01
-7.2027598E-01 1.9373938E-01 -8.8936928E-01 -5.1155969E-01 -1.1084661E+00 -3.4811477E-01
-7.0602147E-01 2.1086285E-01 -8.9237383E-01 -4.8233156E-01 -1.1308295E+00 -2.9753238E-01
-7.6557997E-01 2.1828606E-01 -9.6959666E-01 -5.4153219E-01 -1.2113112E+00 -3.5423892E-01
-9.8389789E-01 3.0659237E-01 -1.2843702E+00 -6.8176926E-01 -1.6025412E+00 -3.9326574E-01
-1.2606233E+00 4.4052255E-01 -1.6919362E+00 -8.1656518E-01 -2.1378338E+00 -4.0517058E-01
-1.5595061E+00 6.1145026E-01 -2.2198482E+00 -9.6804447E-01 -2.7146208E+00 -3.4981549E-01
-1.7018252E+00 7.0765052E-01 -2.5108495E+00 -1.0393702E+00 -2.9822154E+00 -2.8940832E-01
-1.7062651E+00 7.0903395E-01 -2.5233476E+00 -1.0480097E+00 -2.9821006E+00 -2.8905449E-01
-1.8023575E+00 7.9477912E-01 -2.8005088E+00 -1.1304585E+00 -3.2053020E+00 -2.6924486E-01
-1.8658123E+00 8.9170593E-01 -3.0548213E+00 -1.1639276E+00 -3.4310522E+00 -2.1306426E-01
-1.8647730E+00 8.9417548E-01 -3.0449855E+00 -1.1492214E+00 -3.4206087E+00 -2.0964900E-01
-1.8793740E+00 9.2532661E-01 -3.1173720E+00 -1.1566211E+00 -3.5000000E+00 -2.1845866E-01
