-1.0451555E+00 1.6877868E-01 -1.2117909E+00 -8.7751187E-01 -1.3742529E+00 -7.1517324E-01
-1.0423327E+00 1.4160089E-01 -1.1836253E+00 -9.0197931E-01 -1.3211126E+00 -7.6854147E-01
-1.0422811E+00 1.3512588E-01 -1.1765129E+00 -9.0870303E-01 -1.3092227E+00 -7.8121793E-01
-1.0308818E+00 1.1507445E-01 -1.1426366E+00 -9.1783479E-01 -1.2619119E+00 -8.0841565E-01
-1.0095089E+00 1.5136036E-01 -1.1559421E+00 -8.5916260E-01 -1.3175665E+00 -7.1601031E-01
-9.9675184E-01 1.7923084E-01 -1.1563418E+00 -8.0678436E-01 -1.3759843E+00 -6.6933749E-01
-9.9808816E-01 1.9337411E-01 -1.1598125E+00 -7.8690951E-01 -1.3941375E+00 -6.3592642E-01
-1.0017097E+00 1.9338647E-01 -1.1622300E+00 -7.8979592E-01 -1.3952296E+00 -6.3900124E-01
-1.0136028E+00 2.0287988E-01 -1.1902082E+00 -7.9248227E-01 -1.4180270E+00 -6.3006943E-01
-1.0147293E+00 2.2053453E-01 -1.2141158E+00 -7.7633652E-01 -1.4497614E+00 -5.9536314E-01
-1.0573926E+00 2.3214064E-01 -1.2775537E+00 -8.1492984E-01 -1.5253193E+00 -6.2075002E-01
-1.1910720E+00 3.2014076E-01 -1.4827197E+00 -8.5914779E-01 -1.8546328E+00 -5.9023661E-01
-1.3626640E+00 4.4156076E-01 -1.7625675E+00 -8.9765711E-01 -2.2771871E+00 -5.3881827E-01
-1.5564863E+00 6.0253822E-01 -2.1657776E+00 -9.5375726E-01 -2.7547592E+00 -3.8635229E-01
-1.6521208E+00 6.9893420E-01 -2.4107341E+00 -9.7914359E-01 -2.9823765E+00 -2.7110664E-01
-1.6553791E+00 7.0173190E-01 -2.4189148E+00 -9.7983803E-01 -2.9869832E+00 -2.6828911E-01
-1.7209076E+00 7.9418864E-01 -2.6531586E+00 -9.7620640E-01 -3.1732928E+00 -2.0365495E-01
-1.7621528E+00 8.9795103E-01 -2.8572913E+00 -9.3106755E-01 -3.3960275E+00 -1.1878237E-01
-1.7608402E+00 9.0020641E-01 -2.8578341E+00 -9.2663333E-01 -3.3909306E+00 -1.1864080E-01
-1.7695010E+00 9.3217532E-01 -2.9242376E+00 -9.2316383E-01 -3.5000000E+00 -1.2974414E-01
