-1.1611945E+00 1.8597582E-01 -1.3451367E+00 -9.7686314E-01 -1.5333497E+00 -8.0706769E-01
-1.1595117E+00 1.6164643E-01 -1.3089213E+00 -9.8965710E-01 -1.4903249E+00 -8.5695894E-01
-1.1614587E+00 1.5610238E-01 -1.3067068E+00 -9.9762952E-01 -1.4785822E+00 -8.6954974E-01
-1.1439116E+00 1.4289402E-01 -1.2707783E+00 -9.9022644E-01 -1.4438094E+00 -8.8307394E-01
-1.0877774E+00 1.7592558E-01 -1.2479640E+00 -8.9910565E-01 -1.4521344E+00 -7.6601367E-01
-1.0086541E+00 1.9889314E-01 -1.1881264E+00 -7.9023076E-01 -1.4171101E+00 -6.4660493E-01
-9.6306849E-01 2.1300425E-01 -1.1618447E+00 -7.3223287E-01 -1.3914929E+00 -5.6615506E-01
-9.4762073E-01 2.1336378E-01 -1.1526907E+00 -7.2190216E-01 -1.3750249E+00 -5.4810226E-01
-9.1095060E-01 2.1544184E-01 -1.1271529E+00 -6.9400814E-01 -1.3392049E+00 -5.0209921E-01
-8.9495568E-01 2.2844418E-01 -1.1241424E+00 -6.6726955E-01 -1.3497813E+00 -4.5720144E-01
-8.4454965E-01 2.3086170E-01 -1.0724038E+00 -6.1223213E-01 -1.3050430E+00 -3.9864793E-01
-7.5817317E-01 3.1830022E-01 -1.0760418E+00 -4.3902233E-01 -1.3901895E+00 -1.4575528E-01
-6.9820256E-01 4.4151871E-01 -1.0909522E+00 -2.1436571E-01 -1.5799248E+00 1.4199759E-01
-6.6557607E-01 5.8852231E-01 -1.1021018E+00 6.6597882E-02 -1.8174307E+00 3.8899795E-01
-6.6882406E-01 6.6867666E-01 -1.0950891E+00 2.1234004E-01 -1.9414408E+00 4.8435426E-01
-6.7261369E-01 6.7058384E-01 -1.0971822E+00 2.0897612E-01 -1.9659049E+00 4.6726785E-01
-7.1090493E-01 7.3684349E-01 -1.1076367E+00 2.7818507E-01 -2.1612356E+00 4.5491989E-01
-7.5019524E-01 8.1727505E-01 -1.1410807E+00 3.7860339E-01 -2.3221821E+00 5.0000000E-01
-7.5338245E-01 8.1743024E-01 -1.1257225E+00 3.8844993E-01 -2.3434661E+00 4.7754988E-01
-7.6671999E-01 8.4404785E-01 -1.1412804E+00 4.3859904E-01 -2.3885752E+00 5.0000000E-01
