-1.2982967E+00 1.8148443E-01 -1.4771651E+00 -1.1181342E+00 -1.6514033E+00 -9.3975788E-01
-1.2741315E+00 1.5511388E-01 -1.4283976E+00 -1.1195200E+00 -1.5788346E+00 -9.7627341E-01
-1.2640794E+00 1.4873817E-01 -1.4050014E+00 -1.1088821E+00 -1.5615944E+00 -9.8165151E-01
-1.1958380E+00 1.3147550E-01 -1.3147351E+00 -1.0555331E+00 -1.4680754E+00 -9.5161191E-01
-1.0794983E+00 1.7047095E-01 -1.2345834E+00 -8.9860485E-01 -1.4332527E+00 -7.6492078E-01
-1.0076887E+00 2.0061957E-01 -1.1852037E+00 -7.9109349E-01 -1.4044612E+00 -6.2330467E-01
-9.9537156E-01 2.1606813E-01 -1.1826588E+00 -7.6008080E-01 -1.4285746E+00 -5.8356177E-01
-1.0038178E+00 2.1802682E-01 -1.1938974E+00 -7.6432942E-01 -1.4419479E+00 -5.9142865E-01
-1.0024818E+00 2.2390657E-01 -1.2056348E+00 -7.5988319E-01 -1.4651293E+00 -5.9104386E-01
-1.0042864E+00 2.3640515E-01 -1.2246404E+00 -7.5060296E-01 -1.4832663E+00 -5.6315645E-01
-9.8208051E-01 2.3446380E-01 -1.2073129E+00 -7.3913947E-01 -1.4492529E+00 -5.3452806E-01
-9.2205003E-01 3.1103771E-01 -1.2329846E+00 -6.0807881E-01 -1.5372741E+00 -3.3004042E-01
-8.6592727E-01 4.3112208E-01 -1.2571497E+00 -4.0420332E-01 -1.7246744E+00 -3.6128468E-02
-8.3202834E-01 5.7853726E-01 -1.2977750E+00 -1.6312303E-01 -1.9970168E+00 2.3183355E-01
-8.2973455E-01 6.6491738E-01 -1.3166712E+00 -1.6444557E-02 -2.1624816E+00 3.5595203E-01
-8.3104960E-01 6.6838929E-01 -1.3097435E+00 -3.9264586E-03 -2.1740894E+00 3.4955646E-01
-8.4916849E-01 7.5277806E-01 -1.3113287E+00 1.3842323E-01 -2.3504698E+00 3.9563661E-01
-8.7010447E-01 8.4952954E-01 -1.3160357E+00 3.1745034E-01 -2.5013854E+00 4.9012497E-01
-8.7458160E-01 8.5203853E-01 -1.3015453E+00 3.3309979E-01 -2.5270719E+00 4.6045517E-01
-8.8249960E-01 8.8493289E-01 -1.3461465E+00 3.7097029E-01 -2.5689773E+00 5.0000000E-01
