-1.1636020E+00 1.6954841E-01 -1.3327529E+00 -9.9623323E-01 -1.5062627E+00 -8.3940445E-01
-1.1605140E+00 1.4386624E-01 -1.2960485E+00 -1.0121060E+00 -1.4510244E+00 -8.8596302E-01
-1.1646550E+00 1.3883645E-01 -1.2968552E+00 -1.0226117E+00 -1.4444390E+00 -8.9735962E-01
-1.1322077E+00 1.1913411E-01 -1.2446653E+00 -1.0102937E+00 -1.3721227E+00 -9.0459922E-01
-1.0210147E+00 1.5461478E-01 -1.1645138E+00 -8.5555597E-01 -1.3358740E+00 -7.3473320E-01
-8.7427127E-01 1.7990912E-01 -1.0280091E+00 -6.8083509E-01 -1.2366355E+00 -5.3535391E-01
-8.0039476E-01 1.9082254E-01 -9.5374424E-01 -5.9141988E-01 -1.1816388E+00 -4.4151559E-01
-7.8184578E-01 1.8989405E-01 -9.3037503E-01 -5.7288243E-01 -1.1634210E+00 -4.2769411E-01
-7.6848830E-01 2.0056665E-01 -9.3595844E-01 -5.5244236E-01 -1.1708497E+00 -3.8494076E-01
-7.6481989E-01 2.1895142E-01 -9.5707223E-01 -5.3238048E-01 -1.2041982E+00 -3.4029853E-01
-8.4020180E-01 2.2645557E-01 -1.0690238E+00 -6.1309027E-01 -1.2955330E+00 -4.1373070E-01
-1.0639428E+00 3.1557485E-01 -1.3623729E+00 -7.3725472E-01 -1.6998264E+00 -4.6458023E-01
-1.3275011E+00 4.5324133E-01 -1.7873648E+00 -8.7692300E-01 -2.2207766E+00 -4.4872448E-01
-1.6093599E+00 6.2220238E-01 -2.2821985E+00 -1.0162898E+00 -2.7691696E+00 -3.4488922E-01
-1.7439145E+00 7.1579798E-01 -2.5627482E+00 -1.0882116E+00 -3.0635857E+00 -3.3485164E-01
-1.7481307E+00 7.1846190E-01 -2.5765444E+00 -1.0933470E+00 -3.0662261E+00 -3.3635947E-01
-1.8406266E+00 8.0634107E-01 -2.8691097E+00 -1.1858182E+00 -3.2552797E+00 -2.9535235E-01
-1.9027109E+00 9.0475898E-01 -3.1548565E+00 -1.2513487E+00 -3.4563406E+00 -2.4170375E-01
-1.9019080E+00 9.0630373E-01 -3.1590029E+00 -1.2523625E+00 -3.4363967E+00 -2.3730973E-01
-1.9165580E+00 9.3712288E-01 -3.2027300E+00 -1.2285114E+00 -3.5000000E+00 -2.3117396E-01
