-1.3732602E+00 1.7806636E-01 -1.5482193E+00 -1.1955358E+00 -1.7328139E+00 -1.0376777E+00
-1.3595942E+00 1.5360815E-01 -1.5008740E+00 -1.1981382E+00 -1.6730129E+00 -1.0733354E+00
-1.3593038E+00 1.4895441E-01 -1.4957939E+00 -1.2017379E+00 -1.6648901E+00 -1.0823948E+00
-1.2888533E+00 1.2865052E-01 -1.4046079E+00 -1.1518607E+00 -1.5443135E+00 -1.0411746E+00
-1.1061743E+00 1.5799688E-01 -1.2504239E+00 -9.4181104E-01 -1.4305669E+00 -8.0605835E-01
-9.0741211E-01 1.8427344E-01 -1.0658609E+00 -7.1011124E-01 -1.2792398E+00 -5.5189760E-01
-8.2025522E-01 1.9816786E-01 -9.8464860E-01 -6.0494770E-01 -1.2226578E+00 -4.4390297E-01
-8.0534320E-01 1.9639752E-01 -9.6377223E-01 -5.8837741E-01 -1.2031480E+00 -4.3528172E-01
-7.8343799E-01 2.0154865E-01 -9.4662630E-01 -5.5844463E-01 -1.1895578E+00 -4.0674812E-01
-7.7591474E-01 2.1628227E-01 -9.6251698E-01 -5.4095520E-01 -1.2074166E+00 -3.6474273E-01
-8.1610794E-01 2.2108454E-01 -1.0339117E+00 -5.9403321E-01 -1.2616825E+00 -3.9813375E-01
-9.6428004E-01 3.0833650E-01 -1.2676389E+00 -6.5667282E-01 -1.5819758E+00 -3.7401117E-01
-1.1615312E+00 4.4458596E-01 -1.5966882E+00 -7.1806779E-01 -2.0570805E+00 -2.9796882E-01
-1.3869547E+00 6.1645628E-01 -2.0075011E+00 -7.6288115E-01 -2.5943602E+00 -1.7681908E-01
-1.4989864E+00 7.1559676E-01 -2.2454173E+00 -7.5349345E-01 -2.8547777E+00 -1.1470463E-01
-1.5036116E+00 7.1975562E-01 -2.2611806E+00 -7.5258373E-01 -2.8613435E+00 -1.1809207E-01
-1.5807176E+00 8.1302382E-01 -2.4659218E+00 -7.0743431E-01 -3.0811088E+00 -7.9141394E-02
-1.6293849E+00 9.1405892E-01 -2.6324411E+00 -6.3337216E-01 -3.3244666E+00 1.2248203E-02
-1.6274379E+00 9.1518171E-01 -2.6741359E+00 -6.7742227E-01 -3.3292796E+00 8.7845549E-03
-1.6377317E+00 9.4463577E-01 -2.7254410E+00 -6.6171023E-01 -3.4447243E+00 1.0219536E-02
