-1.2170274E+00 1.7548651E-01 -1.3906738E+00 -1.0445151E+00 -1.5676708E+00 -8.7599777E-01
-1.1965485E+00 1.4819800E-01 -1.3424219E+00 -1.0499237E+00 -1.4944961E+00 -9.0897530E-01
-1.1889488E+00 1.4250029E-01 -1.3284811E+00 -1.0482993E+00 -1.4763104E+00 -9.1135608E-01
-1.1211230E+00 1.2187393E-01 -1.2348516E+00 -9.9554407E-01 -1.3720837E+00 -8.9126085E-01
-9.9325848E-01 1.5990512E-01 -1.1432073E+00 -8.2618468E-01 -1.3204153E+00 -6.9299707E-01
-9.0455782E-01 1.8727801E-01 -1.0666870E+00 -7.0293502E-01 -1.3040367E+00 -5.6272959E-01
-8.8715757E-01 1.9986312E-01 -1.0513962E+00 -6.6913912E-01 -1.3009809E+00 -5.0894923E-01
-8.9596024E-01 1.9809753E-01 -1.0582242E+00 -6.7759491E-01 -1.3027113E+00 -5.2476174E-01
-9.1953531E-01 2.0467655E-01 -1.0940518E+00 -6.9294582E-01 -1.3308165E+00 -5.3720625E-01
-9.3491210E-01 2.1882667E-01 -1.1255956E+00 -6.9357543E-01 -1.3881440E+00 -5.3651391E-01
-1.0025105E+00 2.2735444E-01 -1.2199174E+00 -7.6714289E-01 -1.4617273E+00 -5.7076988E-01
-1.1484964E+00 3.2527768E-01 -1.4692540E+00 -8.2403372E-01 -1.8023694E+00 -5.2889825E-01
-1.2880752E+00 4.6523246E-01 -1.7553175E+00 -8.2011392E-01 -2.2175373E+00 -3.9270759E-01
-1.4233410E+00 6.4832806E-01 -2.0966593E+00 -7.5564108E-01 -2.6800833E+00 -1.8065154E-01
-1.4866347E+00 7.5371872E-01 -2.2841035E+00 -6.9567771E-01 -2.9120181E+00 -5.1087491E-02
-1.4886044E+00 7.5654577E-01 -2.2900447E+00 -6.9145367E-01 -2.9158373E+00 -4.9280627E-02
-1.5373268E+00 8.4516267E-01 -2.4686273E+00 -6.1843049E-01 -3.0691240E+00 4.0616762E-02
-1.5704622E+00 9.3991154E-01 -2.6169760E+00 -5.3865775E-01 -3.3012454E+00 1.1582891E-01
-1.5687411E+00 9.4028736E-01 -2.6162297E+00 -5.3873179E-01 -3.3104145E+00 1.0512418E-01
-1.5756617E+00 9.7018701E-01 -2.6557261E+00 -5.1573835E-01 -3.5000000E+00 5.0000000E-01
