-9.3488705E-01 1.7459424E-01 -1.1088874E+00 -7.6358815E-01 -1.2834260E+00 -5.9592384E-01
-9.3938740E-01 1.4613559E-01 -1.0779380E+00 -7.9049545E-01 -1.2342602E+00 -6.5782252E-01
-9.3666499E-01 1.3837964E-01 -1.0653156E+00 -7.9365847E-01 -1.2145648E+00 -6.6835163E-01
-9.6516355E-01 1.1812555E-01 -1.0815114E+00 -8.4791611E-01 -1.1999849E+00 -7.3570368E-01
-1.0498814E+00 1.5734630E-01 -1.2070149E+00 -8.9275108E-01 -1.3600753E+00 -7.4439622E-01
-1.1540220E+00 1.9044005E-01 -1.3282532E+00 -9.5354921E-01 -1.5308497E+00 -7.8350547E-01
-1.2054347E+00 2.0822563E-01 -1.3961472E+00 -9.8428480E-01 -1.6364328E+00 -8.1863417E-01
-1.2188892E+00 2.1068579E-01 -1.4120399E+00 -9.9437859E-01 -1.6513347E+00 -8.2796951E-01
-1.2343878E+00 2.1893868E-01 -1.4329361E+00 -1.0012599E+00 -1.6856395E+00 -8.2499241E-01
-1.2390909E+00 2.3406786E-01 -1.4578927E+00 -9.9571433E-01 -1.7211200E+00 -7.9925486E-01
-1.2079475E+00 2.3800208E-01 -1.4301340E+00 -9.6083152E-01 -1.6947022E+00 -7.5566232E-01
-1.1113376E+00 3.2397465E-01 -1.4156476E+00 -7.7685228E-01 -1.7668009E+00 -5.0733865E-01
-1.0122396E+00 4.4592881E-01 -1.4065237E+00 -5.3434626E-01 -1.8901084E+00 -1.5689338E-01
-9.2808005E-01 5.9156513E-01 -1.4125182E+00 -2.4497179E-01 -2.0888295E+00 1.6747704E-01
-8.9894148E-01 6.7325748E-01 -1.4178378E+00 -8.0957206E-02 -2.2143760E+00 3.1672181E-01
-9.0098011E-01 6.7411764E-01 -1.4160221E+00 -7.9855782E-02 -2.2232573E+00 3.0607091E-01
-8.9291862E-01 7.5024184E-01 -1.3861914E+00 9.3410435E-02 -2.3560839E+00 3.5647314E-01
-8.9138194E-01 8.4278455E-01 -1.3928756E+00 2.8042357E-01 -2.4724011E+00 4.7790303E-01
-8.9310704E-01 8.4572718E-01 -1.3753042E+00 3.0419059E-01 -2.4870939E+00 4.6009052E-01
-8.9267432E-01 8.7728649E-01 -1.4098694E+00 3.4350185E-01 -2.5179326E+00 5.0000000E-01
