-1.1510243E+00 1.6726002E-01 -1.3166762E+00 -9.8469599E-01 -1.4875084E+00 -8.3163916E-01
-1.1328765E+00 1.4133666E-01 -1.2728489E+00 -9.9314382E-01 -1.4204046E+00 -8.6526274E-01
-1.1274050E+00 1.3546721E-01 -1.2622934E+00 -9.9353713E-01 -1.4003490E+00 -8.6795189E-01
-1.0683399E+00 1.2175866E-01 -1.1883756E+00 -9.4708653E-01 -1.3123114E+00 -8.4066584E-01
-9.4681042E-01 1.5885982E-01 -1.0915738E+00 -7.7958691E-01 -1.2754197E+00 -6.5334061E-01
-8.6129644E-01 1.8473378E-01 -1.0176973E+00 -6.5897802E-01 -1.2548083E+00 -5.2844160E-01
-8.5127102E-01 1.9696550E-01 -1.0183647E+00 -6.3600582E-01 -1.2493627E+00 -4.7822667E-01
-8.6982572E-01 1.9342162E-01 -1.0330646E+00 -6.5649916E-01 -1.2604715E+00 -5.0394720E-01
-9.1451355E-01 1.9537483E-01 -1.0869854E+00 -7.0213381E-01 -1.3053332E+00 -5.4095568E-01
-9.4180824E-01 2.0859804E-01 -1.1284089E+00 -7.1721446E-01 -1.3721050E+00 -5.5241552E-01
-1.0314434E+00 2.1542886E-01 -1.2389343E+00 -8.1924197E-01 -1.4702210E+00 -6.1978494E-01
-1.2061007E+00 3.2335441E-01 -1.5283983E+00 -8.8435386E-01 -1.8535896E+00 -5.8779639E-01
-1.3478928E+00 4.7299155E-01 -1.8272314E+00 -8.7336560E-01 -2.2677626E+00 -4.3555306E-01
-1.4532613E+00 6.5360727E-01 -2.1411295E+00 -7.8188985E-01 -2.6894147E+00 -1.9640416E-01
-1.4858559E+00 7.5533174E-01 -2.2895814E+00 -6.9105715E-01 -2.8977095E+00 -5.7560559E-02
-1.4812100E+00 7.6033633E-01 -2.2907814E+00 -6.7773781E-01 -2.9038014E+00 -4.8238535E-02
-1.4881513E+00 8.5349794E-01 -2.4204336E+00 -5.5783526E-01 -3.0636957E+00 6.7157856E-02
-1.4898097E+00 9.5160142E-01 -2.5446602E+00 -4.3853582E-01 -3.2300257E+00 2.1753940E-01
-1.4894896E+00 9.5330146E-01 -2.5491039E+00 -4.3318564E-01 -3.2339091E+00 2.1864493E-01
-1.4893952E+00 9.8544338E-01 -2.5864671E+00 -3.9585204E-01 -3.5000000E+00 5.0000000E-01
