-1.1316948E+00 1.7575960E-01 -1.3047733E+00 -9.5688548E-01 -1.4782247E+00 -7.8842935E-01
-1.1339086E+00 1.5023744E-01 -1.2813033E+00 -9.8570961E-01 -1.4337387E+00 -8.4058327E-01
-1.1350067E+00 1.4431152E-01 -1.2775229E+00 -9.9363320E-01 -1.4223781E+00 -8.5289586E-01
-1.1465445E+00 1.2867104E-01 -1.2741151E+00 -1.0184588E+00 -1.4050122E+00 -9.0093832E-01
-1.1594890E+00 1.6612256E-01 -1.3145520E+00 -9.8523526E-01 -1.4991196E+00 -8.4817887E-01
-1.1432784E+00 2.0290293E-01 -1.3186480E+00 -9.1728258E-01 -1.5476653E+00 -7.6139565E-01
-1.1156045E+00 2.2252182E-01 -1.3065602E+00 -8.6509355E-01 -1.5575420E+00 -6.9971234E-01
-1.0950786E+00 2.2171268E-01 -1.2878416E+00 -8.4557132E-01 -1.5365510E+00 -6.8284300E-01
-1.0542704E+00 2.2635456E-01 -1.2597971E+00 -8.0511923E-01 -1.5180001E+00 -6.4223758E-01
-1.0309131E+00 2.3996733E-01 -1.2597911E+00 -7.7906395E-01 -1.5124223E+00 -5.7850868E-01
-9.7271840E-01 2.3949638E-01 -1.2082971E+00 -7.3478332E-01 -1.4534314E+00 -5.1496734E-01
-8.9001174E-01 3.1236029E-01 -1.1987085E+00 -5.8010261E-01 -1.5256713E+00 -3.0284360E-01
-8.6011112E-01 4.3637349E-01 -1.2580349E+00 -3.9406772E-01 -1.7605221E+00 -4.2181886E-02
-8.7787831E-01 6.0658157E-01 -1.4209874E+00 -1.9947877E-01 -2.0411837E+00 2.7724840E-01
-9.0556922E-01 7.0211017E-01 -1.5057549E+00 -7.9577200E-02 -2.2230055E+00 4.0862522E-01
-9.1080823E-01 7.0404624E-01 -1.5055241E+00 -7.7072799E-02 -2.2373504E+00 3.9609086E-01
-9.5105292E-01 7.8349644E-01 -1.5173855E+00 7.1176012E-02 -2.4299197E+00 4.1500554E-01
-9.8434298E-01 8.7242669E-01 -1.5371774E+00 2.4148582E-01 -2.5820458E+00 5.0000000E-01
-9.8559520E-01 8.7229780E-01 -1.5187334E+00 2.6194037E-01 -2.6040259E+00 4.6416098E-01
-9.9352144E-01 8.9872458E-01 -1.5809344E+00 2.6272938E-01 -2.6318815E+00 5.0000000E-01
