-1.1025970E+00 1.7559967E-01 -1.2770207E+00 -9.2852229E-01 -1.4487219E+00 -7.6151065E-01
-1.0708587E+00 1.4909956E-01 -1.2184950E+00 -9.2463346E-01 -1.3703897E+00 -7.8248807E-01
-1.0521369E+00 1.4285086E-01 -1.1931031E+00 -9.1224406E-01 -1.3410657E+00 -7.7606606E-01
-9.6850685E-01 1.2358573E-01 -1.0839113E+00 -8.4115975E-01 -1.2210350E+00 -7.3192899E-01
-8.7625815E-01 1.6339726E-01 -1.0290149E+00 -7.0536928E-01 -1.2054729E+00 -5.6709306E-01
-9.1352960E-01 1.9117044E-01 -1.0930251E+00 -7.1055075E-01 -1.3013645E+00 -5.5346260E-01
-9.9334512E-01 2.0185305E-01 -1.1781679E+00 -7.7446292E-01 -1.4056000E+00 -6.2058315E-01
-1.0463453E+00 1.9933260E-01 -1.2301376E+00 -8.3204682E-01 -1.4541910E+00 -6.7637788E-01
-1.1270596E+00 2.0239355E-01 -1.3282058E+00 -9.2428027E-01 -1.5372410E+00 -7.4289285E-01
-1.1690496E+00 2.1397543E-01 -1.3817629E+00 -9.5434318E-01 -1.5953294E+00 -7.5724409E-01
-1.2062563E+00 2.1897465E-01 -1.4232310E+00 -9.8786913E-01 -1.6425059E+00 -7.8309747E-01
-1.1865569E+00 3.1994259E-01 -1.4796276E+00 -8.5088121E-01 -1.8402189E+00 -5.7729869E-01
-1.0869121E+00 4.5526258E-01 -1.4942820E+00 -6.0028581E-01 -2.0042857E+00 -2.1451194E-01
-9.4536019E-01 6.1293177E-01 -1.4309820E+00 -2.3248690E-01 -2.1850341E+00 1.8632443E-01
-8.7048986E-01 6.9802701E-01 -1.3727526E+00 -2.7276921E-02 -2.2746427E+00 3.7937349E-01
-8.6759992E-01 6.9867208E-01 -1.3629620E+00 -1.7842562E-02 -2.2769910E+00 3.6930468E-01
-8.1937190E-01 7.6971716E-01 -1.2535131E+00 1.8097893E-01 -2.3755718E+00 4.2248908E-01
-7.8908181E-01 8.5651475E-01 -1.1791423E+00 3.9474747E-01 -2.4548715E+00 5.0000000E-01
-7.9034816E-01 8.5784167E-01 -1.1672252E+00 3.9673902E-01 -2.4722130E+00 4.7455058E-01
-7.8311467E-01 8.8726965E-01 -1.1223499E+00 5.0000000E-01 -2.4991970E+00 5.0000000E-01
