-1.4197447E+00 1.7029341E-01 -1.5887504E+00 -1.2505538E+00 -1.7531087E+00 -1.0871774E+00
-1.3720042E+00 1.4435017E-01 -1.5161463E+00 -1.2288025E+00 -1.6575661E+00 -1.0932176E+00
-1.3561856E+00 1.3955897E-01 -1.4955608E+00 -1.2173692E+00 -1.6313357E+00 -1.0869022E+00
-1.1952288E+00 1.2122390E-01 -1.3142450E+00 -1.0756845E+00 -1.4398784E+00 -9.6321066E-01
-8.7736697E-01 1.5648031E-01 -1.0315018E+00 -7.2168779E-01 -1.1934859E+00 -5.8192802E-01
-6.5333845E-01 1.7400909E-01 -8.0936362E-01 -4.6900022E-01 -9.9851247E-01 -3.2009839E-01
-6.1722084E-01 1.7957751E-01 -7.6907237E-01 -4.2156632E-01 -9.7902936E-01 -2.8034417E-01
-6.5489473E-01 1.7778208E-01 -8.0414336E-01 -4.6055402E-01 -1.0151350E+00 -3.2248257E-01
-7.3010432E-01 1.8370433E-01 -8.8706765E-01 -5.2938060E-01 -1.1024489E+00 -3.8534285E-01
-7.7522605E-01 1.9993011E-01 -9.5299036E-01 -5.5915866E-01 -1.1926121E+00 -4.1301370E-01
-9.2822677E-01 2.1588106E-01 -1.1317505E+00 -7.0453351E-01 -1.3668722E+00 -5.1893643E-01
-1.2343362E+00 3.2619867E-01 -1.5585607E+00 -9.0640973E-01 -1.8831593E+00 -6.1165394E-01
-1.4963866E+00 4.6635916E-01 -1.9740200E+00 -1.0259715E+00 -2.4114835E+00 -6.0452819E-01
-1.7129477E+00 6.3282283E-01 -2.3704106E+00 -1.0645026E+00 -2.8965377E+00 -4.6216893E-01
-1.7937302E+00 7.2479066E-01 -2.6146789E+00 -1.1051874E+00 -3.1569688E+00 -4.0605507E-01
-1.7929312E+00 7.2895723E-01 -2.6223610E+00 -1.1040503E+00 -3.1598235E+00 -3.9615742E-01
-1.8290827E+00 8.0388518E-01 -2.8138303E+00 -1.1162962E+00 -3.2853279E+00 -3.0950952E-01
-1.8435688E+00 8.8617099E-01 -2.9828429E+00 -1.0818451E+00 -3.4251012E+00 -2.2787362E-01
-1.8420791E+00 8.8657724E-01 -2.9737460E+00 -1.0689408E+00 -3.4131450E+00 -2.2888081E-01
-1.8453263E+00 9.1272622E-01 -3.0204517E+00 -1.0570748E+00 -3.5000000E+00 -2.4328478E-01
