-1.2096154E+00 1.6770803E-01 -1.3755581E+00 -1.0430733E+00 -1.5423573E+00 -8.8228683E-01
-1.1772324E+00 1.4158403E-01 -1.3162790E+00 -1.0373860E+00 -1.4603087E+00 -9.0044203E-01
-1.1654570E+00 1.3627114E-01 -1.3001542E+00 -1.0310551E+00 -1.4375672E+00 -9.0038866E-01
-1.0583175E+00 1.1676428E-01 -1.1688940E+00 -9.3825483E-01 -1.2948879E+00 -8.3435352E-01
-8.5917428E-01 1.4965438E-01 -1.0061511E+00 -7.1034109E-01 -1.1603654E+00 -5.7344782E-01
-7.4490113E-01 1.6851106E-01 -8.9626233E-01 -5.6746627E-01 -1.0951852E+00 -4.3054866E-01
-7.5121325E-01 1.7830232E-01 -9.0963904E-01 -5.6259323E-01 -1.1110826E+00 -4.0827773E-01
-7.9018966E-01 1.7653602E-01 -9.4784596E-01 -6.0158568E-01 -1.1429825E+00 -4.5208702E-01
-8.8024763E-01 1.8484724E-01 -1.0471379E+00 -6.8448120E-01 -1.2652641E+00 -5.3826377E-01
-9.3437430E-01 2.0019888E-01 -1.1165277E+00 -7.2332069E-01 -1.3518571E+00 -5.6234400E-01
-1.1136413E+00 2.1465401E-01 -1.3137407E+00 -8.8757982E-01 -1.5484129E+00 -7.1274951E-01
-1.4487812E+00 3.2344219E-01 -1.7534692E+00 -1.1123894E+00 -2.1066883E+00 -8.3425327E-01
-1.7062187E+00 4.5815642E-01 -2.1663878E+00 -1.2423017E+00 -2.6079678E+00 -8.3156399E-01
-1.8905825E+00 6.1656056E-01 -2.5628232E+00 -1.2908286E+00 -3.0582538E+00 -7.1113223E-01
-1.9480210E+00 7.0431573E-01 -2.7739751E+00 -1.3020750E+00 -3.2450673E+00 -6.0753569E-01
-1.9444816E+00 7.0598140E-01 -2.7806046E+00 -1.3063569E+00 -3.2382630E+00 -6.0208149E-01
-1.9615155E+00 7.7645182E-01 -2.9657648E+00 -1.3345764E+00 -3.3105134E+00 -4.9000909E-01
-1.9653546E+00 8.6114514E-01 -3.1508028E+00 -1.3327887E+00 -3.4660448E+00 -3.9650376E-01
-1.9625824E+00 8.6229247E-01 -3.1625031E+00 -1.3396233E+00 -3.4407241E+00 -3.8232835E-01
-1.9602748E+00 8.8911717E-01 -3.1834293E+00 -1.3032404E+00 -3.5000000E+00 -3.7211289E-01
