-1.4613379E+00 1.9343255E-01 -1.6549097E+00 -1.2692826E+00 -1.8459251E+00 -1.0864817E+00
-1.4457618E+00 1.6714229E-01 -1.6052834E+00 -1.2732726E+00 -1.7826240E+00 -1.1259439E+00
-1.4412228E+00 1.6121995E-01 -1.5919776E+00 -1.2728721E+00 -1.7677134E+00 -1.1354648E+00
-1.3905520E+00 1.4215663E-01 -1.5211790E+00 -1.2399537E+00 -1.6830746E+00 -1.1268397E+00
-1.2741864E+00 1.7160325E-01 -1.4352717E+00 -1.0961004E+00 -1.6284965E+00 -9.5111024E-01
-1.1469562E+00 1.9886263E-01 -1.3200787E+00 -9.3127891E-01 -1.5695171E+00 -7.8376389E-01
-1.0793022E+00 2.1248750E-01 -1.2627214E+00 -8.4488388E-01 -1.5265976E+00 -6.9472759E-01
-1.0571710E+00 2.1272122E-01 -1.2438311E+00 -8.2045423E-01 -1.4837864E+00 -6.6038200E-01
-9.9027209E-01 2.2069034E-01 -1.1882811E+00 -7.4292652E-01 -1.4404596E+00 -5.9180387E-01
-9.5542160E-01 2.3610572E-01 -1.1754398E+00 -6.9617783E-01 -1.4295400E+00 -5.1911016E-01
-8.3830058E-01 2.4167152E-01 -1.0721016E+00 -5.8440624E-01 -1.3176569E+00 -3.7892187E-01
-6.4888180E-01 3.0387294E-01 -9.4928635E-01 -3.4562014E-01 -1.2705448E+00 -7.6241390E-02
-5.5050225E-01 3.9485507E-01 -8.9719956E-01 -1.1645311E-01 -1.3385977E+00 2.0326358E-01
-5.4680863E-01 5.2505817E-01 -9.6484630E-01 8.0465397E-02 -1.5468925E+00 4.2485995E-01
-5.8777254E-01 6.0710789E-01 -1.0200489E+00 1.8421344E-01 -1.6963369E+00 5.0000000E-01
-5.9809149E-01 6.0963510E-01 -1.0190913E+00 1.8478349E-01 -1.7410086E+00 4.6556556E-01
-6.7668251E-01 6.9159735E-01 -1.0741501E+00 2.3910475E-01 -2.0049432E+00 4.5315402E-01
-7.4644150E-01 7.9174427E-01 -1.1384527E+00 3.5723577E-01 -2.2396288E+00 5.0000000E-01
-7.5005643E-01 7.9382089E-01 -1.1218867E+00 3.7281114E-01 -2.2652602E+00 4.7393490E-01
-7.6979325E-01 8.2584524E-01 -1.1738432E+00 4.0021933E-01 -2.3263719E+00 5.0000000E-01
