-1.4113553E+00 1.7802142E-01 -1.5886698E+00 -1.2333274E+00 -1.7624701E+00 -1.0679179E+00
-1.3854201E+00 1.5371750E-01 -1.5305046E+00 -1.2253456E+00 -1.6918170E+00 -1.0911818E+00
-1.3768756E+00 1.4903322E-01 -1.5183877E+00 -1.2210568E+00 -1.6769419E+00 -1.0963865E+00
-1.2883713E+00 1.3626148E-01 -1.4111900E+00 -1.1412576E+00 -1.5714804E+00 -1.0381358E+00
-1.1135948E+00 1.7657849E-01 -1.2717168E+00 -9.2734772E-01 -1.4821215E+00 -7.8655956E-01
-9.7725146E-01 2.0483538E-01 -1.1554272E+00 -7.5767003E-01 -1.4057412E+00 -6.0432268E-01
-9.3616290E-01 2.1478791E-01 -1.1201538E+00 -7.0359909E-01 -1.3876798E+00 -5.4756583E-01
-9.3850506E-01 2.1263267E-01 -1.1233353E+00 -7.0641676E-01 -1.3630224E+00 -5.3440957E-01
-9.3561306E-01 2.1349930E-01 -1.1261199E+00 -7.0452447E-01 -1.3849774E+00 -5.4518035E-01
-9.3713749E-01 2.2716723E-01 -1.1485291E+00 -6.9584884E-01 -1.4036634E+00 -5.1012058E-01
-9.4019847E-01 2.2739908E-01 -1.1676432E+00 -7.1191726E-01 -1.3907483E+00 -4.9767070E-01
-9.4980195E-01 3.1919821E-01 -1.2689653E+00 -6.3624287E-01 -1.5833331E+00 -3.3502791E-01
-9.6568852E-01 4.6338443E-01 -1.3936623E+00 -4.6990301E-01 -1.9158908E+00 -9.1219225E-02
-9.9152997E-01 6.3861099E-01 -1.5587427E+00 -2.6484737E-01 -2.2495776E+00 2.1169781E-01
-1.0102655E+00 7.3262542E-01 -1.6404387E+00 -1.3628671E-01 -2.4268872E+00 3.4958108E-01
-1.0115955E+00 7.3356779E-01 -1.6368259E+00 -1.3190442E-01 -2.4316600E+00 3.4222183E-01
-1.0360137E+00 8.1832816E-01 -1.6218881E+00 6.0154699E-02 -2.6134773E+00 3.7259589E-01
-1.0569950E+00 9.1262782E-01 -1.6213033E+00 2.5428820E-01 -2.7478027E+00 4.8824677E-01
-1.0587399E+00 9.1235557E-01 -1.5917091E+00 2.8286130E-01 -2.7703349E+00 4.5329317E-01
-1.0642288E+00 9.3931984E-01 -1.6432020E+00 2.9532604E-01 -2.7923641E+00 5.0000000E-01
