-1.1392691E+00 1.7505398E-01 -1.3010907E+00 -9.5788367E-01 -1.5005237E+00 -8.0809435E-01
-1.1286960E+00 1.5084798E-01 -1.2685829E+00 -9.7015792E-01 -1.4387165E+00 -8.4709096E-01
-1.1167784E+00 1.4593400E-01 -1.2529258E+00 -9.6381708E-01 -1.4149523E+00 -8.4129978E-01
-1.1078406E+00 1.2911825E-01 -1.2282898E+00 -9.7212488E-01 -1.3713211E+00 -8.6431267E-01
-1.1454573E+00 1.6773825E-01 -1.3012612E+00 -9.6810657E-01 -1.4869267E+00 -8.3022660E-01
-1.2345963E+00 1.9904179E-01 -1.4179970E+00 -1.0263001E+00 -1.6466173E+00 -8.6708529E-01
-1.2854174E+00 2.1103692E-01 -1.4685796E+00 -1.0586550E+00 -1.7334388E+00 -9.0194523E-01
-1.2953555E+00 2.1007286E-01 -1.4795830E+00 -1.0682673E+00 -1.7380056E+00 -9.1316249E-01
-1.2841366E+00 2.1783998E-01 -1.4841670E+00 -1.0522718E+00 -1.7350793E+00 -8.8141977E-01
-1.2693525E+00 2.3526189E-01 -1.4917203E+00 -1.0251715E+00 -1.7442855E+00 -8.2113330E-01
-1.1703475E+00 2.4105905E-01 -1.4117898E+00 -9.3202589E-01 -1.6469757E+00 -6.9762120E-01
-9.5002097E-01 3.0775463E-01 -1.2523568E+00 -6.4754953E-01 -1.5658676E+00 -3.5186741E-01
-7.5931262E-01 4.0540084E-01 -1.1143266E+00 -3.1979836E-01 -1.5649650E+00 1.6134906E-02
-6.1973862E-01 5.3247960E-01 -1.0231765E+00 -9.4831729E-03 -1.6667154E+00 3.5287866E-01
-5.8604318E-01 6.1023638E-01 -9.8619133E-01 1.4907732E-01 -1.7439600E+00 5.0000000E-01
-5.9269523E-01 6.1332337E-01 -9.8439655E-01 1.5362606E-01 -1.7841247E+00 4.7344036E-01
-6.1627853E-01 6.8298075E-01 -9.6348395E-01 2.5433476E-01 -1.9864465E+00 4.7513609E-01
-6.5000211E-01 7.6819538E-01 -9.8078472E-01 3.7985392E-01 -2.1688616E+00 5.0000000E-01
-6.5349519E-01 7.7022812E-01 -9.5759182E-01 3.9598815E-01 -2.1928062E+00 4.8032107E-01
-6.6319761E-01 7.9929868E-01 -9.6933547E-01 4.4996719E-01 -2.2449080E+00 5.0000000E-01
