-1.0548351E+00 1.8002893E-01 -1.2321551E+00 -8.7712550E-01 -1.4151247E+00 -7.0610532E-01
-1.0517025E+00 1.5428622E-01 -1.2054589E+00 -8.9909410E-01 -1.3642463E+00 -7.5624414E-01
-1.0494441E+00 1.4835715E-01 -1.1887064E+00 -8.9420151E-01 -1.3497233E+00 -7.6907717E-01
-1.0484831E+00 1.2658451E-01 -1.1652402E+00 -9.1556773E-01 -1.3087276E+00 -8.1108554E-01
-1.0575977E+00 1.6431972E-01 -1.2107163E+00 -8.8560093E-01 -1.3895506E+00 -7.4694781E-01
-1.0719859E+00 2.0360144E-01 -1.2514137E+00 -8.5224668E-01 -1.5041777E+00 -7.0111162E-01
-1.0743720E+00 2.2209628E-01 -1.2674142E+00 -8.2921293E-01 -1.5213860E+00 -6.5756656E-01
-1.0686083E+00 2.2301106E-01 -1.2617483E+00 -8.2144128E-01 -1.5160864E+00 -6.5174493E-01
-1.0463406E+00 2.2936288E-01 -1.2505584E+00 -7.9434572E-01 -1.5010276E+00 -6.1189899E-01
-1.0315470E+00 2.4394255E-01 -1.2582471E+00 -7.6938461E-01 -1.5298085E+00 -5.7968361E-01
-9.7581699E-01 2.3700706E-01 -1.2024740E+00 -7.3046872E-01 -1.4516596E+00 -5.2669409E-01
-8.6901435E-01 3.0421938E-01 -1.1579798E+00 -5.5369551E-01 -1.4879167E+00 -2.9269503E-01
-7.9356665E-01 4.3165364E-01 -1.1798009E+00 -3.2212140E-01 -1.6414193E+00 2.8139502E-02
-7.6037232E-01 5.9198270E-01 -1.2336409E+00 -6.1641364E-02 -1.9130944E+00 3.0917791E-01
-7.6772148E-01 6.8094184E-01 -1.2651705E+00 7.0317202E-02 -2.0803630E+00 4.3192425E-01
-7.7102847E-01 6.8368445E-01 -1.2634326E+00 7.5504642E-02 -2.0954014E+00 4.2386037E-01
-8.0845807E-01 7.6529935E-01 -1.2574284E+00 2.1660658E-01 -2.3063937E+00 4.4087532E-01
-8.4738423E-01 8.6027284E-01 -1.2682408E+00 3.7647205E-01 -2.4844036E+00 5.0000000E-01
-8.5142067E-01 8.6211868E-01 -1.2564989E+00 3.8597084E-01 -2.5109981E+00 4.7364296E-01
-8.6374549E-01 8.9324842E-01 -1.2661511E+00 4.5299372E-01 -2.5627402E+00 5.0000000E-01
