-1.1124269E+00 1.6938394E-01 -1.2799190E+00 -9.4320303E-01 -1.4410196E+00 -7.7771282E-01
-1.0937381E+00 1.4379592E-01 -1.2373443E+00 -9.5057371E-01 -1.3743901E+00 -8.1295184E-01
-1.0833484E+00 1.3783823E-01 -1.2205906E+00 -9.4508091E-01 -1.3533917E+00 -8.1723244E-01
-1.0347900E+00 1.1881881E-01 -1.1454340E+00 -9.1255041E-01 -1.2804957E+00 -8.0842187E-01
-9.6442014E-01 1.5693562E-01 -1.1072474E+00 -8.0022203E-01 -1.2921261E+00 -6.7074769E-01
-9.4119191E-01 1.8637327E-01 -1.0993950E+00 -7.3602915E-01 -1.3194246E+00 -5.8921404E-01
-9.5318006E-01 1.9984750E-01 -1.1189483E+00 -7.2983936E-01 -1.3580986E+00 -5.7979916E-01
-9.6605246E-01 1.9897678E-01 -1.1325502E+00 -7.4367766E-01 -1.3684219E+00 -5.9544685E-01
-9.9556524E-01 2.0588416E-01 -1.1759715E+00 -7.7098591E-01 -1.4092223E+00 -6.0469934E-01
-1.0091536E+00 2.2247550E-01 -1.2152771E+00 -7.7428095E-01 -1.4675092E+00 -5.9614148E-01
-1.0681111E+00 2.2949648E-01 -1.2976030E+00 -8.3697250E-01 -1.5294874E+00 -6.3558887E-01
-1.2025450E+00 3.2761034E-01 -1.5022222E+00 -8.5876000E-01 -1.8794523E+00 -5.9394325E-01
-1.3328656E+00 4.7802807E-01 -1.7744109E+00 -8.2770887E-01 -2.3232265E+00 -4.4579901E-01
-1.4512133E+00 6.6116932E-01 -2.0847797E+00 -7.3496363E-01 -2.7729329E+00 -2.1069900E-01
-1.5006420E+00 7.6153984E-01 -2.2942216E+00 -7.0456661E-01 -2.9776217E+00 -5.8150647E-02
-1.5022124E+00 7.6481701E-01 -2.3008935E+00 -7.0138180E-01 -2.9807336E+00 -5.5504645E-02
-1.5271466E+00 8.5140126E-01 -2.4461172E+00 -6.0853205E-01 -3.1056692E+00 5.6065347E-02
-1.5404086E+00 9.4620344E-01 -2.5810651E+00 -5.0935892E-01 -3.2464929E+00 2.1327168E-01
-1.5406784E+00 9.4663772E-01 -2.5825770E+00 -5.0764583E-01 -3.2505138E+00 2.1237799E-01
-1.5422345E+00 9.7614958E-01 -2.6168948E+00 -4.7375602E-01 -3.5000000E+00 5.0000000E-01
