-1.0337689E+00 1.6676916E-01 -1.2000487E+00 -8.6717352E-01 -1.3600365E+00 -7.0943133E-01
-1.0215102E+00 1.4035235E-01 -1.1603743E+00 -8.8142619E-01 -1.3007176E+00 -7.4995147E-01
-1.0123022E+00 1.3414339E-01 -1.1454982E+00 -8.7925811E-01 -1.2790553E+00 -7.5268881E-01
-9.8239652E-01 1.1207873E-01 -1.0938948E+00 -8.7228233E-01 -1.2072496E+00 -7.6410460E-01
-9.5195488E-01 1.4767334E-01 -1.0898687E+00 -7.9866003E-01 -1.2525374E+00 -6.7367074E-01
-9.6787886E-01 1.7669613E-01 -1.1218200E+00 -7.7865812E-01 -1.3199387E+00 -6.3097017E-01
-9.9998242E-01 1.9131446E-01 -1.1609874E+00 -7.9377478E-01 -1.3828846E+00 -6.3652966E-01
-1.0222393E+00 1.9116093E-01 -1.1781773E+00 -8.1182326E-01 -1.4070385E+00 -6.6171096E-01
-1.0753439E+00 2.0019742E-01 -1.2473779E+00 -8.6051713E-01 -1.4798838E+00 -6.9435566E-01
-1.1013550E+00 2.1706688E-01 -1.2924568E+00 -8.6956288E-01 -1.5558523E+00 -7.0075460E-01
-1.1929419E+00 2.3203236E-01 -1.4208349E+00 -9.6291167E-01 -1.6634543E+00 -7.5390333E-01
-1.3727057E+00 3.3856886E-01 -1.6877675E+00 -1.0211768E+00 -2.0678337E+00 -7.3445954E-01
-1.5279122E+00 4.7831094E-01 -2.0103698E+00 -1.0511025E+00 -2.4961945E+00 -6.1651232E-01
-1.6654752E+00 6.4541387E-01 -2.3313780E+00 -1.0025279E+00 -2.9036039E+00 -4.0693506E-01
-1.7247316E+00 7.3764435E-01 -2.5459301E+00 -9.9858234E-01 -3.0859033E+00 -2.8937091E-01
-1.7245085E+00 7.3914338E-01 -2.5572828E+00 -1.0029592E+00 -3.0790795E+00 -2.8980774E-01
-1.7558076E+00 8.2349998E-01 -2.7817847E+00 -1.0179360E+00 -3.2223162E+00 -2.0731241E-01
-1.7736585E+00 9.1901391E-01 -2.9625044E+00 -9.8299656E-01 -3.3966838E+00 -9.2048138E-02
-1.7726770E+00 9.2099939E-01 -2.9682856E+00 -9.8597193E-01 -3.3936281E+00 -9.8227411E-02
-1.7749490E+00 9.5236415E-01 -3.0201227E+00 -9.7022896E-01 -3.5000000E+00 -1.0130503E-01
