-1.1775283E+00 1.8154649E-01 -1.3567323E+00 -9.9913218E-01 -1.5402062E+00 -8.2745497E-01
-1.1707140E+00 1.5375020E-01 -1.3220449E+00 -1.0193879E+00 -1.4841066E+00 -8.7673628E-01
-1.1657282E+00 1.4667550E-01 -1.3048676E+00 -1.0162849E+00 -1.4651913E+00 -8.8568747E-01
-1.1618175E+00 1.2872208E-01 -1.2816005E+00 -1.0271194E+00 -1.4224905E+00 -9.1708335E-01
-1.1674896E+00 1.7133536E-01 -1.3396113E+00 -9.9606255E-01 -1.5109927E+00 -8.4437575E-01
-1.1747839E+00 2.0061144E-01 -1.3572936E+00 -9.5735316E-01 -1.5886207E+00 -8.0406532E-01
-1.1683351E+00 2.1288926E-01 -1.3650142E+00 -9.3713542E-01 -1.6010288E+00 -7.7523207E-01
-1.1554246E+00 2.1158379E-01 -1.3526425E+00 -9.2489851E-01 -1.5821701E+00 -7.6103035E-01
-1.1122174E+00 2.1945055E-01 -1.3339284E+00 -8.9304565E-01 -1.5429023E+00 -6.8937206E-01
-1.0850896E+00 2.3667203E-01 -1.3220044E+00 -8.4949950E-01 -1.5449681E+00 -6.2297266E-01
-9.8724391E-01 2.4374704E-01 -1.2269406E+00 -7.4401070E-01 -1.4681349E+00 -5.1751814E-01
-8.1106274E-01 3.1247253E-01 -1.1021476E+00 -4.8815875E-01 -1.4472920E+00 -2.1528753E-01
-6.9448076E-01 4.1152689E-01 -1.0570228E+00 -2.5123109E-01 -1.5110004E+00 9.9152711E-02
-6.4358888E-01 5.5041879E-01 -1.0724515E+00 -2.4027706E-03 -1.7125230E+00 3.5915182E-01
-6.5203596E-01 6.3863041E-01 -1.0881091E+00 1.4157705E-01 -1.8573425E+00 4.8707008E-01
-6.5881406E-01 6.4158324E-01 -1.0901540E+00 1.4296447E-01 -1.8886882E+00 4.6952948E-01
-7.0612403E-01 7.3036814E-01 -1.0879284E+00 2.6195618E-01 -2.1557841E+00 4.5382276E-01
-7.5143818E-01 8.3201121E-01 -1.1360675E+00 3.8271708E-01 -2.3746218E+00 5.0000000E-01
-7.5383120E-01 8.3362905E-01 -1.1177682E+00 3.9558319E-01 -2.3908010E+00 4.8917563E-01
-7.6560485E-01 8.6509901E-01 -1.1188918E+00 4.6516754E-01 -2.4526461E+00 5.0000000E-01
