-1.0542195E+00 1.7345913E-01 -1.2260598E+00 -8.8083672E-01 -1.3981186E+00 -7.1915487E-01
-1.0483087E+00 1.4662353E-01 -1.1940914E+00 -9.0250692E-01 -1.3369530E+00 -7.6683338E-01
-1.0442620E+00 1.4001100E-01 -1.1836584E+00 -9.0498977E-01 -1.3212469E+00 -7.7651255E-01
-1.0250876E+00 1.1793560E-01 -1.1405366E+00 -9.0893470E-01 -1.2656521E+00 -8.0044736E-01
-9.9465009E-01 1.5277535E-01 -1.1456826E+00 -8.4288717E-01 -1.3035732E+00 -7.0398037E-01
-9.8466819E-01 1.8698899E-01 -1.1474799E+00 -7.8404110E-01 -1.3603098E+00 -6.2995494E-01
-9.9404324E-01 2.0398783E-01 -1.1663134E+00 -7.6899227E-01 -1.4043906E+00 -6.1159739E-01
-1.0041098E+00 2.0283344E-01 -1.1707304E+00 -7.7687328E-01 -1.4173066E+00 -6.2814061E-01
-1.0315125E+00 2.0897297E-01 -1.2083997E+00 -8.0015941E-01 -1.4568275E+00 -6.3908951E-01
-1.0434320E+00 2.2445287E-01 -1.2432901E+00 -8.0010939E-01 -1.5164581E+00 -6.3354177E-01
-1.1058245E+00 2.3613149E-01 -1.3281097E+00 -8.5825885E-01 -1.5819112E+00 -6.6606968E-01
-1.2452460E+00 3.3598409E-01 -1.5577240E+00 -8.9729145E-01 -1.9322177E+00 -6.1408002E-01
-1.3760194E+00 4.8051766E-01 -1.8322379E+00 -8.7903581E-01 -2.3465512E+00 -4.6059123E-01
-1.4912513E+00 6.6276308E-01 -2.1856058E+00 -8.1599195E-01 -2.7772990E+00 -2.3600731E-01
-1.5381283E+00 7.6648058E-01 -2.3571248E+00 -7.2391824E-01 -2.9861710E+00 -1.0625486E-01
-1.5385817E+00 7.6927927E-01 -2.3608082E+00 -7.1677200E-01 -2.9859136E+00 -1.0693748E-01
-1.5655086E+00 8.6053808E-01 -2.5218227E+00 -6.1608484E-01 -3.0970828E+00 4.7482298E-03
-1.5813793E+00 9.6036681E-01 -2.6655002E+00 -5.1180184E-01 -3.3042519E+00 1.0662708E-01
-1.5817219E+00 9.6275537E-01 -2.6680956E+00 -5.0830409E-01 -3.3168041E+00 9.5667069E-02
-1.5874890E+00 9.9437015E-01 -2.7096300E+00 -4.7971982E-01 -3.5000000E+00 5.0000000E-01
