-1.3119871E+00 1.7253824E-01 -1.4843537E+00 -1.1402476E+00 -1.6545708E+00 -9.7831707E-01
-1.2882622E+00 1.4794073E-01 -1.4361451E+00 -1.1412313E+00 -1.5845518E+00 -1.0058735E+00
-1.2780468E+00 1.4102167E-01 -1.4139120E+00 -1.1322668E+00 -1.5590803E+00 -1.0097793E+00
-1.2038202E+00 1.2376311E-01 -1.3194641E+00 -1.0752786E+00 -1.4562198E+00 -9.7040778E-01
-1.0693264E+00 1.5984479E-01 -1.2134213E+00 -9.0038660E-01 -1.3889759E+00 -7.6156660E-01
-9.8671132E-01 1.8667059E-01 -1.1463264E+00 -7.8515820E-01 -1.3665567E+00 -6.3193729E-01
-9.7717987E-01 1.9887708E-01 -1.1474123E+00 -7.6005119E-01 -1.3761750E+00 -6.0165341E-01
-9.9063435E-01 1.9811610E-01 -1.1613591E+00 -7.7300012E-01 -1.3855199E+00 -6.1703827E-01
-1.0097855E+00 2.0525725E-01 -1.1972175E+00 -7.8928090E-01 -1.4097139E+00 -6.1532306E-01
-1.0213452E+00 2.2259099E-01 -1.2331169E+00 -7.8917911E-01 -1.4691630E+00 -6.0479767E-01
-1.0460143E+00 2.2773360E-01 -1.2710850E+00 -8.2153374E-01 -1.5011343E+00 -6.0777134E-01
-1.0998946E+00 3.0337981E-01 -1.4010931E+00 -7.9671581E-01 -1.7020999E+00 -5.1545831E-01
-1.1583687E+00 4.2818309E-01 -1.5912030E+00 -7.2460736E-01 -2.0047133E+00 -3.4503234E-01
-1.2224304E+00 6.0353391E-01 -1.8009146E+00 -5.5035258E-01 -2.4136469E+00 -1.0435932E-01
-1.2531610E+00 7.0847138E-01 -1.9275151E+00 -4.4382203E-01 -2.6554483E+00 2.3062555E-02
-1.2539579E+00 7.1312452E-01 -1.9305777E+00 -4.3532682E-01 -2.6641165E+00 2.6317321E-02
-1.2774716E+00 8.0665044E-01 -2.0115385E+00 -2.9080775E-01 -2.8098822E+00 1.6726879E-01
-1.2951894E+00 9.0677804E-01 -2.1205368E+00 -1.6756744E-01 -2.9758793E+00 3.5104507E-01
-1.2937452E+00 9.0807755E-01 -2.1222611E+00 -1.6620926E-01 -2.9553347E+00 3.6531300E-01
-1.2944917E+00 9.3835649E-01 -2.1648165E+00 -1.3921186E-01 -2.9507109E+00 4.8216293E-01
