-1.3600994E+00 1.7962069E-01 -1.5386403E+00 -1.1834182E+00 -1.7242119E+00 -1.0177931E+00
-1.3361919E+00 1.5428052E-01 -1.4803453E+00 -1.1762555E+00 -1.6532067E+00 -1.0466379E+00
-1.3267480E+00 1.4863441E-01 -1.4640080E+00 -1.1715204E+00 -1.6322851E+00 -1.0473527E+00
-1.2689379E+00 1.3230213E-01 -1.3915693E+00 -1.1321509E+00 -1.5408653E+00 -1.0214097E+00
-1.1627490E+00 1.6937604E-01 -1.3288757E+00 -9.9670984E-01 -1.5127762E+00 -8.4193424E-01
-1.0771594E+00 2.0125749E-01 -1.2562118E+00 -8.6300567E-01 -1.4999075E+00 -7.0537840E-01
-1.0432076E+00 2.1654078E-01 -1.2330597E+00 -8.0496591E-01 -1.4744092E+00 -6.3562837E-01
-1.0333420E+00 2.1673951E-01 -1.2266981E+00 -7.9617865E-01 -1.4858062E+00 -6.3871789E-01
-1.0006565E+00 2.2349328E-01 -1.2067561E+00 -7.6234622E-01 -1.4599575E+00 -5.8486077E-01
-9.8140400E-01 2.3805353E-01 -1.2022118E+00 -7.2900649E-01 -1.4663015E+00 -5.3118166E-01
-9.3919903E-01 2.3767231E-01 -1.1770678E+00 -7.0327231E-01 -1.4169145E+00 -4.8632922E-01
-8.8972399E-01 3.0523191E-01 -1.1940864E+00 -5.8905581E-01 -1.5046351E+00 -3.0455005E-01
-8.8451809E-01 4.2328468E-01 -1.2705869E+00 -4.3976925E-01 -1.7772906E+00 -9.6712172E-02
-9.1560640E-01 5.8335180E-01 -1.4073114E+00 -2.4187739E-01 -2.0580767E+00 1.8278479E-01
-9.4346922E-01 6.7622091E-01 -1.4837744E+00 -1.2779064E-01 -2.2740823E+00 2.8701375E-01
-9.4781817E-01 6.7780268E-01 -1.4848643E+00 -1.2671280E-01 -2.2826937E+00 2.7594279E-01
-9.7935517E-01 7.6624289E-01 -1.5149422E+00 2.6880315E-02 -2.4759188E+00 3.1819915E-01
-1.0038994E+00 8.6829809E-01 -1.5491179E+00 2.1947824E-01 -2.6416161E+00 4.5174858E-01
-1.0030517E+00 8.7081812E-01 -1.5412707E+00 2.3613914E-01 -2.6419558E+00 4.4412671E-01
-1.0087902E+00 9.0314765E-01 -1.6130446E+00 2.3880934E-01 -2.6708908E+00 5.0000000E-01
