-1.1453488E+00 1.7678702E-01 -1.3186823E+00 -9.7148229E-01 -1.5030778E+00 -8.0566282E-01
-1.1423889E+00 1.5164902E-01 -1.2919335E+00 -9.9194714E-01 -1.4514644E+00 -8.5458918E-01
-1.1436309E+00 1.4569176E-01 -1.2813487E+00 -9.9301534E-01 -1.4376435E+00 -8.6875575E-01
-1.1276190E+00 1.3139673E-01 -1.2491127E+00 -9.9091420E-01 -1.4002287E+00 -8.8084788E-01
-1.0696561E+00 1.7086468E-01 -1.2226799E+00 -8.8568680E-01 -1.4248571E+00 -7.5509331E-01
-9.8734334E-01 1.9950834E-01 -1.1611883E+00 -7.7495253E-01 -1.3866614E+00 -6.0369460E-01
-9.4120318E-01 2.1359794E-01 -1.1210233E+00 -7.0827483E-01 -1.3713080E+00 -5.3752194E-01
-9.2851664E-01 2.1323114E-01 -1.1054205E+00 -6.8813096E-01 -1.3559231E+00 -5.3160369E-01
-9.0357342E-01 2.1871563E-01 -1.0936984E+00 -6.5865073E-01 -1.3407397E+00 -4.9528788E-01
-8.9198229E-01 2.3416354E-01 -1.1061299E+00 -6.3822130E-01 -1.3760958E+00 -4.6613686E-01
-8.7287505E-01 2.3288710E-01 -1.1037240E+00 -6.4335674E-01 -1.3377475E+00 -4.1947722E-01
-8.6937830E-01 3.1219744E-01 -1.1783145E+00 -5.5663364E-01 -1.4869846E+00 -2.6800555E-01
-9.1114382E-01 4.4961863E-01 -1.3442064E+00 -4.3910057E-01 -1.8143743E+00 -7.2728772E-02
-9.9228313E-01 6.2579581E-01 -1.5707036E+00 -2.9355537E-01 -2.1988195E+00 1.9320004E-01
-1.0474447E+00 7.2666261E-01 -1.6913060E+00 -1.9291199E-01 -2.4396582E+00 3.0430576E-01
-1.0537015E+00 7.3049136E-01 -1.6942844E+00 -1.8713121E-01 -2.4573689E+00 2.9605997E-01
-1.1146404E+00 8.1882811E-01 -1.7710804E+00 -6.7553124E-02 -2.6957720E+00 3.1457331E-01
-1.1617597E+00 9.1383762E-01 -1.8573910E+00 6.2888444E-02 -2.8792430E+00 4.2307227E-01
-1.1602749E+00 9.1479708E-01 -1.8520108E+00 7.4336381E-02 -2.8728287E+00 4.1497251E-01
-1.1688608E+00 9.4479349E-01 -1.9001198E+00 9.7118520E-02 -2.8756392E+00 5.0000000E-01
