-1.0236401E+00 1.7591224E-01 -1.1971174E+00 -8.4896684E-01 -1.3754491E+00 -6.8195131E-01
-1.0226453E+00 1.4890008E-01 -1.1688879E+00 -8.7521305E-01 -1.3232135E+00 -7.3729862E-01
-1.0195987E+00 1.4203722E-01 -1.1524546E+00 -8.7295558E-01 -1.3098306E+00 -7.4786706E-01
-1.0206938E+00 1.2181401E-01 -1.1411739E+00 -9.0000448E-01 -1.2713182E+00 -7.8986946E-01
-1.0416386E+00 1.6335689E-01 -1.2034480E+00 -8.7976575E-01 -1.3681325E+00 -7.2948685E-01
-1.0808413E+00 1.9957301E-01 -1.2568377E+00 -8.6633116E-01 -1.4968739E+00 -7.1111910E-01
-1.1034476E+00 2.1258603E-01 -1.2873471E+00 -8.6930259E-01 -1.5315569E+00 -7.0009598E-01
-1.1107599E+00 2.0986347E-01 -1.2902384E+00 -8.7902436E-01 -1.5361438E+00 -7.1369722E-01
-1.1173610E+00 2.1390608E-01 -1.3059362E+00 -8.8573576E-01 -1.5697630E+00 -7.2787221E-01
-1.1173501E+00 2.2672965E-01 -1.3244551E+00 -8.7537442E-01 -1.5864202E+00 -6.9766136E-01
-1.1007008E+00 2.2881063E-01 -1.3286323E+00 -8.7199373E-01 -1.5599222E+00 -6.6535867E-01
-1.0636201E+00 3.2299637E-01 -1.3624073E+00 -7.2455040E-01 -1.6970420E+00 -4.3740236E-01
-1.0366882E+00 4.5995771E-01 -1.4530387E+00 -5.5114450E-01 -1.9508549E+00 -1.4611110E-01
-1.0297996E+00 6.2130908E-01 -1.5704508E+00 -3.3895702E-01 -2.2502378E+00 1.5469134E-01
-1.0386084E+00 7.1291879E-01 -1.6269308E+00 -1.9229305E-01 -2.4306893E+00 2.6908044E-01
-1.0423154E+00 7.1698878E-01 -1.6254278E+00 -1.8174779E-01 -2.4432172E+00 2.5927569E-01
-1.0626674E+00 8.0644783E-01 -1.6442522E+00 -7.3344644E-03 -2.6386116E+00 3.1460136E-01
-1.0804306E+00 9.0575435E-01 -1.6771199E+00 2.0344855E-01 -2.7754422E+00 4.5470410E-01
-1.0804211E+00 9.0655050E-01 -1.6591885E+00 2.2546673E-01 -2.7748135E+00 4.4311544E-01
-1.0842082E+00 9.3666909E-01 -1.7237908E+00 2.3529808E-01 -2.7941302E+00 5.0000000E-01
