-1.0876773E+00 1.6860455E-01 -1.2569143E+00 -9.2066468E-01 -1.4204104E+00 -7.6072562E-01
-1.0691067E+00 1.4035968E-01 -1.2098148E+00 -9.2999965E-01 -1.3478230E+00 -8.0108770E-01
-1.0638098E+00 1.3394390E-01 -1.1981635E+00 -9.2987449E-01 -1.3292115E+00 -8.1042315E-01
-1.0007742E+00 1.1378159E-01 -1.1133871E+00 -8.8820209E-01 -1.2278878E+00 -7.8088668E-01
-8.6561031E-01 1.4348472E-01 -1.0000427E+00 -7.1801954E-01 -1.1582866E+00 -5.9374681E-01
-7.5046713E-01 1.6138643E-01 -8.9708083E-01 -5.7976778E-01 -1.0824342E+00 -4.5152733E-01
-7.1797555E-01 1.6994433E-01 -8.7058011E-01 -5.3746586E-01 -1.0711231E+00 -4.0477429E-01
-7.2356335E-01 1.6852952E-01 -8.7277773E-01 -5.4349090E-01 -1.0598410E+00 -4.0046834E-01
-7.5702894E-01 1.7904497E-01 -9.1666522E-01 -5.6468642E-01 -1.1316639E+00 -4.3078261E-01
-7.7483336E-01 1.9723791E-01 -9.5606964E-01 -5.6377852E-01 -1.1781280E+00 -4.1244616E-01
-9.2037031E-01 2.2136013E-01 -1.1393278E+00 -7.0109159E-01 -1.3671841E+00 -4.9935263E-01
-1.2777444E+00 3.1944993E-01 -1.5945534E+00 -9.6159535E-01 -1.9046945E+00 -6.5830320E-01
-1.6459266E+00 4.2309016E-01 -2.0728884E+00 -1.2279013E+00 -2.4627011E+00 -8.0451138E-01
-1.9987860E+00 5.4761812E-01 -2.6066040E+00 -1.5087385E+00 -3.0377895E+00 -9.1195198E-01
-2.1508821E+00 6.2354210E-01 -2.8906114E+00 -1.6480578E+00 -3.2997595E+00 -9.1397295E-01
-2.1517086E+00 6.2570409E-01 -2.9006170E+00 -1.6537285E+00 -3.2951606E+00 -9.0797927E-01
-2.2357021E+00 6.9627199E-01 -3.1513953E+00 -1.8013072E+00 -3.3990869E+00 -8.6333549E-01
-2.2827543E+00 7.8277801E-01 -3.3874474E+00 -1.9036814E+00 -3.5000000E+00 -8.0603948E-01
-2.2785654E+00 7.8395445E-01 -3.3929329E+00 -1.9173383E+00 -3.4792479E+00 -7.8421555E-01
-2.2849890E+00 8.1087861E-01 -3.4926291E+00 -1.9631217E+00 -3.5000000E+00 -7.5981256E-01
