-1.4632817E+00 1.8124745E-01 -1.6355466E+00 -1.2751685E+00 -1.8278031E+00 -1.1171298E+00
-1.4383345E+00 1.5558540E-01 -1.5918958E+00 -1.2834797E+00 -1.7547901E+00 -1.1449913E+00
-1.4357160E+00 1.5043463E-01 -1.5845522E+00 -1.2863164E+00 -1.7284172E+00 -1.1435668E+00
-1.3440252E+00 1.3263189E-01 -1.4600488E+00 -1.1986922E+00 -1.6096086E+00 -1.0941298E+00
-1.1187056E+00 1.6276256E-01 -1.2620596E+00 -9.4827289E-01 -1.4638521E+00 -8.1573498E-01
-8.8245816E-01 1.8573744E-01 -1.0439475E+00 -6.8767250E-01 -1.2535372E+00 -5.2350607E-01
-7.7885610E-01 1.9640453E-01 -9.4482136E-01 -5.6686634E-01 -1.1764817E+00 -4.0749899E-01
-7.6038301E-01 1.9635929E-01 -9.2428384E-01 -5.4668435E-01 -1.1624141E+00 -3.9143802E-01
-7.3202503E-01 2.0460463E-01 -9.0454464E-01 -5.0352023E-01 -1.1490678E+00 -3.4918963E-01
-7.2346150E-01 2.2187925E-01 -9.1287488E-01 -4.7411274E-01 -1.1909991E+00 -3.2516505E-01
-7.7225574E-01 2.1998057E-01 -9.7645871E-01 -5.3965741E-01 -1.2268440E+00 -3.6206317E-01
-9.4196635E-01 3.0533500E-01 -1.2279030E+00 -6.2988539E-01 -1.5579286E+00 -3.5059186E-01
-1.1522974E+00 4.5465859E-01 -1.6002626E+00 -6.9483087E-01 -2.0625399E+00 -2.8565570E-01
-1.3788885E+00 6.4381919E-01 -2.0285301E+00 -7.2518714E-01 -2.6369742E+00 -1.1792018E-01
-1.4863904E+00 7.4776403E-01 -2.2615193E+00 -7.0697029E-01 -2.9122747E+00 -2.6706334E-02
-1.4892506E+00 7.4888697E-01 -2.2699395E+00 -7.0650940E-01 -2.9147579E+00 -3.0657209E-02
-1.5596200E+00 8.4378400E-01 -2.4781749E+00 -6.4898731E-01 -3.0831966E+00 4.4116089E-02
-1.6061840E+00 9.4558986E-01 -2.6480465E+00 -5.6430373E-01 -3.3273818E+00 1.0020892E-01
-1.6053643E+00 9.4574241E-01 -2.7026329E+00 -6.2444396E-01 -3.3363752E+00 8.2884389E-02
-1.6169362E+00 9.7825652E-01 -2.7594144E+00 -6.0564239E-01 -3.5000000E+00 5.0000000E-01
