-1.2536956E+00 1.7486307E-01 -1.4186290E+00 -1.0728340E+00 -1.6082180E+00 -9.2107943E-01
-1.2352942E+00 1.4853652E-01 -1.3716834E+00 -1.0786396E+00 -1.5362053E+00 -9.5226271E-01
-1.2252197E+00 1.4388454E-01 -1.3611995E+00 -1.0779265E+00 -1.5182941E+00 -9.4931136E-01
-1.1830125E+00 1.2922667E-01 -1.3028891E+00 -1.0500415E+00 -1.4509643E+00 -9.3955171E-01
-1.1364145E+00 1.6874902E-01 -1.2944452E+00 -9.5861774E-01 -1.4770841E+00 -8.1976531E-01
-1.1420778E+00 2.0195885E-01 -1.3250674E+00 -9.2214479E-01 -1.5414956E+00 -7.5946230E-01
-1.1634724E+00 2.1710842E-01 -1.3531390E+00 -9.2109557E-01 -1.6164849E+00 -7.7024079E-01
-1.1765514E+00 2.1586744E-01 -1.3669820E+00 -9.3779488E-01 -1.6259749E+00 -7.8371114E-01
-1.1821305E+00 2.2055851E-01 -1.3842724E+00 -9.4291658E-01 -1.6335711E+00 -7.7408768E-01
-1.1843614E+00 2.3432188E-01 -1.4062847E+00 -9.3469362E-01 -1.6545632E+00 -7.4829208E-01
-1.1376268E+00 2.3853400E-01 -1.3743639E+00 -8.9966685E-01 -1.6114069E+00 -6.8049649E-01
-1.0081468E+00 3.1941430E-01 -1.3023097E+00 -6.7286216E-01 -1.6713129E+00 -4.1600225E-01
-8.7936125E-01 4.4470137E-01 -1.2478155E+00 -4.0066626E-01 -1.7772049E+00 -2.7992488E-02
-7.7449886E-01 5.9699635E-01 -1.2007205E+00 -7.5524346E-02 -1.9783000E+00 3.1035288E-01
-7.4085411E-01 6.8065786E-01 -1.1882667E+00 9.9329578E-02 -2.0596701E+00 4.6326975E-01
-7.4265222E-01 6.8365938E-01 -1.1785885E+00 1.0838353E-01 -2.0870740E+00 4.3998992E-01
-7.4301538E-01 7.5323067E-01 -1.1323302E+00 2.4793173E-01 -2.2415234E+00 4.3503386E-01
-7.5343147E-01 8.3441584E-01 -1.1284023E+00 3.9238768E-01 -2.3612390E+00 5.0000000E-01
-7.5642408E-01 8.3474742E-01 -1.1149342E+00 3.9736955E-01 -2.3797282E+00 4.7345054E-01
-7.6134035E-01 8.6264624E-01 -1.0792020E+00 5.0000000E-01 -2.4103001E+00 5.0000000E-01
