-6.7601441E-01 1.6832431E-01 -8.4188449E-01 -5.0880023E-01 -1.0139123E+00 -3.5040720E-01
-6.9258728E-01 1.4015839E-01 -8.3160736E-01 -5.5126216E-01 -9.7023867E-01 -4.2249988E-01
-6.9301919E-01 1.3420177E-01 -8.2722989E-01 -5.5852240E-01 -9.5428989E-01 -4.3209495E-01
-7.5930690E-01 1.1071580E-01 -8.6901004E-01 -6.4897157E-01 -9.7388545E-01 -5.4295153E-01
-9.2985729E-01 1.5074302E-01 -1.0789257E+00 -7.7967061E-01 -1.2334957E+00 -6.4362414E-01
-1.1092569E+00 1.8676567E-01 -1.2747102E+00 -9.0758916E-01 -1.5020569E+00 -7.6912751E-01
-1.1846070E+00 2.0704112E-01 -1.3637502E+00 -9.6044620E-01 -1.6033109E+00 -7.9139033E-01
-1.1920827E+00 2.0887273E-01 -1.3685567E+00 -9.6295671E-01 -1.6166710E+00 -7.9684660E-01
-1.2177907E+00 2.1785544E-01 -1.4066596E+00 -9.8128152E-01 -1.6567148E+00 -8.0423614E-01
-1.2236348E+00 2.3304738E-01 -1.4313292E+00 -9.7168635E-01 -1.6873534E+00 -7.7905868E-01
-1.2481573E+00 2.3916781E-01 -1.4717126E+00 -9.9962603E-01 -1.7413293E+00 -7.9483036E-01
-1.3082097E+00 3.3616392E-01 -1.6107493E+00 -9.5915890E-01 -2.0106225E+00 -6.7968685E-01
-1.3790405E+00 4.8654471E-01 -1.8135169E+00 -8.5266026E-01 -2.3920355E+00 -4.8642780E-01
-1.4594914E+00 6.7467155E-01 -2.1063582E+00 -7.2346194E-01 -2.8054620E+00 -2.0488824E-01
-1.5004428E+00 7.7646313E-01 -2.2784112E+00 -6.4377881E-01 -2.9972377E+00 -5.0301169E-02
-1.5023557E+00 7.7855491E-01 -2.2841775E+00 -6.4114224E-01 -2.9972102E+00 -4.4251860E-02
-1.5308483E+00 8.6405447E-01 -2.4816108E+00 -5.9389888E-01 -3.1137439E+00 5.2819353E-02
-1.5492530E+00 9.5769674E-01 -2.6164088E+00 -4.8458579E-01 -3.2849386E+00 1.6126761E-01
-1.5480709E+00 9.5847560E-01 -2.6167067E+00 -4.8325657E-01 -3.2827322E+00 1.5898828E-01
-1.5499141E+00 9.8618402E-01 -2.6512681E+00 -4.5086907E-01 -3.5000000E+00 5.0000000E-01
