-1.0054057E+00 1.8911122E-01 -1.1775295E+00 -8.1385645E-01 -1.3968407E+00 -6.4424121E-01
-1.0063904E+00 1.6316143E-01 -1.1562482E+00 -8.4028934E-01 -1.3421838E+00 -6.9829986E-01
-1.0046217E+00 1.5631526E-01 -1.1483715E+00 -8.4269684E-01 -1.3253392E+00 -7.1151242E-01
-1.0064330E+00 1.3744501E-01 -1.1315839E+00 -8.6314543E-01 -1.2782130E+00 -7.3915610E-01
-1.0242701E+00 1.7902506E-01 -1.1882794E+00 -8.2949809E-01 -1.3886928E+00 -6.9275655E-01
-1.0551293E+00 2.1876922E-01 -1.2437326E+00 -8.1349754E-01 -1.4929384E+00 -6.3914462E-01
-1.0700663E+00 2.3439013E-01 -1.2554603E+00 -8.0970113E-01 -1.5537466E+00 -6.3416434E-01
-1.0738812E+00 2.3144019E-01 -1.2498582E+00 -8.1511687E-01 -1.5575322E+00 -6.4773794E-01
-1.0598011E+00 2.3509260E-01 -1.2405360E+00 -7.9561160E-01 -1.5505466E+00 -6.2753069E-01
-1.0488054E+00 2.4841359E-01 -1.2502851E+00 -7.7086571E-01 -1.5601273E+00 -5.8452304E-01
-9.7341997E-01 2.5465600E-01 -1.2032959E+00 -6.9861862E-01 -1.4977543E+00 -4.9626833E-01
-8.1467799E-01 3.2317493E-01 -1.1370849E+00 -4.9830426E-01 -1.4677017E+00 -1.8922049E-01
-6.9674480E-01 3.9900447E-01 -1.0621135E+00 -2.7853322E-01 -1.5249794E+00 4.6886732E-02
-6.5241016E-01 4.6952379E-01 -1.0471331E+00 -1.4711036E-01 -1.5682062E+00 2.7287127E-01
-6.7745207E-01 5.0254515E-01 -1.0724595E+00 -1.2526236E-01 -1.6607321E+00 2.8899032E-01
-6.8644027E-01 5.0011394E-01 -1.0760082E+00 -1.3444386E-01 -1.6733523E+00 2.6888033E-01
-7.7586009E-01 5.1938235E-01 -1.0854974E+00 -1.6465180E-01 -1.8323996E+00 9.1357117E-02
-8.6316951E-01 5.7978141E-01 -1.1368415E+00 -1.2759267E-01 -2.0175147E+00 1.2674125E-02
-8.7055550E-01 5.8035447E-01 -1.1221795E+00 -1.1926844E-01 -2.0182092E+00 -1.5828174E-02
-8.9450598E-01 6.0793642E-01 -1.1247697E+00 -5.7111968E-02 -2.0730722E+00 -4.9754484E-03
