-7.2950794E-01 1.7220366E-01 -8.9890708E-01 -5.5842139E-01 -1.0650703E+00 -3.8862576E-01
-7.4505931E-01 1.4618570E-01 -8.8909923E-01 -5.9923225E-01 -1.0325653E+00 -4.5880843E-01
-7.4580020E-01 1.4174887E-01 -8.8461449E-01 -6.0419642E-01 -1.0268900E+00 -4.6657456E-01
-8.0901144E-01 1.2304177E-01 -9.3080888E-01 -6.8728699E-01 -1.0550634E+00 -5.7121288E-01
-9.6798798E-01 1.6611477E-01 -1.1205885E+00 -7.9349339E-01 -1.2945960E+00 -6.4657851E-01
-1.1280673E+00 2.0507675E-01 -1.2996641E+00 -9.0549471E-01 -1.5343357E+00 -7.4267996E-01
-1.1915696E+00 2.2300958E-01 -1.3719293E+00 -9.4757972E-01 -1.6346949E+00 -7.6867753E-01
-1.1961482E+00 2.2252476E-01 -1.3796280E+00 -9.5420588E-01 -1.6376836E+00 -7.7811043E-01
-1.2039755E+00 2.3336129E-01 -1.4018032E+00 -9.4756323E-01 -1.6694787E+00 -7.7159620E-01
-1.2018248E+00 2.5197708E-01 -1.4162955E+00 -9.2559823E-01 -1.7086580E+00 -7.2992480E-01
-1.1734570E+00 2.6097414E-01 -1.4042400E+00 -8.9506672E-01 -1.6894606E+00 -6.6385351E-01
-1.1071367E+00 3.3528515E-01 -1.4378294E+00 -7.7360601E-01 -1.8011805E+00 -4.6924986E-01
-1.0597995E+00 4.2523848E-01 -1.4565250E+00 -6.0152972E-01 -1.9060221E+00 -2.5790830E-01
-1.0474208E+00 5.3175674E-01 -1.4949816E+00 -4.6064192E-01 -2.1937263E+00 -8.5520665E-02
-1.0644208E+00 5.9338318E-01 -1.5130678E+00 -3.7503138E-01 -2.3831090E+00 -5.6161365E-02
-1.0692485E+00 5.9270949E-01 -1.5069641E+00 -3.6968484E-01 -2.3833355E+00 -6.8598160E-02
-1.1183400E+00 6.4505892E-01 -1.5385310E+00 -3.0360275E-01 -2.4506906E+00 -6.8844595E-02
-1.1664089E+00 7.2370461E-01 -1.5755238E+00 -1.9143504E-01 -2.5860553E+00 -2.1502507E-02
-1.1686589E+00 7.2368826E-01 -1.5501754E+00 -1.7450911E-01 -2.5831400E+00 -4.1996104E-02
-1.1819823E+00 7.5127674E-01 -1.5836523E+00 -1.4063138E-01 -2.6097309E+00 4.0387740E-03
