-9.8313512E-01 1.7040007E-01 -1.1530626E+00 -8.1192697E-01 -1.3157721E+00 -6.4938385E-01
-9.8388985E-01 1.4390842E-01 -1.1288700E+00 -8.3930086E-01 -1.2669867E+00 -7.0675027E-01
-9.8328048E-01 1.3914686E-01 -1.1234788E+00 -8.4337188E-01 -1.2560813E+00 -7.1456168E-01
-9.9228742E-01 1.2065770E-01 -1.1131731E+00 -8.7268169E-01 -1.2302705E+00 -7.5819897E-01
-1.0146479E+00 1.6057889E-01 -1.1648491E+00 -8.4539798E-01 -1.3414909E+00 -7.1335242E-01
-1.0407433E+00 2.0202246E-01 -1.2047377E+00 -8.2410593E-01 -1.4550660E+00 -6.4962823E-01
-1.0548837E+00 2.2195356E-01 -1.2260832E+00 -8.1050199E-01 -1.5096323E+00 -6.3616432E-01
-1.0601142E+00 2.2125230E-01 -1.2298246E+00 -8.1458480E-01 -1.5082404E+00 -6.4265338E-01
-1.0770601E+00 2.2689224E-01 -1.2578268E+00 -8.2899759E-01 -1.5377902E+00 -6.4472590E-01
-1.0863038E+00 2.4108667E-01 -1.2840841E+00 -8.2676323E-01 -1.5799932E+00 -6.2625785E-01
-1.1059328E+00 2.4760956E-01 -1.3296993E+00 -8.4489380E-01 -1.6212093E+00 -6.4796896E-01
-1.1387808E+00 3.3508049E-01 -1.4703478E+00 -8.0494456E-01 -1.8187842E+00 -5.1007731E-01
-1.1687660E+00 4.4547238E-01 -1.5725605E+00 -6.9805143E-01 -2.0504820E+00 -3.1206890E-01
-1.2051981E+00 5.6842931E-01 -1.6783182E+00 -5.5407110E-01 -2.3666035E+00 -1.7174679E-01
-1.2320483E+00 6.3475586E-01 -1.7426877E+00 -4.8121161E-01 -2.5214761E+00 -9.9338387E-02
-1.2332604E+00 6.3484334E-01 -1.7439693E+00 -4.8060840E-01 -2.5173574E+00 -9.8467128E-02
-1.2819552E+00 6.8916316E-01 -1.7938762E+00 -4.2702987E-01 -2.6795220E+00 -1.1017841E-01
-1.3258720E+00 7.6894603E-01 -1.8441903E+00 -3.0610211E-01 -2.8352448E+00 -5.5896377E-02
-1.3276256E+00 7.7014212E-01 -1.8641701E+00 -3.1928724E-01 -2.8209092E+00 -6.3097133E-02
-1.3384514E+00 7.9794687E-01 -1.8542726E+00 -1.8347957E-01 -2.8718810E+00 -3.4187673E-02
