-1.1467952E+00 1.7720409E-01 -1.3173966E+00 -9.7167234E-01 -1.5116231E+00 -8.0937263E-01
-1.1444250E+00 1.5416171E-01 -1.2851741E+00 -9.8284253E-01 -1.4618908E+00 -8.5076426E-01
-1.1447255E+00 1.4742683E-01 -1.2824371E+00 -9.8982932E-01 -1.4416240E+00 -8.6338416E-01
-1.1327330E+00 1.3762592E-01 -1.2512403E+00 -9.8635005E-01 -1.4312343E+00 -8.8174966E-01
-1.0994346E+00 1.8652202E-01 -1.2474924E+00 -9.0076531E-01 -1.4784791E+00 -7.3992070E-01
-1.0557123E+00 2.2147694E-01 -1.2191983E+00 -8.1124462E-01 -1.5130814E+00 -6.4048768E-01
-1.0303865E+00 2.3668460E-01 -1.2043612E+00 -7.6685097E-01 -1.5007543E+00 -5.9133565E-01
-1.0205561E+00 2.3824927E-01 -1.1935267E+00 -7.5479250E-01 -1.4919267E+00 -5.7724085E-01
-9.9116813E-01 2.4568456E-01 -1.1757608E+00 -7.1985644E-01 -1.4964870E+00 -5.3375362E-01
-9.7353178E-01 2.5972235E-01 -1.1795907E+00 -6.8793108E-01 -1.5111529E+00 -4.8918067E-01
-9.2901339E-01 2.5917541E-01 -1.1569659E+00 -6.4562095E-01 -1.4708635E+00 -4.5370278E-01
-8.7572811E-01 3.1913445E-01 -1.1914667E+00 -5.5598745E-01 -1.5055302E+00 -2.5660906E-01
-8.7840897E-01 4.1566010E-01 -1.2871321E+00 -4.6148777E-01 -1.7193787E+00 -9.6648118E-02
-9.3655819E-01 5.3633519E-01 -1.4293298E+00 -3.5797737E-01 -1.9854528E+00 9.2564013E-02
-9.9319349E-01 6.0336446E-01 -1.5080666E+00 -2.9723011E-01 -2.1882003E+00 1.2380951E-01
-9.9850605E-01 6.0352753E-01 -1.5069029E+00 -2.9437904E-01 -2.1963087E+00 1.1152843E-01
-1.0864934E+00 6.5446028E-01 -1.5492262E+00 -2.5767613E-01 -2.3831313E+00 1.3311444E-02
-1.1637189E+00 7.3107125E-01 -1.5891358E+00 -1.6860848E-01 -2.5969561E+00 -1.0360191E-02
-1.1671536E+00 7.3351303E-01 -1.5622248E+00 -1.3319189E-01 -2.5880473E+00 -1.8293785E-02
-1.1839654E+00 7.6177489E-01 -1.6417207E+00 -2.0604397E-02 -2.6190515E+00 2.4174786E-03
