-9.5233822E-01 1.7537718E-01 -1.1224269E+00 -7.8048553E-01 -1.3088654E+00 -6.1223447E-01
-9.5416803E-01 1.4897659E-01 -1.0990564E+00 -8.0652695E-01 -1.2592102E+00 -6.6850005E-01
-9.5129886E-01 1.4186002E-01 -1.0882173E+00 -8.1205556E-01 -1.2452747E+00 -6.8000377E-01
-9.6846647E-01 1.2223931E-01 -1.0813734E+00 -8.4306416E-01 -1.2260741E+00 -7.3923812E-01
-1.0169796E+00 1.6388814E-01 -1.1707166E+00 -8.4525698E-01 -1.3500800E+00 -7.0827133E-01
-1.0688933E+00 2.0143686E-01 -1.2279073E+00 -8.5010631E-01 -1.4868030E+00 -6.9228549E-01
-1.0883219E+00 2.2069032E-01 -1.2601695E+00 -8.4983750E-01 -1.5311351E+00 -6.6761897E-01
-1.0852513E+00 2.2254027E-01 -1.2559631E+00 -8.3982695E-01 -1.5282438E+00 -6.6695752E-01
-1.0770266E+00 2.3429705E-01 -1.2610224E+00 -8.1984755E-01 -1.5461228E+00 -6.3849454E-01
-1.0667807E+00 2.5078715E-01 -1.2657410E+00 -7.9009813E-01 -1.5767378E+00 -5.9832821E-01
-1.0519065E+00 2.5886028E-01 -1.2707439E+00 -7.7704774E-01 -1.5806742E+00 -5.5339726E-01
-1.0512112E+00 3.2691988E-01 -1.3427557E+00 -7.0341758E-01 -1.7338939E+00 -4.4248310E-01
-1.0932604E+00 4.2648715E-01 -1.4647742E+00 -6.3631349E-01 -1.9783782E+00 -2.9694454E-01
-1.1754538E+00 5.5749006E-01 -1.6595625E+00 -5.4718001E-01 -2.3370908E+00 -1.7565017E-01
-1.2349438E+00 6.3557877E-01 -1.7709099E+00 -4.7887461E-01 -2.4949599E+00 -8.3225172E-02
-1.2398875E+00 6.3850181E-01 -1.7764875E+00 -4.7449901E-01 -2.5012735E+00 -8.9043431E-02
-1.3147335E+00 7.0380645E-01 -1.8501680E+00 -4.0122664E-01 -2.6812733E+00 -1.1221518E-01
-1.3802552E+00 7.8392996E-01 -1.9018212E+00 -2.9493056E-01 -2.8889858E+00 -8.8691408E-02
-1.3862274E+00 7.8242243E-01 -1.8981372E+00 -3.0186196E-01 -2.8911104E+00 -1.0729840E-01
-1.4038532E+00 8.0910416E-01 -1.9355035E+00 -2.7421646E-01 -2.9281354E+00 -6.5886413E-02
