-1.0540038E+00 1.7484511E-01 -1.2285505E+00 -8.8093431E-01 -1.3937239E+00 -7.1045583E-01
-1.0512112E+00 1.4860584E-01 -1.1978019E+00 -9.0408847E-01 -1.3469111E+00 -7.6156187E-01
-1.0494297E+00 1.4349835E-01 -1.1913828E+00 -9.0922277E-01 -1.3356614E+00 -7.6665793E-01
-1.0519482E+00 1.2651582E-01 -1.1693799E+00 -9.1919710E-01 -1.3097415E+00 -8.1164793E-01
-1.0548538E+00 1.7099588E-01 -1.2127845E+00 -8.7536646E-01 -1.3900648E+00 -7.2370308E-01
-1.0484432E+00 2.1211934E-01 -1.2185303E+00 -8.1564831E-01 -1.4912397E+00 -6.5486351E-01
-1.0395613E+00 2.3047147E-01 -1.2166492E+00 -7.7978023E-01 -1.5056830E+00 -6.1207753E-01
-1.0341037E+00 2.3004029E-01 -1.2059531E+00 -7.7028730E-01 -1.4981615E+00 -6.0723239E-01
-1.0229493E+00 2.3838030E-01 -1.2121904E+00 -7.6116376E-01 -1.5123630E+00 -5.7289252E-01
-1.0167415E+00 2.5331370E-01 -1.2210381E+00 -7.3910784E-01 -1.5425559E+00 -5.3684297E-01
-1.0021506E+00 2.5644087E-01 -1.2227850E+00 -7.2482930E-01 -1.5257573E+00 -5.1074891E-01
-9.8659456E-01 3.2397029E-01 -1.3035498E+00 -6.6450927E-01 -1.6458712E+00 -3.6783149E-01
-9.9440583E-01 4.2935980E-01 -1.3804299E+00 -5.3381822E-01 -1.8887611E+00 -2.0147047E-01
-1.0305437E+00 5.6028234E-01 -1.5081330E+00 -4.1685781E-01 -2.1621698E+00 3.9672983E-02
-1.0662780E+00 6.2922488E-01 -1.5764888E+00 -3.6218500E-01 -2.3692031E+00 1.0564905E-01
-1.0717049E+00 6.2961955E-01 -1.5784906E+00 -3.6438585E-01 -2.3758715E+00 9.6159915E-02
-1.1283727E+00 6.8199891E-01 -1.5791741E+00 -2.7667789E-01 -2.5400136E+00 1.7601076E-02
-1.1789173E+00 7.5213446E-01 -1.6081260E+00 -1.8017119E-01 -2.6726768E+00 1.1947530E-02
-1.1821364E+00 7.4817324E-01 -1.5868204E+00 -1.7025581E-01 -2.6519192E+00 -1.9136589E-02
-1.1964572E+00 7.7178831E-01 -1.6107211E+00 -1.4659433E-01 -2.6849763E+00 -1.0113504E-02
