-9.5398288E-01 1.7779550E-01 -1.1289656E+00 -7.7929552E-01 -1.3020449E+00 -5.9827805E-01
-9.5019881E-01 1.5129407E-01 -1.0968092E+00 -8.0361497E-01 -1.2526563E+00 -6.5140483E-01
-9.4243831E-01 1.4506119E-01 -1.0834802E+00 -8.0190201E-01 -1.2339491E+00 -6.6359299E-01
-9.4369665E-01 1.2613127E-01 -1.0602408E+00 -8.1514909E-01 -1.2028060E+00 -7.0386337E-01
-9.8591292E-01 1.7000183E-01 -1.1444406E+00 -8.0635120E-01 -1.3292649E+00 -6.6492206E-01
-1.0694520E+00 2.1353868E-01 -1.2497859E+00 -8.3126749E-01 -1.4988460E+00 -6.7429687E-01
-1.1224789E+00 2.3596374E-01 -1.3053731E+00 -8.5273195E-01 -1.6102575E+00 -6.9917377E-01
-1.1395225E+00 2.3702451E-01 -1.3177659E+00 -8.6605813E-01 -1.6357744E+00 -7.1429147E-01
-1.1583957E+00 2.4278815E-01 -1.3487376E+00 -8.8103513E-01 -1.6615492E+00 -7.1721969E-01
-1.1614852E+00 2.5333638E-01 -1.3753882E+00 -8.7756623E-01 -1.6793088E+00 -6.9427481E-01
-1.1390606E+00 2.5353534E-01 -1.3749049E+00 -8.6717128E-01 -1.6525433E+00 -6.7277584E-01
-1.0733831E+00 3.2770194E-01 -1.4030419E+00 -7.5272624E-01 -1.7239451E+00 -4.3576620E-01
-1.0142737E+00 4.3186753E-01 -1.4041603E+00 -5.5062704E-01 -1.9089682E+00 -2.0982548E-01
-9.8716827E-01 5.4693790E-01 -1.4507520E+00 -3.8305588E-01 -2.1022897E+00 2.6243263E-02
-9.9839202E-01 6.0531397E-01 -1.4713765E+00 -3.0152627E-01 -2.2343600E+00 9.7272536E-02
-1.0023757E+00 6.0487108E-01 -1.4723932E+00 -3.0602676E-01 -2.2379766E+00 9.3062452E-02
-1.0592109E+00 6.4816316E-01 -1.4502260E+00 -2.5570284E-01 -2.3997787E+00 1.5018600E-02
-1.1189656E+00 7.1673712E-01 -1.4736253E+00 -1.8414341E-01 -2.5865095E+00 -2.2828627E-02
-1.1254385E+00 7.1689638E-01 -1.4648334E+00 -1.7352494E-01 -2.5821563E+00 -3.7443292E-02
-1.1432705E+00 7.4074358E-01 -1.4941356E+00 -1.4154897E-01 -2.6372928E+00 -1.2471782E-02
