-1.0447487E+00 1.6859214E-01 -1.2119555E+00 -8.7893244E-01 -1.3761415E+00 -7.1601806E-01
-1.0493427E+00 1.4198676E-01 -1.1903363E+00 -9.0803704E-01 -1.3301305E+00 -7.7222491E-01
-1.0532788E+00 1.3540869E-01 -1.1864120E+00 -9.1701151E-01 -1.3216689E+00 -7.9010143E-01
-1.0475802E+00 1.1759867E-01 -1.1632075E+00 -9.3009833E-01 -1.2843708E+00 -8.2244775E-01
-1.0092378E+00 1.5383680E-01 -1.1478292E+00 -8.4527682E-01 -1.3262823E+00 -7.2463406E-01
-9.5005728E-01 1.8325381E-01 -1.1064046E+00 -7.5399174E-01 -1.3124341E+00 -6.0687459E-01
-9.1796752E-01 1.9873154E-01 -1.0784610E+00 -6.9947261E-01 -1.3113679E+00 -5.4938354E-01
-9.0785669E-01 1.9745695E-01 -1.0694870E+00 -6.9222389E-01 -1.3001274E+00 -5.3834328E-01
-9.0247943E-01 2.0484817E-01 -1.0779243E+00 -6.8540622E-01 -1.3062799E+00 -5.1038804E-01
-8.9896448E-01 2.2031443E-01 -1.0965415E+00 -6.6756437E-01 -1.3314091E+00 -4.7404616E-01
-9.4867590E-01 2.2760893E-01 -1.1536539E+00 -7.0944427E-01 -1.4220181E+00 -5.2386334E-01
-1.1049028E+00 3.0968821E-01 -1.4065644E+00 -8.0072819E-01 -1.7418404E+00 -5.1835620E-01
-1.3010544E+00 4.3032447E-01 -1.6876994E+00 -8.4556990E-01 -2.1989419E+00 -4.9043035E-01
-1.5230347E+00 5.7906983E-01 -2.0475248E+00 -8.7881730E-01 -2.6938038E+00 -4.5450221E-01
-1.6341721E+00 6.6066175E-01 -2.2555019E+00 -8.8069805E-01 -2.9326408E+00 -4.3481231E-01
-1.6385562E+00 6.6296463E-01 -2.2658657E+00 -8.8231704E-01 -2.9376279E+00 -4.4327818E-01
-1.7269085E+00 7.3116510E-01 -2.4262070E+00 -8.3324199E-01 -3.0933925E+00 -4.5530453E-01
-1.7896176E+00 8.1790171E-01 -2.5033462E+00 -6.8063838E-01 -3.2777291E+00 -4.0062522E-01
-1.7888459E+00 8.2027747E-01 -2.5104349E+00 -6.7742932E-01 -3.2799094E+00 -4.0009450E-01
-1.8056056E+00 8.4833175E-01 -2.5577157E+00 -6.6317615E-01 -3.3683824E+00 -3.8928923E-01
