-1.1527753E+00 1.7504631E-01 -1.3177141E+00 -9.7685092E-01 -1.5072823E+00 -8.1078428E-01
-1.1351389E+00 1.5047309E-01 -1.2760359E+00 -9.8022189E-01 -1.4439211E+00 -8.4533076E-01
-1.1283325E+00 1.4515887E-01 -1.2661339E+00 -9.7888267E-01 -1.4224424E+00 -8.4894375E-01
-1.0709639E+00 1.2868265E-01 -1.1876855E+00 -9.3951610E-01 -1.3401919E+00 -8.3082117E-01
-9.6195917E-01 1.6576147E-01 -1.1111506E+00 -7.9282382E-01 -1.3024318E+00 -6.4730065E-01
-8.9261179E-01 1.9481074E-01 -1.0634253E+00 -6.8508744E-01 -1.2714134E+00 -5.1732276E-01
-8.8470632E-01 2.0674633E-01 -1.0588172E+00 -6.6191555E-01 -1.2905466E+00 -4.8830475E-01
-8.9721964E-01 2.0582166E-01 -1.0658257E+00 -6.7428123E-01 -1.2990308E+00 -5.0332403E-01
-9.2272627E-01 2.1155573E-01 -1.1012515E+00 -6.9570793E-01 -1.3414069E+00 -5.1556494E-01
-9.3845974E-01 2.2567220E-01 -1.1359987E+00 -6.9909411E-01 -1.3839635E+00 -4.9963257E-01
-9.9168502E-01 2.3459050E-01 -1.1982251E+00 -7.4155155E-01 -1.4897685E+00 -5.6417559E-01
-1.1066073E+00 3.2758042E-01 -1.4321034E+00 -7.8039725E-01 -1.7583779E+00 -4.8306403E-01
-1.2166738E+00 4.4833215E-01 -1.6159751E+00 -7.4093689E-01 -2.1139789E+00 -3.4653746E-01
-1.3189292E+00 5.8825199E-01 -1.7959319E+00 -6.4069275E-01 -2.5362182E+00 -2.4115110E-01
-1.3642171E+00 6.6233202E-01 -1.8855560E+00 -5.7877748E-01 -2.7283968E+00 -1.8590543E-01
-1.3615704E+00 6.6355027E-01 -1.8787052E+00 -5.6801373E-01 -2.7196885E+00 -1.7809242E-01
-1.4008853E+00 7.1405048E-01 -1.9087410E+00 -4.9151758E-01 -2.8388906E+00 -2.0321470E-01
-1.4334881E+00 7.8076525E-01 -1.9525168E+00 -4.0035979E-01 -2.9850887E+00 -1.1655152E-01
-1.4340200E+00 7.8000268E-01 -1.9397219E+00 -3.9356641E-01 -2.9693663E+00 -1.0903675E-01
-1.4446147E+00 8.0080113E-01 -1.9595650E+00 -3.5876800E-01 -3.0237201E+00 -2.4540298E-02
