-1.0295293E+00 1.6516001E-01 -1.1933686E+00 -8.6659502E-01 -1.3525415E+00 -7.0220157E-01
-1.0054550E+00 1.3818657E-01 -1.1430635E+00 -8.6945082E-01 -1.2732521E+00 -7.3307275E-01
-9.9478209E-01 1.3217642E-01 -1.1257088E+00 -8.6393194E-01 -1.2514325E+00 -7.3245686E-01
-9.2029989E-01 1.1467096E-01 -1.0328488E+00 -8.0539820E-01 -1.1466436E+00 -6.9984300E-01
-8.0159251E-01 1.4536477E-01 -9.4454402E-01 -6.5710791E-01 -1.0994621E+00 -5.2583045E-01
-7.6779390E-01 1.6496443E-01 -9.1540776E-01 -5.9309504E-01 -1.1187032E+00 -4.6410433E-01
-8.0568340E-01 1.7429244E-01 -9.5926859E-01 -6.1905258E-01 -1.1525762E+00 -4.7170164E-01
-8.4913117E-01 1.7193058E-01 -9.9975895E-01 -6.6576627E-01 -1.1928487E+00 -5.1804785E-01
-9.4882217E-01 1.8500674E-01 -1.1103044E+00 -7.5206285E-01 -1.3221007E+00 -5.8702958E-01
-1.0030552E+00 2.0552595E-01 -1.1874726E+00 -7.8721738E-01 -1.4144873E+00 -6.0546855E-01
-1.1733062E+00 2.2183102E-01 -1.3939600E+00 -9.5095593E-01 -1.6137340E+00 -7.5261563E-01
-1.4858884E+00 3.1970444E-01 -1.8051991E+00 -1.1683612E+00 -2.1233920E+00 -8.7453006E-01
-1.7233183E+00 4.4452835E-01 -2.1725056E+00 -1.2756172E+00 -2.6133448E+00 -8.7352586E-01
-1.8948610E+00 5.7909166E-01 -2.4966577E+00 -1.3042948E+00 -3.0354143E+00 -7.9239712E-01
-1.9508633E+00 6.4599245E-01 -2.6386337E+00 -1.2874171E+00 -3.1934988E+00 -7.1070412E-01
-1.9466551E+00 6.4642683E-01 -2.6375478E+00 -1.2828918E+00 -3.1844669E+00 -7.0303727E-01
-1.9679052E+00 7.0122647E-01 -2.7398780E+00 -1.2222038E+00 -3.2868113E+00 -7.0863887E-01
-1.9784934E+00 7.7469744E-01 -2.8447815E+00 -1.1395613E+00 -3.3965514E+00 -6.1148789E-01
-1.9780159E+00 7.7494346E-01 -2.8475570E+00 -1.1377795E+00 -3.3863053E+00 -6.1018575E-01
-1.9792851E+00 8.0123537E-01 -2.8784441E+00 -1.1099046E+00 -3.5000000E+00 -6.2677546E-01
