-1.2749856E+00 1.7030045E-01 -1.4416036E+00 -1.1051451E+00 -1.6233863E+00 -9.4833457E-01
-1.2471280E+00 1.4660461E-01 -1.3840428E+00 -1.0954528E+00 -1.5451841E+00 -9.7144581E-01
-1.2392092E+00 1.3974066E-01 -1.3686733E+00 -1.0953702E+00 -1.5263484E+00 -9.7489481E-01
-1.1323861E+00 1.1903856E-01 -1.2397913E+00 -1.0070775E+00 -1.3791423E+00 -9.1067702E-01
-9.0047504E-01 1.5315294E-01 -1.0526183E+00 -7.4931499E-01 -1.2053345E+00 -6.0517369E-01
-7.0306473E-01 1.6738162E-01 -8.5658726E-01 -5.3061411E-01 -1.0479550E+00 -3.9071352E-01
-6.4397913E-01 1.7355060E-01 -7.9551541E-01 -4.5803037E-01 -1.0105108E+00 -3.2949497E-01
-6.5128978E-01 1.6905187E-01 -7.9958401E-01 -4.6866740E-01 -9.9042887E-01 -3.3165592E-01
-6.8457888E-01 1.7800729E-01 -8.4428618E-01 -4.9289653E-01 -1.0480906E+00 -3.5551524E-01
-7.0688568E-01 1.9707899E-01 -8.8446480E-01 -4.9744566E-01 -1.1116791E+00 -3.3928046E-01
-8.4618778E-01 2.1751502E-01 -1.0583495E+00 -6.3195645E-01 -1.2851448E+00 -4.3085633E-01
-1.1738700E+00 3.1746727E-01 -1.4901877E+00 -8.5751828E-01 -1.8019066E+00 -5.5759121E-01
-1.4968481E+00 4.3178442E-01 -1.9307197E+00 -1.0690370E+00 -2.3338955E+00 -6.3596542E-01
-1.8002639E+00 5.7067790E-01 -2.4137345E+00 -1.2558083E+00 -2.8580000E+00 -6.3464532E-01
-1.9288642E+00 6.5114479E-01 -2.6537729E+00 -1.3082918E+00 -3.1595022E+00 -6.8438774E-01
-1.9298680E+00 6.5291563E-01 -2.6581163E+00 -1.3048072E+00 -3.1614507E+00 -6.8842374E-01
-1.9985107E+00 7.2117357E-01 -2.9281756E+00 -1.3868773E+00 -3.2881924E+00 -6.7237785E-01
-2.0376367E+00 8.0458214E-01 -3.1484790E+00 -1.4167790E+00 -3.4342447E+00 -3.7587005E-01
-2.0351888E+00 8.0542308E-01 -3.1363200E+00 -1.4041469E+00 -3.4163551E+00 -3.5173364E-01
-2.0440601E+00 8.3324493E-01 -3.1828795E+00 -1.3846307E+00 -3.5000000E+00 -5.3788886E-01
