-9.8076544E-01 1.7638648E-01 -1.1569626E+00 -8.0631105E-01 -1.3266730E+00 -6.3956259E-01
-9.8425185E-01 1.5007704E-01 -1.1274018E+00 -8.3069767E-01 -1.2842411E+00 -6.9339168E-01
-9.7753072E-01 1.4242127E-01 -1.1186991E+00 -8.3740961E-01 -1.2645420E+00 -7.0045668E-01
-1.0247405E+00 1.2848126E-01 -1.1406416E+00 -8.9017944E-01 -1.2926535E+00 -7.8558928E-01
-1.1756132E+00 1.8223659E-01 -1.3318645E+00 -9.8003322E-01 -1.5618150E+00 -8.4069603E-01
-1.3501784E+00 2.2923646E-01 -1.5380832E+00 -1.0970599E+00 -1.8233749E+00 -9.2153023E-01
-1.4242233E+00 2.4958740E-01 -1.6298578E+00 -1.1474099E+00 -1.9352593E+00 -9.5839556E-01
-1.4289707E+00 2.5037587E-01 -1.6373436E+00 -1.1467282E+00 -1.9287782E+00 -9.6301773E-01
-1.4117471E+00 2.5651583E-01 -1.6301049E+00 -1.1210738E+00 -1.9332405E+00 -9.4325305E-01
-1.3919829E+00 2.6975613E-01 -1.6258413E+00 -1.0887362E+00 -1.9526911E+00 -9.0632812E-01
-1.2806669E+00 2.7229699E-01 -1.5290260E+00 -9.8618233E-01 -1.8342443E+00 -7.7170168E-01
-1.0404356E+00 3.3426062E-01 -1.3458147E+00 -6.8725425E-01 -1.7175226E+00 -4.0200600E-01
-8.4254384E-01 4.1693993E-01 -1.2178032E+00 -4.1530636E-01 -1.6573425E+00 -2.6179866E-02
-7.1752921E-01 5.1010171E-01 -1.1317279E+00 -1.8497555E-01 -1.6816081E+00 2.7282860E-01
-7.0369409E-01 5.5591410E-01 -1.1033340E+00 -1.0156811E-01 -1.7779936E+00 3.3841872E-01
-7.1265632E-01 5.5286548E-01 -1.1012520E+00 -1.1015732E-01 -1.7920501E+00 3.0978465E-01
-7.6764805E-01 5.7535584E-01 -1.0509991E+00 -9.5062776E-02 -1.9686834E+00 1.4748772E-01
-8.2898690E-01 6.3237639E-01 -1.0712279E+00 -6.4368580E-02 -2.1531865E+00 5.4481616E-02
-8.3480981E-01 6.3206816E-01 -1.0500749E+00 -5.6897240E-02 -2.1427430E+00 1.6452774E-02
-8.5282508E-01 6.5509896E-01 -1.0495589E+00 -2.3721762E-02 -2.1885931E+00 7.8013089E-03
