-1.1004606E+00 1.7530776E-01 -1.2669874E+00 -9.2074241E-01 -1.4507879E+00 -7.6132810E-01
-1.1007162E+00 1.4988918E-01 -1.2414187E+00 -9.4438691E-01 -1.4036183E+00 -8.1569330E-01
-1.1046921E+00 1.4428374E-01 -1.2403627E+00 -9.5467555E-01 -1.3991677E+00 -8.3370792E-01
-1.0908376E+00 1.2683707E-01 -1.2054847E+00 -9.6010243E-01 -1.3529763E+00 -8.5652256E-01
-1.0366381E+00 1.6410009E-01 -1.1902120E+00 -8.6772205E-01 -1.3560706E+00 -7.1512479E-01
-9.6724391E-01 1.8888872E-01 -1.1328910E+00 -7.5932447E-01 -1.3601518E+00 -6.2530932E-01
-9.3712735E-01 2.0069257E-01 -1.1113290E+00 -7.1616865E-01 -1.3464615E+00 -5.6120177E-01
-9.3732245E-01 2.0152909E-01 -1.1086350E+00 -7.1469317E-01 -1.3487579E+00 -5.5776339E-01
-9.5004575E-01 2.0694691E-01 -1.1285363E+00 -7.1928914E-01 -1.3664889E+00 -5.5977775E-01
-9.6077049E-01 2.2150523E-01 -1.1601811E+00 -7.1782279E-01 -1.4163817E+00 -5.5396333E-01
-1.0285713E+00 2.3012984E-01 -1.2465017E+00 -7.8265025E-01 -1.4863483E+00 -5.9369972E-01
-1.1800653E+00 3.1752403E-01 -1.4926236E+00 -8.6707654E-01 -1.8175671E+00 -5.7142401E-01
-1.3205374E+00 4.3319605E-01 -1.7163949E+00 -8.6046046E-01 -2.2193152E+00 -5.1578780E-01
-1.4420261E+00 5.7853049E-01 -1.9563822E+00 -7.8773785E-01 -2.6307005E+00 -4.0540292E-01
-1.4929438E+00 6.6190359E-01 -2.0558637E+00 -6.9418039E-01 -2.8371798E+00 -3.5362281E-01
-1.4929540E+00 6.6397769E-01 -2.0485472E+00 -6.7942109E-01 -2.8441650E+00 -3.5558789E-01
-1.5325489E+00 7.3497542E-01 -2.0880470E+00 -5.4583695E-01 -2.9494157E+00 -3.0440722E-01
-1.5595569E+00 8.2176380E-01 -2.1931865E+00 -4.2479689E-01 -3.0799649E+00 -1.6429826E-01
-1.5585105E+00 8.2313552E-01 -2.2052335E+00 -4.3618465E-01 -3.0606607E+00 -1.3696598E-01
-1.5652343E+00 8.5071790E-01 -2.2521756E+00 -4.2599323E-01 -3.0986035E+00 -4.6928269E-02
