-1.0810665E+00 1.6872010E-01 -1.2459276E+00 -9.1319636E-01 -1.4198597E+00 -7.5446690E-01
-1.0725569E+00 1.4422829E-01 -1.2146223E+00 -9.3039157E-01 -1.3626344E+00 -7.9113840E-01
-1.0681559E+00 1.3969961E-01 -1.2046214E+00 -9.3092272E-01 -1.3482381E+00 -7.9752629E-01
-1.0447012E+00 1.2245442E-01 -1.1608007E+00 -9.1720822E-01 -1.2923317E+00 -8.1322885E-01
-1.0017193E+00 1.5260126E-01 -1.1428164E+00 -8.4615133E-01 -1.3157395E+00 -7.0891275E-01
-9.6759650E-01 1.7976959E-01 -1.1199254E+00 -7.7252509E-01 -1.3434454E+00 -6.4359681E-01
-9.5601094E-01 1.9619410E-01 -1.1146955E+00 -7.4174211E-01 -1.3504183E+00 -5.8933200E-01
-9.5114893E-01 1.9822872E-01 -1.1054781E+00 -7.2908231E-01 -1.3526211E+00 -5.8816335E-01
-9.4391891E-01 2.0864822E-01 -1.1156389E+00 -7.1490011E-01 -1.3862169E+00 -5.7204666E-01
-9.3606582E-01 2.2533298E-01 -1.1343563E+00 -6.9485722E-01 -1.3974111E+00 -5.1927653E-01
-9.5570101E-01 2.3651488E-01 -1.1887249E+00 -7.1948244E-01 -1.4341552E+00 -5.0848818E-01
-1.0431918E+00 3.2237133E-01 -1.3632080E+00 -7.2748243E-01 -1.6845220E+00 -4.1749359E-01
-1.1721913E+00 4.3371393E-01 -1.5740135E+00 -7.2322868E-01 -2.0591048E+00 -3.3973823E-01
-1.3313139E+00 5.6932424E-01 -1.8419075E+00 -7.0139488E-01 -2.4984086E+00 -2.8300559E-01
-1.4170207E+00 6.4280385E-01 -1.9951341E+00 -6.8740821E-01 -2.7274533E+00 -2.6410809E-01
-1.4205452E+00 6.4232220E-01 -1.9953882E+00 -6.8590655E-01 -2.7269776E+00 -2.6992956E-01
-1.4956658E+00 6.9588126E-01 -2.0333504E+00 -5.9577606E-01 -2.8522705E+00 -3.1437280E-01
-1.5506666E+00 7.7037878E-01 -2.0685548E+00 -4.7889759E-01 -3.0382051E+00 -2.8757590E-01
-1.5507071E+00 7.7241263E-01 -2.0636154E+00 -4.6609393E-01 -3.0410470E+00 -2.8392711E-01
-1.5624780E+00 8.0036092E-01 -2.1018630E+00 -4.4119348E-01 -3.1136982E+00 -2.4467663E-01
