-9.3961833E-01 1.7670947E-01 -1.1126356E+00 -7.6269494E-01 -1.2944848E+00 -6.0176044E-01
-9.6266772E-01 1.5155256E-01 -1.1117710E+00 -8.1262555E-01 -1.2707466E+00 -6.7928500E-01
-9.6932622E-01 1.4474226E-01 -1.1058051E+00 -8.2165479E-01 -1.2612307E+00 -6.9588620E-01
-1.0555464E+00 1.2721688E-01 -1.1717519E+00 -9.2129164E-01 -1.3179668E+00 -8.1757368E-01
-1.2214102E+00 1.7209459E-01 -1.3773576E+00 -1.0411048E+00 -1.5792593E+00 -8.9634766E-01
-1.3311850E+00 2.2562925E-01 -1.5110889E+00 -1.0778842E+00 -1.8060858E+00 -9.1637476E-01
-1.3419083E+00 2.5489630E-01 -1.5369622E+00 -1.0519859E+00 -1.8787828E+00 -8.7749437E-01
-1.3140106E+00 2.5862715E-01 -1.5106585E+00 -1.0191826E+00 -1.8626444E+00 -8.4512952E-01
-1.2495647E+00 2.7134440E-01 -1.4566107E+00 -9.4019011E-01 -1.8195737E+00 -7.5218276E-01
-1.2066361E+00 2.8677280E-01 -1.4362870E+00 -8.8412562E-01 -1.8088391E+00 -6.7795081E-01
-1.0830370E+00 2.9000278E-01 -1.3207402E+00 -7.5997577E-01 -1.6843398E+00 -5.4631057E-01
-8.7787164E-01 3.2733544E-01 -1.1687782E+00 -5.2775073E-01 -1.5638069E+00 -2.7370602E-01
-7.6344976E-01 3.9235580E-01 -1.1323606E+00 -3.5336941E-01 -1.5597047E+00 -1.8886924E-02
-7.4822532E-01 4.9798420E-01 -1.1812940E+00 -1.9469512E-01 -1.7335406E+00 2.0381137E-01
-7.9047021E-01 5.6184277E-01 -1.2226916E+00 -1.3086593E-01 -1.9310805E+00 2.3137830E-01
-8.0042205E-01 5.6152060E-01 -1.2273456E+00 -1.3700265E-01 -1.9426838E+00 2.1512816E-01
-8.9596983E-01 6.0412608E-01 -1.2492258E+00 -1.3376402E-01 -2.1404997E+00 8.9825356E-02
-9.8607517E-01 6.7159297E-01 -1.3001697E+00 -9.9085018E-02 -2.3463064E+00 2.8832270E-02
-9.9189961E-01 6.7081346E-01 -1.2872392E+00 -9.5333483E-02 -2.3379766E+00 5.7472592E-03
-1.0190615E+00 6.9522740E-01 -1.2978755E+00 -5.9997530E-02 -2.3942243E+00 1.5249230E-03
