-7.8397327E-01 1.7256679E-01 -9.5275127E-01 -6.1297122E-01 -1.1225325E+00 -4.4628895E-01
-8.2682255E-01 1.4786159E-01 -9.7055061E-01 -6.7995431E-01 -1.1212426E+00 -5.3822064E-01
-8.4329220E-01 1.4160304E-01 -9.8190960E-01 -7.0330986E-01 -1.1280905E+00 -5.6887252E-01
-9.8110823E-01 1.2171085E-01 -1.1001350E+00 -8.5983632E-01 -1.2287134E+00 -7.5242257E-01
-1.2242787E+00 1.6336427E-01 -1.3755631E+00 -1.0549750E+00 -1.5597886E+00 -9.1587466E-01
-1.3544834E+00 2.0717071E-01 -1.5429946E+00 -1.1382121E+00 -1.7693647E+00 -9.5084888E-01
-1.3441640E+00 2.3110807E-01 -1.5486085E+00 -1.0932508E+00 -1.8068326E+00 -9.0513235E-01
-1.2974425E+00 2.3507447E-01 -1.5057663E+00 -1.0362498E+00 -1.7638821E+00 -8.5675453E-01
-1.2042534E+00 2.4738860E-01 -1.4299792E+00 -9.3373117E-01 -1.7123908E+00 -7.4960258E-01
-1.1469414E+00 2.6471004E-01 -1.3977421E+00 -8.6723132E-01 -1.6839552E+00 -6.5291406E-01
-9.9616826E-01 2.5873717E-01 -1.2542204E+00 -7.3719791E-01 -1.5136032E+00 -5.0675090E-01
-7.5789029E-01 2.9615808E-01 -1.0484283E+00 -4.6417098E-01 -1.3529074E+00 -1.9037233E-01
-6.3294759E-01 3.9638650E-01 -1.0019192E+00 -2.1238299E-01 -1.3967626E+00 1.3187635E-01
-6.0933643E-01 5.5125626E-01 -1.0441478E+00 5.7703897E-02 -1.6709201E+00 3.8382282E-01
-6.4142186E-01 6.4563972E-01 -1.0837862E+00 1.8636818E-01 -1.8351332E+00 5.0000000E-01
-6.5171136E-01 6.4888396E-01 -1.0869873E+00 1.8457171E-01 -1.8849629E+00 4.6736801E-01
-7.1916240E-01 7.4044665E-01 -1.1063155E+00 2.8287222E-01 -2.1756527E+00 4.4731247E-01
-7.8001229E-01 8.4153974E-01 -1.1701496E+00 3.8331967E-01 -2.4115456E+00 5.0000000E-01
-7.8255450E-01 8.4438698E-01 -1.1553881E+00 3.9860247E-01 -2.4284249E+00 4.8629116E-01
-7.9950350E-01 8.7518035E-01 -1.1669447E+00 4.5758493E-01 -2.4937403E+00 5.0000000E-01
