-1.2593215E+00 1.8480771E-01 -1.4410522E+00 -1.0736902E+00 -1.6354343E+00 -9.1128496E-01
-1.2411330E+00 1.6015535E-01 -1.3908794E+00 -1.0744214E+00 -1.5705685E+00 -9.4112670E-01
-1.2361006E+00 1.5421082E-01 -1.3782517E+00 -1.0745963E+00 -1.5549168E+00 -9.4645195E-01
-1.1760214E+00 1.3254197E-01 -1.2928659E+00 -1.0358147E+00 -1.4570017E+00 -9.3023514E-01
-1.0423180E+00 1.6312576E-01 -1.1949562E+00 -8.7095809E-01 -1.3739755E+00 -7.3593989E-01
-9.1228145E-01 1.9008944E-01 -1.0805957E+00 -7.0790058E-01 -1.3062298E+00 -5.5789160E-01
-8.5757213E-01 2.0250824E-01 -1.0347293E+00 -6.4070848E-01 -1.2901843E+00 -4.8911658E-01
-8.4566556E-01 2.0149208E-01 -1.0201182E+00 -6.2764936E-01 -1.2777217E+00 -4.7894995E-01
-8.2162657E-01 2.0813824E-01 -1.0054250E+00 -5.9634300E-01 -1.2613179E+00 -4.4226318E-01
-8.1039668E-01 2.2373824E-01 -1.0100347E+00 -5.6895542E-01 -1.2762092E+00 -3.9917688E-01
-8.2162881E-01 2.3001895E-01 -1.0272882E+00 -5.7809083E-01 -1.2982164E+00 -3.8734882E-01
-8.9485618E-01 3.1973010E-01 -1.1920502E+00 -5.6575102E-01 -1.5527123E+00 -2.8974933E-01
-1.0102302E+00 4.5569510E-01 -1.4244276E+00 -5.2095720E-01 -1.9429418E+00 -1.7375795E-01
-1.1544110E+00 6.2884455E-01 -1.7167929E+00 -4.3486800E-01 -2.3902852E+00 4.7154974E-03
-1.2303880E+00 7.2897730E-01 -1.8791515E+00 -3.6676183E-01 -2.6536070E+00 9.0902029E-02
-1.2338695E+00 7.3183095E-01 -1.8819591E+00 -3.5971579E-01 -2.6611175E+00 8.6020915E-02
-1.2857085E+00 8.2535374E-01 -1.9898417E+00 -2.3095793E-01 -2.8577680E+00 1.5232556E-01
-1.3211316E+00 9.2841407E-01 -2.1577409E+00 -1.4561090E-01 -3.0566667E+00 3.1925299E-01
-1.3209645E+00 9.3126043E-01 -2.1697311E+00 -1.4945145E-01 -3.0479752E+00 3.3213071E-01
-1.3303919E+00 9.6563153E-01 -2.2292904E+00 -1.3140298E-01 -3.5000000E+00 5.0000000E-01
