-1.1238145E+00 1.7597521E-01 -1.2994105E+00 -9.5152036E-01 -1.4753044E+00 -7.8251286E-01
-1.1149139E+00 1.4984273E-01 -1.2650150E+00 -9.6671189E-01 -1.4116341E+00 -8.2709249E-01
-1.1154464E+00 1.4360565E-01 -1.2588604E+00 -9.7264430E-01 -1.4001850E+00 -8.3945881E-01
-1.0845413E+00 1.2528376E-01 -1.2063128E+00 -9.6042509E-01 -1.3376204E+00 -8.4406558E-01
-9.8744482E-01 1.6004115E-01 -1.1326101E+00 -8.2403932E-01 -1.3142624E+00 -6.8689578E-01
-8.6176740E-01 1.9037540E-01 -1.0195367E+00 -6.5842440E-01 -1.2469779E+00 -5.0009792E-01
-7.9644361E-01 2.0297677E-01 -9.5694765E-01 -5.6790865E-01 -1.2100100E+00 -4.1855520E-01
-7.7595302E-01 2.0237883E-01 -9.2730277E-01 -5.4214723E-01 -1.1928963E+00 -4.0547023E-01
-7.5373670E-01 2.0888378E-01 -9.1490985E-01 -5.1994874E-01 -1.1814516E+00 -3.6598697E-01
-7.4472205E-01 2.2309497E-01 -9.2897939E-01 -5.0366050E-01 -1.1919617E+00 -3.2151444E-01
-7.9776176E-01 2.3003134E-01 -1.0080756E+00 -5.6485168E-01 -1.2419412E+00 -3.4705342E-01
-9.7660784E-01 3.1467615E-01 -1.2704175E+00 -6.4601263E-01 -1.6162652E+00 -3.8285333E-01
-1.1966770E+00 4.3796139E-01 -1.5980433E+00 -7.2585535E-01 -2.0812897E+00 -3.7801958E-01
-1.4305175E+00 5.9218814E-01 -1.9565208E+00 -7.6889097E-01 -2.6344142E+00 -3.3974346E-01
-1.5438219E+00 6.7743025E-01 -2.1474323E+00 -7.6016867E-01 -2.9036511E+00 -3.2955183E-01
-1.5465306E+00 6.7860552E-01 -2.1514101E+00 -7.5670529E-01 -2.9066208E+00 -3.3468972E-01
-1.6377419E+00 7.3684321E-01 -2.3030812E+00 -7.2637881E-01 -3.0650246E+00 -3.6765720E-01
-1.7039603E+00 8.1074751E-01 -2.4529715E+00 -6.6901814E-01 -3.2007587E+00 -3.0875899E-01
-1.7056482E+00 8.0967937E-01 -2.4605427E+00 -6.7099964E-01 -3.2024265E+00 -3.1927451E-01
-1.7220157E+00 8.3469424E-01 -2.4872115E+00 -6.4112489E-01 -3.2803450E+00 -3.0208702E-01
