-1.1620250E+00 1.8645241E-01 -1.3396058E+00 -9.6905796E-01 -1.5338301E+00 -8.0521709E-01
-1.1692014E+00 1.6094768E-01 -1.3194717E+00 -1.0005102E+00 -1.4920164E+00 -8.6603204E-01
-1.1720788E+00 1.5456792E-01 -1.3162111E+00 -1.0104732E+00 -1.4831342E+00 -8.8234372E-01
-1.1951349E+00 1.3857776E-01 -1.3163065E+00 -1.0477687E+00 -1.4716908E+00 -9.2989735E-01
-1.2275572E+00 1.8708413E-01 -1.3805218E+00 -1.0192454E+00 -1.6090727E+00 -8.7432560E-01
-1.2293441E+00 2.2695818E-01 -1.4081266E+00 -9.7533512E-01 -1.6965114E+00 -8.0745935E-01
-1.2126577E+00 2.4309778E-01 -1.4019503E+00 -9.3875643E-01 -1.7079042E+00 -7.6580202E-01
-1.1972090E+00 2.4442834E-01 -1.3803677E+00 -9.1775209E-01 -1.7015341E+00 -7.5289659E-01
-1.1609640E+00 2.5122623E-01 -1.3566908E+00 -8.7530097E-01 -1.6710750E+00 -6.9591169E-01
-1.1419176E+00 2.6589387E-01 -1.3605685E+00 -8.4647110E-01 -1.6835660E+00 -6.4287295E-01
-1.0746699E+00 2.6859601E-01 -1.3133163E+00 -7.7695062E-01 -1.6288949E+00 -5.8928447E-01
-9.6034526E-01 3.3417648E-01 -1.2685526E+00 -6.0531935E-01 -1.6459698E+00 -3.2758196E-01
-8.9320491E-01 4.2476929E-01 -1.2825280E+00 -4.4882306E-01 -1.7580899E+00 -8.6119828E-02
-8.8179676E-01 5.2680030E-01 -1.3530155E+00 -3.1986685E-01 -1.9055022E+00 1.3710266E-01
-9.0857666E-01 5.7892935E-01 -1.3885372E+00 -2.6006395E-01 -2.0463683E+00 1.7978725E-01
-9.1588891E-01 5.7855780E-01 -1.3822935E+00 -2.5860701E-01 -2.0603486E+00 1.5920459E-01
-9.8413979E-01 6.1559306E-01 -1.3869653E+00 -2.1090069E-01 -2.2144374E+00 5.4030857E-02
-1.0485544E+00 6.8261785E-01 -1.4285010E+00 -1.4603903E-01 -2.3881551E+00 1.8827133E-02
-1.0536591E+00 6.8007733E-01 -1.4051899E+00 -1.3388582E-01 -2.3745153E+00 -1.2422836E-02
-1.0718532E+00 7.0391682E-01 -1.4463826E+00 -4.7870324E-02 -2.4124096E+00 -2.5131651E-03
