-8.8400370E-01 2.3727599E-01 -1.1213391E+00 -6.5062051E-01 -1.3548523E+00 -4.2043985E-01
-8.7934626E-01 2.0557573E-01 -1.0838031E+00 -6.7658255E-01 -1.2908953E+00 -4.8113637E-01
-8.7292105E-01 1.6927058E-01 -1.0420304E+00 -7.0407492E-01 -1.2121348E+00 -5.4574100E-01
-8.6772765E-01 1.3061981E-01 -9.9792649E-01 -7.3667673E-01 -1.1213528E+00 -6.1111030E-01
-8.7049340E-01 1.2022389E-01 -9.9040425E-01 -7.5331036E-01 -1.1084247E+00 -6.3558855E-01
-8.8340512E-01 1.3291574E-01 -1.0162449E+00 -7.5269045E-01 -1.1424590E+00 -6.2052051E-01
-9.0837236E-01 1.4801289E-01 -1.0609819E+00 -7.7086185E-01 -1.1864834E+00 -6.0327354E-01
-9.4021795E-01 1.5998944E-01 -1.1037031E+00 -7.9403339E-01 -1.2438001E+00 -6.0850589E-01
-9.6936967E-01 1.7023588E-01 -1.1468982E+00 -8.1359166E-01 -1.2931079E+00 -6.2062089E-01
-9.9077911E-01 1.7914157E-01 -1.1701974E+00 -8.1462587E-01 -1.3340893E+00 -6.2966658E-01
-9.9945843E-01 1.8609523E-01 -1.1845665E+00 -8.1508914E-01 -1.3644410E+00 -6.3314737E-01
-9.9744759E-01 1.9643348E-01 -1.1803364E+00 -7.9033761E-01 -1.3857839E+00 -6.1306022E-01
-9.8909472E-01 2.1052843E-01 -1.1982903E+00 -7.8235769E-01 -1.4054589E+00 -5.7694955E-01
-9.8234425E-01 2.2663623E-01 -1.2094926E+00 -7.5653102E-01 -1.4311903E+00 -5.4600677E-01
-9.8427246E-01 2.4307404E-01 -1.2167807E+00 -7.2464447E-01 -1.4725016E+00 -5.2993229E-01
-1.0005978E+00 2.5571912E-01 -1.2405243E+00 -7.2229569E-01 -1.5091925E+00 -5.1912823E-01
-1.0370726E+00 2.6469983E-01 -1.2864106E+00 -7.5273464E-01 -1.5655719E+00 -5.4310349E-01
-1.0900799E+00 2.7048050E-01 -1.3487062E+00 -8.0483851E-01 -1.6278340E+00 -5.7749231E-01
-1.1533323E+00 2.7294483E-01 -1.4067792E+00 -8.5996538E-01 -1.6974357E+00 -6.3451686E-01
-1.2208831E+00 2.7925665E-01 -1.4876265E+00 -9.2633584E-01 -1.7729473E+00 -6.9404664E-01
-1.2902801E+00 3.0160202E-01 -1.5604493E+00 -9.7061067E-01 -1.9218269E+00 -7.2321565E-01
-1.3552640E+00 3.5130895E-01 -1.6510306E+00 -9.7408821E-01 -2.0794387E+00 -6.8072604E-01
-1.4093043E+00 4.2873430E-01 -1.7357001E+00 -9.0056486E-01 -2.2651269E+00 -6.3171834E-01
-1.4474204E+00 5.2214142E-01 -1.8163798E+00 -7.9112213E-01 -2.4676310E+00 -5.4959912E-01
-1.4691810E+00 6.2054570E-01 -1.9035980E+00 -6.6534495E-01 -2.6686023E+00 -4.1996681E-01
-1.4777376E+00 7.1911192E-01 -2.0016705E+00 -5.5171919E-01 -2.8698710E+00 -2.5435600E-01
-1.4801069E+00 8.0881922E-01 -2.0903764E+00 -4.4523728E-01 -3.0602915E+00 -8.0676920E-02
-1.4802004E+00 8.8533680E-01 -2.1773799E+00 -3.6291836E-01 -3.2145541E+00 8.4893762E-02
-1.4793458E+00 9.2667764E-01 -2.2267636E+00 -3.1780975E-01 -3.2776865E+00 1.9552211E-01
-1.4794277E+00 9.5664552E-01 -2.2856439E+00 -3.0792789E-01 -3.3289735E+00 2.7659910E-01
