-1.0039839E+00 2.4241124E-01 -1.2419402E+00 -7.5974636E-01 -1.4826508E+00 -5.2829665E-01
-9.9419895E-01 2.1154217E-01 -1.2041555E+00 -7.8134296E-01 -1.4030579E+00 -5.7806567E-01
-9.7695909E-01 1.7867149E-01 -1.1563993E+00 -7.9659047E-01 -1.3227823E+00 -6.2652120E-01
-9.5189074E-01 1.3951983E-01 -1.0900369E+00 -8.1224364E-01 -1.2258311E+00 -6.7743161E-01
-9.3549399E-01 1.2453612E-01 -1.0612473E+00 -8.1233529E-01 -1.1789139E+00 -6.9158766E-01
-9.3207689E-01 1.3367357E-01 -1.0666281E+00 -7.9912728E-01 -1.1982099E+00 -6.7691186E-01
-9.4499527E-01 1.4867038E-01 -1.0849654E+00 -7.9075335E-01 -1.2462422E+00 -6.6193429E-01
-9.7449237E-01 1.6212966E-01 -1.1363159E+00 -8.1410468E-01 -1.2958238E+00 -6.6148383E-01
-1.0151755E+00 1.7527511E-01 -1.1919428E+00 -8.3906609E-01 -1.3544126E+00 -6.7501891E-01
-1.0578646E+00 1.8884584E-01 -1.2483543E+00 -8.7094973E-01 -1.4266279E+00 -6.9116447E-01
-1.0984383E+00 2.0077685E-01 -1.3020612E+00 -8.9782016E-01 -1.4878351E+00 -7.1378030E-01
-1.1296641E+00 2.0904521E-01 -1.3287246E+00 -9.1180375E-01 -1.5452327E+00 -7.2384281E-01
-1.1444732E+00 2.1458954E-01 -1.3581926E+00 -9.3103791E-01 -1.5731262E+00 -7.3507207E-01
-1.1381256E+00 2.2616182E-01 -1.3651529E+00 -9.1136406E-01 -1.5847102E+00 -7.0620687E-01
-1.1149647E+00 2.4335887E-01 -1.3613218E+00 -8.7150476E-01 -1.5950943E+00 -6.4919473E-01
-1.0755381E+00 2.6081696E-01 -1.3366300E+00 -8.1746342E-01 -1.5990163E+00 -5.7455186E-01
-1.0265972E+00 2.7598926E-01 -1.2960563E+00 -7.5734809E-01 -1.5946254E+00 -4.9434871E-01
-9.7453568E-01 2.8731366E-01 -1.2576655E+00 -6.9205290E-01 -1.5759459E+00 -4.3149726E-01
-9.2938432E-01 2.9266943E-01 -1.2033488E+00 -6.1513958E-01 -1.5229916E+00 -3.8647411E-01
-9.0216639E-01 2.8894838E-01 -1.1866145E+00 -5.9975231E-01 -1.4700824E+00 -3.5738273E-01
-8.9669873E-01 2.8152330E-01 -1.1839952E+00 -6.1423537E-01 -1.4383883E+00 -3.4724230E-01
-9.1285979E-01 2.8804160E-01 -1.1922345E+00 -6.2458988E-01 -1.4784155E+00 -3.3929889E-01
-9.5196345E-01 3.2357489E-01 -1.2442844E+00 -6.2324738E-01 -1.6223530E+00 -3.3136604E-01
-1.0110617E+00 3.8748305E-01 -1.3344108E+00 -6.0255677E-01 -1.8444968E+00 -3.0430106E-01
-1.0788012E+00 4.7339379E-01 -1.4678634E+00 -5.5981998E-01 -2.1137074E+00 -2.3613175E-01
-1.1478898E+00 5.7265702E-01 -1.6099916E+00 -4.8726837E-01 -2.3033778E+00 -9.1136611E-02
-1.2069783E+00 6.6971744E-01 -1.7565038E+00 -4.0875911E-01 -2.5056474E+00 2.3602087E-02
-1.2529535E+00 7.5319401E-01 -1.8929306E+00 -3.5614556E-01 -2.6943712E+00 1.2569852E-01
-1.2744337E+00 7.9781937E-01 -1.9572848E+00 -3.2240933E-01 -2.7995159E+00 1.8839847E-01
-1.2864986E+00 8.2754715E-01 -2.0026139E+00 -2.9933465E-01 -2.8630412E+00 2.3496039E-01
