-1.0252069E+00 2.4256257E-01 -1.2695673E+00 -7.8648273E-01 -1.4996331E+00 -5.4527172E-01
-1.0334705E+00 2.1004562E-01 -1.2438283E+00 -8.2730982E-01 -1.4423465E+00 -6.1788214E-01
-1.0402754E+00 1.7355292E-01 -1.2105879E+00 -8.6862155E-01 -1.3794347E+00 -6.9546918E-01
-1.0431854E+00 1.3559424E-01 -1.1790916E+00 -9.0714478E-01 -1.3078237E+00 -7.7901906E-01
-1.0395609E+00 1.2527165E-01 -1.1645309E+00 -9.1485831E-01 -1.2812584E+00 -7.9974515E-01
-1.0273436E+00 1.3649201E-01 -1.1648614E+00 -8.8940535E-01 -1.2952712E+00 -7.6602354E-01
-1.0048989E+00 1.5439998E-01 -1.1631110E+00 -8.5200972E-01 -1.3063021E+00 -7.0396080E-01
-9.7177724E-01 1.6901022E-01 -1.1410668E+00 -8.0579886E-01 -1.3010508E+00 -6.3429009E-01
-9.3400166E-01 1.7932984E-01 -1.1137007E+00 -7.5610468E-01 -1.2864714E+00 -5.8120390E-01
-8.9995392E-01 1.8546474E-01 -1.0872893E+00 -7.1788186E-01 -1.2624147E+00 -5.3879865E-01
-8.7345653E-01 1.9081531E-01 -1.0616484E+00 -6.8590179E-01 -1.2562948E+00 -5.0549997E-01
-8.6196261E-01 1.9702068E-01 -1.0559992E+00 -6.6695716E-01 -1.2650285E+00 -4.8133646E-01
-8.6436758E-01 2.0518691E-01 -1.0635819E+00 -6.6535656E-01 -1.2904348E+00 -4.6314787E-01
-8.7762006E-01 2.1756417E-01 -1.0923661E+00 -6.6171100E-01 -1.3227964E+00 -4.5643095E-01
-9.0071614E-01 2.3401976E-01 -1.1325539E+00 -6.6586777E-01 -1.3743672E+00 -4.5566721E-01
-9.3668914E-01 2.5142276E-01 -1.1769007E+00 -6.7210458E-01 -1.4400603E+00 -4.6166005E-01
-9.8642228E-01 2.6246400E-01 -1.2339457E+00 -7.0270325E-01 -1.5129402E+00 -4.9584905E-01
-1.0511643E+00 2.7179702E-01 -1.2977126E+00 -7.4567042E-01 -1.5918708E+00 -5.5113960E-01
-1.1281481E+00 2.7857753E-01 -1.3795439E+00 -8.1606064E-01 -1.6921211E+00 -6.2039976E-01
-1.2078272E+00 2.8524104E-01 -1.4675700E+00 -8.9670613E-01 -1.7907581E+00 -6.8034020E-01
-1.2810902E+00 3.0183557E-01 -1.5671652E+00 -9.6698038E-01 -1.8936485E+00 -7.0136923E-01
-1.3432660E+00 3.3887036E-01 -1.6513994E+00 -9.9412465E-01 -2.0493894E+00 -6.9935204E-01
-1.3939026E+00 4.0404371E-01 -1.7236346E+00 -9.5128156E-01 -2.2524732E+00 -6.5415202E-01
-1.4318914E+00 4.9401098E-01 -1.8128932E+00 -8.6265560E-01 -2.4942051E+00 -5.5518319E-01
-1.4565594E+00 6.0062461E-01 -1.8920202E+00 -7.2531818E-01 -2.6911210E+00 -4.2074838E-01
-1.4722621E+00 7.1296898E-01 -1.9706406E+00 -5.5019749E-01 -2.9174438E+00 -2.8025768E-01
-1.4795036E+00 8.1964475E-01 -2.0902407E+00 -4.1472472E-01 -3.1090258E+00 -8.3154676E-02
-1.4810415E+00 9.0969194E-01 -2.2373964E+00 -3.6025359E-01 -3.2509702E+00 1.2096520E-01
-1.4807763E+00 9.5640174E-01 -2.3127103E+00 -3.3253612E-01 -3.3175238E+00 2.5461254E-01
-1.4774801E+00 9.8719597E-01 -2.3476478E+00 -3.0079188E-01 -3.3588067E+00 3.7762572E-01
