-1.1645565E+00 2.3880661E-01 -1.4045902E+00 -9.3094207E-01 -1.6312319E+00 -6.9110228E-01
-1.1416203E+00 2.0869476E-01 -1.3492697E+00 -9.3832285E-01 -1.5542808E+00 -7.2642671E-01
-1.1078000E+00 1.7710593E-01 -1.2833703E+00 -9.3168050E-01 -1.4606397E+00 -7.6295740E-01
-1.0433682E+00 1.3883359E-01 -1.1818713E+00 -9.0209279E-01 -1.3177382E+00 -7.8018327E-01
-9.6939851E-01 1.2108973E-01 -1.0893055E+00 -8.4824751E-01 -1.2099887E+00 -7.3481078E-01
-9.0412343E-01 1.2972128E-01 -1.0337596E+00 -7.7192202E-01 -1.1593767E+00 -6.5559507E-01
-8.6452990E-01 1.4763280E-01 -1.0126423E+00 -7.1383408E-01 -1.1490335E+00 -5.7850858E-01
-8.5911217E-01 1.6231058E-01 -1.0210284E+00 -6.9496597E-01 -1.1708860E+00 -5.4136594E-01
-8.8753746E-01 1.7442201E-01 -1.0584383E+00 -7.1521911E-01 -1.2316161E+00 -5.4311750E-01
-9.4435819E-01 1.8396930E-01 -1.1299028E+00 -7.6488736E-01 -1.3043266E+00 -5.8510112E-01
-1.0230719E+00 1.9036282E-01 -1.2160360E+00 -8.3275684E-01 -1.3976722E+00 -6.5477582E-01
-1.1170086E+00 1.9717370E-01 -1.3028224E+00 -9.0796511E-01 -1.5105397E+00 -7.4812266E-01
-1.2152923E+00 2.0707088E-01 -1.4002772E+00 -9.9191063E-01 -1.6414235E+00 -8.2780098E-01
-1.3082637E+00 2.2299705E-01 -1.5117843E+00 -1.0771557E+00 -1.7771718E+00 -8.9002434E-01
-1.3833187E+00 2.4332322E-01 -1.6211993E+00 -1.1440672E+00 -1.8800478E+00 -9.1951875E-01
-1.4339940E+00 2.6335096E-01 -1.6948092E+00 -1.1693578E+00 -1.9630778E+00 -9.2947695E-01
-1.4526737E+00 2.7693345E-01 -1.7316194E+00 -1.1727063E+00 -2.0000379E+00 -9.2550088E-01
-1.4416723E+00 2.8413900E-01 -1.7113890E+00 -1.1415707E+00 -2.0153514E+00 -8.9875795E-01
-1.4087582E+00 2.8775037E-01 -1.6819250E+00 -1.1085187E+00 -1.9931464E+00 -8.6187752E-01
-1.3568704E+00 2.9173581E-01 -1.6470088E+00 -1.0675632E+00 -1.9506863E+00 -7.9900226E-01
-1.2936301E+00 3.0078395E-01 -1.5885145E+00 -9.9921894E-01 -1.9072956E+00 -7.0930344E-01
-1.2258919E+00 3.2215951E-01 -1.5208015E+00 -8.9177186E-01 -1.8967172E+00 -6.1994596E-01
-1.1573166E+00 3.6292686E-01 -1.4508562E+00 -7.6308252E-01 -1.9131285E+00 -4.6274461E-01
-1.0892779E+00 4.2507018E-01 -1.4168803E+00 -6.1475128E-01 -1.9989925E+00 -3.1115752E-01
-1.0267946E+00 5.0127769E-01 -1.3918327E+00 -4.3373752E-01 -2.0962017E+00 -1.4619018E-01
-9.7758098E-01 5.8133543E-01 -1.3951135E+00 -2.6225655E-01 -2.1648612E+00 2.9831629E-02
-9.4159607E-01 6.5862918E-01 -1.4082405E+00 -9.9366115E-02 -2.2328554E+00 1.9420992E-01
-9.1787381E-01 7.2453459E-01 -1.4259709E+00 3.7269203E-02 -2.2923990E+00 3.2463198E-01
-9.0775502E-01 7.6112302E-01 -1.4667432E+00 8.4139285E-02 -2.3223854E+00 4.0084651E-01
-9.0293959E-01 7.8937280E-01 -1.4992665E+00 1.0969372E-01 -2.3172100E+00 5.0000000E-01
