-1.2208636E+00 2.5480104E-01 -1.4733943E+00 -9.6817907E-01 -1.7339754E+00 -7.2850663E-01
-1.2003943E+00 2.2192460E-01 -1.4212183E+00 -9.8013516E-01 -1.6448867E+00 -7.7192317E-01
-1.1668237E+00 1.8348331E-01 -1.3487050E+00 -9.8327581E-01 -1.5296980E+00 -8.0833073E-01
-1.1007482E+00 1.3726901E-01 -1.2390855E+00 -9.6424504E-01 -1.3638615E+00 -8.2704278E-01
-1.0216194E+00 1.2030898E-01 -1.1470276E+00 -9.0497918E-01 -1.2515041E+00 -7.8512892E-01
-9.4188217E-01 1.3518277E-01 -1.0837645E+00 -8.1219026E-01 -1.1986790E+00 -6.7161703E-01
-8.8094377E-01 1.5812824E-01 -1.0467693E+00 -7.2852996E-01 -1.1823039E+00 -5.7440934E-01
-8.4941767E-01 1.7581062E-01 -1.0307149E+00 -6.7814099E-01 -1.1914146E+00 -5.0466565E-01
-8.5516875E-01 1.8586357E-01 -1.0374841E+00 -6.6776365E-01 -1.2208411E+00 -4.9124460E-01
-8.9195245E-01 1.9076077E-01 -1.0786053E+00 -7.0190454E-01 -1.2748756E+00 -5.2199988E-01
-9.4792483E-01 1.9178030E-01 -1.1363853E+00 -7.5278817E-01 -1.3369478E+00 -5.8166875E-01
-1.0098192E+00 1.9413171E-01 -1.2016853E+00 -8.1279449E-01 -1.3943837E+00 -6.3440460E-01
-1.0583831E+00 2.0527116E-01 -1.2582531E+00 -8.5603465E-01 -1.4662110E+00 -6.4981586E-01
-1.0873998E+00 2.2142380E-01 -1.3038917E+00 -8.6550686E-01 -1.5222336E+00 -6.4372276E-01
-1.0984052E+00 2.4196552E-01 -1.3406517E+00 -8.5644074E-01 -1.5671264E+00 -6.1384145E-01
-1.0930898E+00 2.6277331E-01 -1.3490439E+00 -8.2930589E-01 -1.6059134E+00 -5.7163649E-01
-1.0719946E+00 2.8015612E-01 -1.3477393E+00 -7.9504520E-01 -1.6297325E+00 -5.1400960E-01
-1.0423084E+00 2.8962245E-01 -1.3329917E+00 -7.5423061E-01 -1.6217084E+00 -4.8014718E-01
-1.0166669E+00 2.9267355E-01 -1.2940562E+00 -7.1082050E-01 -1.6193821E+00 -4.6438409E-01
-9.9959547E-01 2.9289057E-01 -1.2657753E+00 -6.7970970E-01 -1.5892521E+00 -4.5748412E-01
-9.9192449E-01 2.9500507E-01 -1.2862264E+00 -6.9453136E-01 -1.5884543E+00 -4.3770326E-01
-1.0009829E+00 3.0726846E-01 -1.3015622E+00 -6.8574312E-01 -1.6027375E+00 -4.1078135E-01
-1.0218729E+00 3.4456312E-01 -1.2956015E+00 -6.3465068E-01 -1.7164465E+00 -3.7868854E-01
-1.0529851E+00 4.1417303E-01 -1.3378768E+00 -5.6995634E-01 -1.8884863E+00 -3.1188007E-01
-1.0890238E+00 5.1002506E-01 -1.4202705E+00 -4.7652423E-01 -2.1152298E+00 -2.1608241E-01
-1.1233649E+00 6.1811331E-01 -1.5259631E+00 -3.6424384E-01 -2.3688091E+00 -6.2768578E-02
-1.1510921E+00 7.1912604E-01 -1.6434999E+00 -2.7722159E-01 -2.6011001E+00 1.0249432E-01
-1.1720979E+00 8.0074414E-01 -1.7522630E+00 -2.0856764E-01 -2.7496777E+00 2.6917790E-01
-1.1826800E+00 8.4298646E-01 -1.8154290E+00 -1.7481998E-01 -2.8148600E+00 3.6740748E-01
-1.1890853E+00 8.7104030E-01 -1.8607098E+00 -1.5054787E-01 -2.8167122E+00 4.6785747E-01
