-1.1665279E+00 2.5234041E-01 -1.4327214E+00 -9.3312484E-01 -1.6498344E+00 -6.5543051E-01
-1.1590536E+00 2.2067917E-01 -1.3885996E+00 -9.5115674E-01 -1.5834153E+00 -7.1498239E-01
-1.1476831E+00 1.8371884E-01 -1.3282866E+00 -9.6390592E-01 -1.5077660E+00 -7.8128635E-01
-1.1271870E+00 1.3835352E-01 -1.2660801E+00 -9.9011354E-01 -1.4020893E+00 -8.5851188E-01
-1.1021968E+00 1.1978767E-01 -1.2222051E+00 -9.8524931E-01 -1.3352778E+00 -8.6217767E-01
-1.0718027E+00 1.3095090E-01 -1.2051245E+00 -9.4810968E-01 -1.3259453E+00 -8.0909321E-01
-1.0383587E+00 1.5268736E-01 -1.1897548E+00 -8.8594529E-01 -1.3366633E+00 -7.3735437E-01
-1.0049906E+00 1.7095755E-01 -1.1747399E+00 -8.3337255E-01 -1.3420293E+00 -6.7423627E-01
-9.7113988E-01 1.8155493E-01 -1.1536961E+00 -7.8905219E-01 -1.3300378E+00 -6.2545620E-01
-9.3346137E-01 1.8506359E-01 -1.1202694E+00 -7.5010954E-01 -1.2991623E+00 -5.7851368E-01
-8.9632693E-01 1.8514731E-01 -1.0804848E+00 -7.1692901E-01 -1.2623508E+00 -5.3773174E-01
-8.6924580E-01 1.8737116E-01 -1.0530542E+00 -6.8527538E-01 -1.2436122E+00 -5.0715581E-01
-8.5798546E-01 1.9814036E-01 -1.0530803E+00 -6.6072609E-01 -1.2525733E+00 -4.7256872E-01
-8.6573018E-01 2.1593917E-01 -1.0846478E+00 -6.4939078E-01 -1.2901810E+00 -4.4669436E-01
-8.8775574E-01 2.3641520E-01 -1.1288459E+00 -6.5332329E-01 -1.3540124E+00 -4.3031590E-01
-9.2146057E-01 2.5629240E-01 -1.1780418E+00 -6.6758594E-01 -1.4360102E+00 -4.2850458E-01
-9.5990638E-01 2.7162613E-01 -1.2160192E+00 -6.7699938E-01 -1.4978835E+00 -4.3554586E-01
-9.9821460E-01 2.7862701E-01 -1.2734453E+00 -7.2182297E-01 -1.5509115E+00 -4.5350697E-01
-1.0353794E+00 2.7954245E-01 -1.3078472E+00 -7.5718838E-01 -1.5859409E+00 -4.8891354E-01
-1.0687077E+00 2.7708794E-01 -1.3394395E+00 -7.9762965E-01 -1.6057040E+00 -5.1772595E-01
-1.0980014E+00 2.7868520E-01 -1.3683286E+00 -8.2238847E-01 -1.6474700E+00 -5.4902525E-01
-1.1263063E+00 2.9970460E-01 -1.3897417E+00 -8.0579135E-01 -1.7590022E+00 -5.7353323E-01
-1.1568801E+00 3.5075547E-01 -1.4390112E+00 -7.5800701E-01 -1.8605170E+00 -4.9771044E-01
-1.1887579E+00 4.3085937E-01 -1.5178743E+00 -6.8325527E-01 -2.0647736E+00 -3.9416297E-01
-1.2168502E+00 5.2780338E-01 -1.6070399E+00 -5.8634697E-01 -2.3138946E+00 -2.8035731E-01
-1.2406332E+00 6.2810188E-01 -1.7197432E+00 -4.9405805E-01 -2.5444338E+00 -1.4463387E-01
-1.2584831E+00 7.2065234E-01 -1.7871980E+00 -3.6637687E-01 -2.7342767E+00 -3.2948493E-03
-1.2714407E+00 7.9711040E-01 -1.8594511E+00 -2.7412098E-01 -2.8751054E+00 1.3511009E-01
-1.2792154E+00 8.3783817E-01 -1.9069389E+00 -2.2863443E-01 -2.9460217E+00 2.1571765E-01
-1.2843223E+00 8.6720107E-01 -1.9496687E+00 -2.0612610E-01 -2.9980967E+00 2.8576434E-01
