-1.0050285E+00 2.5059632E-01 -1.2496815E+00 -7.5672796E-01 -1.5096800E+00 -5.1760193E-01
-9.7635010E-01 2.1742993E-01 -1.1897467E+00 -7.6266779E-01 -1.4135969E+00 -5.5275002E-01
-9.3920219E-01 1.8033524E-01 -1.1169797E+00 -7.6422740E-01 -1.2949876E+00 -5.8494724E-01
-8.8370182E-01 1.3887949E-01 -1.0198167E+00 -7.4661944E-01 -1.1530414E+00 -6.0961759E-01
-8.3638165E-01 1.2543589E-01 -9.6070552E-01 -7.1141195E-01 -1.0820194E+00 -5.8938418E-01
-8.1085319E-01 1.3686430E-01 -9.4732487E-01 -6.7528052E-01 -1.0746153E+00 -5.3632727E-01
-8.1606969E-01 1.5439193E-01 -9.7003230E-01 -6.6386283E-01 -1.1125165E+00 -5.1133675E-01
-8.5376721E-01 1.6905104E-01 -1.0247897E+00 -6.8810452E-01 -1.1906172E+00 -5.2719856E-01
-9.1107482E-01 1.7457354E-01 -1.0868008E+00 -7.3676762E-01 -1.2654265E+00 -5.8089216E-01
-9.7627156E-01 1.8010946E-01 -1.1542291E+00 -7.9616157E-01 -1.3386989E+00 -6.3175711E-01
-1.0384724E+00 1.8751940E-01 -1.2244152E+00 -8.5115872E-01 -1.4140509E+00 -6.8315044E-01
-1.0862826E+00 1.9845206E-01 -1.2848357E+00 -8.8780475E-01 -1.4813182E+00 -7.0852056E-01
-1.1111308E+00 2.1602931E-01 -1.3280817E+00 -8.9425677E-01 -1.5420197E+00 -6.9659123E-01
-1.1141884E+00 2.3556311E-01 -1.3504196E+00 -8.8058822E-01 -1.5761318E+00 -6.5265206E-01
-1.0985171E+00 2.5583397E-01 -1.3535431E+00 -8.4302157E-01 -1.6023082E+00 -5.9703353E-01
-1.0727380E+00 2.7114962E-01 -1.3455691E+00 -8.0131849E-01 -1.6059116E+00 -5.4777208E-01
-1.0430731E+00 2.7718179E-01 -1.3248936E+00 -7.6789065E-01 -1.5873759E+00 -5.0166076E-01
-1.0155237E+00 2.7679840E-01 -1.2937271E+00 -7.4334458E-01 -1.5578890E+00 -4.6971076E-01
-9.9194854E-01 2.7588865E-01 -1.2681524E+00 -7.1382339E-01 -1.5276222E+00 -4.5296176E-01
-9.7063909E-01 2.7822659E-01 -1.2536825E+00 -6.8827255E-01 -1.5095671E+00 -4.3344213E-01
-9.5696467E-01 2.8474119E-01 -1.2423960E+00 -6.7050002E-01 -1.5152553E+00 -4.1039704E-01
-9.5524893E-01 3.0226630E-01 -1.2342930E+00 -6.4473833E-01 -1.5718870E+00 -3.8670371E-01
-9.6314711E-01 3.3821226E-01 -1.2453008E+00 -5.9854470E-01 -1.6883324E+00 -3.4291084E-01
-9.7812120E-01 3.9455910E-01 -1.2891210E+00 -5.3715546E-01 -1.7830001E+00 -2.4319739E-01
-9.9670675E-01 4.7287968E-01 -1.3553314E+00 -4.4589958E-01 -1.9801760E+00 -1.5004925E-01
-1.0159855E+00 5.6319071E-01 -1.4430943E+00 -3.5048340E-01 -2.1819398E+00 -7.1422902E-03
-1.0355277E+00 6.4939346E-01 -1.5487921E+00 -2.8658445E-01 -2.3543851E+00 1.5521451E-01
-1.0518159E+00 7.2235603E-01 -1.6320409E+00 -2.2172403E-01 -2.4744640E+00 3.0361092E-01
-1.0617586E+00 7.6215440E-01 -1.6790239E+00 -1.8157408E-01 -2.5203006E+00 3.9953716E-01
-1.0685881E+00 7.9005358E-01 -1.7045071E+00 -1.4686191E-01 -2.5024464E+00 5.0000000E-01
