-1.0871927E+00 1.7209171E-01 -1.2570088E+00 -9.1741285E-01 -1.4316750E+00 -7.5093250E-01
-1.0818435E+00 1.4710777E-01 -1.2191225E+00 -9.2935327E-01 -1.3778365E+00 -7.9931055E-01
-1.0830140E+00 1.4091136E-01 -1.2132073E+00 -9.3599458E-01 -1.3712395E+00 -8.1722230E-01
-1.0596154E+00 1.2939923E-01 -1.1730927E+00 -9.3011283E-01 -1.3172287E+00 -8.0345402E-01
-9.9388653E-01 1.7766910E-01 -1.1360790E+00 -8.1181372E-01 -1.3409922E+00 -6.4382150E-01
-9.2319605E-01 2.0926794E-01 -1.0721096E+00 -6.9936166E-01 -1.3338844E+00 -5.3207337E-01
-8.9665310E-01 2.1911959E-01 -1.0510693E+00 -6.5830020E-01 -1.3331721E+00 -4.9658217E-01
-8.9835426E-01 2.1844523E-01 -1.0509818E+00 -6.6007646E-01 -1.3359052E+00 -5.0435607E-01
-9.0603013E-01 2.2422085E-01 -1.0727662E+00 -6.6006267E-01 -1.3476237E+00 -4.9439904E-01
-9.1273944E-01 2.3964188E-01 -1.1015178E+00 -6.5230644E-01 -1.3898225E+00 -4.6032846E-01
-9.5476031E-01 2.3919309E-01 -1.1637146E+00 -7.0012540E-01 -1.4709988E+00 -5.1167879E-01
-1.0636987E+00 3.2242209E-01 -1.3627597E+00 -7.2275341E-01 -1.7238531E+00 -4.6413973E-01
-1.1933409E+00 4.5480798E-01 -1.6343931E+00 -7.4319134E-01 -2.1409361E+00 -3.2327236E-01
-1.3418051E+00 6.0517078E-01 -1.8935453E+00 -6.9357215E-01 -2.5931679E+00 -1.9345713E-01
-1.4217891E+00 6.8071188E-01 -2.0324539E+00 -6.5408102E-01 -2.8018011E+00 -1.5252272E-01
-1.4248076E+00 6.8130207E-01 -2.0413437E+00 -6.5515396E-01 -2.8047932E+00 -1.6541733E-01
-1.5003598E+00 7.4517102E-01 -2.1669322E+00 -5.9511572E-01 -2.9688975E+00 -2.0191556E-01
-1.5590431E+00 8.2363917E-01 -2.3563293E+00 -5.6722921E-01 -3.0598497E+00 -1.2243078E-01
-1.5588856E+00 8.2483090E-01 -2.3485383E+00 -5.5669877E-01 -3.0484730E+00 -1.1076430E-01
-1.5728984E+00 8.5077495E-01 -2.3962390E+00 -5.4817818E-01 -3.0767369E+00 -6.4517654E-02
