-1.3081505E+00 1.6840389E-01 -1.4764840E+00 -1.1411070E+00 -1.6426704E+00 -9.8303891E-01
-1.2653161E+00 1.4062048E-01 -1.4053953E+00 -1.1264639E+00 -1.5469309E+00 -9.9467484E-01
-1.2503344E+00 1.3493455E-01 -1.3862217E+00 -1.1177431E+00 -1.5196182E+00 -9.8882725E-01
-1.1065313E+00 1.1325669E-01 -1.2149991E+00 -9.8944521E-01 -1.3327923E+00 -8.9105064E-01
-8.2181200E-01 1.4088851E-01 -9.6026965E-01 -6.8108318E-01 -1.1027145E+00 -5.5003705E-01
-6.0835027E-01 1.5625286E-01 -7.6382188E-01 -4.5387314E-01 -9.2349616E-01 -3.1040222E-01
-5.5980409E-01 1.5993191E-01 -7.0784076E-01 -3.9559068E-01 -8.8838326E-01 -2.5662698E-01
-5.7505372E-01 1.5510388E-01 -7.1503033E-01 -4.1283378E-01 -8.9713221E-01 -2.8614652E-01
-6.2991515E-01 1.6269013E-01 -7.8036177E-01 -4.6224616E-01 -9.6889945E-01 -3.2458289E-01
-6.6139210E-01 1.8062706E-01 -8.2968954E-01 -4.7273058E-01 -1.0297836E+00 -3.1932848E-01
-8.6414823E-01 2.0722422E-01 -1.0687009E+00 -6.5747940E-01 -1.2767211E+00 -4.6620715E-01
-1.3392186E+00 3.2004544E-01 -1.6612243E+00 -1.0154008E+00 -1.9558045E+00 -7.2134480E-01
-1.8010123E+00 4.2211765E-01 -2.2303652E+00 -1.3767076E+00 -2.6019915E+00 -9.7738529E-01
-2.2131678E+00 5.1781169E-01 -2.7847521E+00 -1.7249848E+00 -3.1948722E+00 -1.2355470E+00
-2.3752408E+00 5.6688024E-01 -3.0601791E+00 -1.8996177E+00 -3.4136631E+00 -1.3189045E+00
-2.3724631E+00 5.6613600E-01 -3.0639297E+00 -1.9065330E+00 -3.3958367E+00 -1.3091394E+00
-2.4467757E+00 6.0369665E-01 -3.2560844E+00 -2.0758276E+00 -3.4322850E+00 -1.2730851E+00
-2.4834412E+00 6.7185878E-01 -3.4078956E+00 -2.1645979E+00 -3.5000000E+00 -1.1922980E+00
-2.4790343E+00 6.7425148E-01 -3.4090664E+00 -2.1745269E+00 -3.4746293E+00 -1.1647538E+00
-2.4866985E+00 7.0102777E-01 -3.5000000E+00 -2.2219834E+00 -3.5000000E+00 -1.1338436E+00
