-9.3761480E-01 1.6855819E-01 -1.1048746E+00 -7.7245732E-01 -1.2717668E+00 -6.0629921E-01
-9.2720218E-01 1.4120684E-01 -1.0669755E+00 -7.8763336E-01 -1.2065579E+00 -6.5287576E-01
-9.1650237E-01 1.3636313E-01 -1.0518214E+00 -7.8181881E-01 -1.1881240E+00 -6.5571267E-01
-9.0515034E-01 1.1646199E-01 -1.0126659E+00 -7.8439680E-01 -1.1446209E+00 -6.8404330E-01
-9.3058229E-01 1.5392073E-01 -1.0695802E+00 -7.6932349E-01 -1.2534389E+00 -6.4576668E-01
-1.0137709E+00 1.8306882E-01 -1.1651918E+00 -8.1789287E-01 -1.3833245E+00 -6.6344502E-01
-1.0770451E+00 1.9630052E-01 -1.2339765E+00 -8.6133888E-01 -1.4699169E+00 -7.0683090E-01
-1.1054189E+00 1.9546067E-01 -1.2631675E+00 -8.9178531E-01 -1.4933523E+00 -7.3638761E-01
-1.1638420E+00 2.0344096E-01 -1.3353178E+00 -9.4537748E-01 -1.5683059E+00 -7.7765355E-01
-1.1908002E+00 2.2010502E-01 -1.3795462E+00 -9.5473202E-01 -1.6265797E+00 -7.6949719E-01
-1.2638729E+00 2.3327465E-01 -1.4756921E+00 -1.0204367E+00 -1.7496875E+00 -8.2403766E-01
-1.3903243E+00 3.3220655E-01 -1.6876144E+00 -1.0362540E+00 -2.0894128E+00 -7.7721106E-01
-1.4887368E+00 4.6237221E-01 -1.8902950E+00 -9.8365376E-01 -2.4714544E+00 -6.4881912E-01
-1.5712797E+00 6.1085084E-01 -2.0907255E+00 -8.6292506E-01 -2.8451397E+00 -4.9387654E-01
-1.6071669E+00 6.8892331E-01 -2.1838948E+00 -7.6827933E-01 -3.0154318E+00 -4.2059631E-01
-1.6088534E+00 6.9129768E-01 -2.1883809E+00 -7.6420181E-01 -3.0192266E+00 -4.1766410E-01
-1.6383496E+00 7.5107142E-01 -2.2638185E+00 -6.6589768E-01 -3.0719431E+00 -3.7204285E-01
-1.6593704E+00 8.2786609E-01 -2.3506744E+00 -5.5882430E-01 -3.2110676E+00 -2.8037413E-01
-1.6588553E+00 8.2787287E-01 -2.3539015E+00 -5.5862769E-01 -3.2107528E+00 -2.7719603E-01
-1.6654950E+00 8.5312366E-01 -2.3893942E+00 -5.3630791E-01 -3.3077155E+00 -2.5603215E-01
