-1.2510490E+00 1.7218877E-01 -1.4235530E+00 -1.0792677E+00 -1.5933832E+00 -9.1691924E-01
-1.2172910E+00 1.4556208E-01 -1.3625906E+00 -1.0740307E+00 -1.5067519E+00 -9.3422864E-01
-1.2062653E+00 1.3953305E-01 -1.3440420E+00 -1.0680437E+00 -1.4862372E+00 -9.3691391E-01
-1.0880850E+00 1.1845114E-01 -1.1978260E+00 -9.6607919E-01 -1.3304129E+00 -8.6189367E-01
-8.6901223E-01 1.5060721E-01 -1.0088589E+00 -7.1466852E-01 -1.1771370E+00 -5.8088985E-01
-7.3262251E-01 1.7353448E-01 -8.8440218E-01 -5.4915863E-01 -1.0779556E+00 -3.9670541E-01
-7.2450562E-01 1.8390962E-01 -8.7966838E-01 -5.2576494E-01 -1.0925698E+00 -3.7428981E-01
-7.5913451E-01 1.8251054E-01 -9.1336535E-01 -5.5900879E-01 -1.1269632E+00 -4.1299673E-01
-8.4155418E-01 1.8809626E-01 -1.0062692E+00 -6.3412235E-01 -1.2171181E+00 -4.8467756E-01
-8.9242531E-01 2.0289278E-01 -1.0749626E+00 -6.7373434E-01 -1.2947558E+00 -5.0299311E-01
-1.0652270E+00 2.1838471E-01 -1.2594459E+00 -8.3101720E-01 -1.5147212E+00 -6.5984517E-01
-1.3913307E+00 3.3625749E-01 -1.7267012E+00 -1.0543284E+00 -2.0701159E+00 -7.5866470E-01
-1.6400386E+00 4.6805973E-01 -2.0854890E+00 -1.1535367E+00 -2.5810921E+00 -7.3928127E-01
-1.8081933E+00 6.0514885E-01 -2.4007069E+00 -1.1521788E+00 -3.0063127E+00 -6.8571754E-01
-1.8523826E+00 6.7775195E-01 -2.5225483E+00 -1.0790744E+00 -3.1589115E+00 -6.3999770E-01
-1.8452657E+00 6.7946024E-01 -2.5185490E+00 -1.0660833E+00 -3.1491212E+00 -6.3793916E-01
-1.8459529E+00 7.4078859E-01 -2.6634193E+00 -1.0155120E+00 -3.1987563E+00 -5.6505494E-01
-1.8380832E+00 8.1803035E-01 -2.7521699E+00 -9.1923390E-01 -3.3201866E+00 -4.2366692E-01
-1.8368709E+00 8.2004880E-01 -2.7542990E+00 -9.1848374E-01 -3.3469609E+00 -4.3997337E-01
-1.8333863E+00 8.4720440E-01 -2.7792510E+00 -8.9127357E-01 -3.4066224E+00 -3.9068234E-01
