-1.2137879E+00 1.7707693E-01 -1.3812783E+00 -1.0301435E+00 -1.5707317E+00 -8.7624679E-01
-1.1966314E+00 1.4907604E-01 -1.3369436E+00 -1.0418975E+00 -1.4970529E+00 -9.1288125E-01
-1.1938987E+00 1.4182028E-01 -1.3281433E+00 -1.0475586E+00 -1.4784354E+00 -9.2223374E-01
-1.1292452E+00 1.2201074E-01 -1.2502552E+00 -1.0078926E+00 -1.3765568E+00 -8.9785971E-01
-9.7391732E-01 1.5499222E-01 -1.1166171E+00 -8.1444163E-01 -1.2952728E+00 -6.8243541E-01
-8.2403802E-01 1.7713185E-01 -9.7638409E-01 -6.3167485E-01 -1.1794497E+00 -4.9165927E-01
-7.6987804E-01 1.8604471E-01 -9.2438446E-01 -5.6565194E-01 -1.1490110E+00 -4.2166265E-01
-7.6763994E-01 1.8352862E-01 -9.1716498E-01 -5.6320667E-01 -1.1456318E+00 -4.2397679E-01
-7.8283278E-01 1.9224428E-01 -9.4871077E-01 -5.7521848E-01 -1.1927595E+00 -4.3178666E-01
-7.9370133E-01 2.0849846E-01 -9.7879857E-01 -5.7277501E-01 -1.2329202E+00 -4.0903779E-01
-8.9708117E-01 2.2391783E-01 -1.0965546E+00 -6.5729257E-01 -1.3586107E+00 -4.8314076E-01
-1.1551649E+00 3.1948616E-01 -1.4736467E+00 -8.3811321E-01 -1.7895688E+00 -5.4119105E-01
-1.4241932E+00 4.4441357E-01 -1.8502566E+00 -9.5586248E-01 -2.3095444E+00 -5.8248582E-01
-1.6895225E+00 5.9484877E-01 -2.2773810E+00 -1.0296413E+00 -2.8456876E+00 -5.9604462E-01
-1.8081130E+00 6.7294651E-01 -2.5297480E+00 -1.0862518E+00 -3.0704329E+00 -5.7123232E-01
-1.8117131E+00 6.7258599E-01 -2.5334322E+00 -1.0888351E+00 -3.0696007E+00 -5.7598490E-01
-1.8769219E+00 7.3775233E-01 -2.7645124E+00 -1.1321813E+00 -3.1767925E+00 -5.4254630E-01
-1.9125629E+00 8.2253243E-01 -2.9398273E+00 -1.1036300E+00 -3.3489039E+00 -4.3081343E-01
-1.9098146E+00 8.2306332E-01 -2.8358705E+00 -9.8841520E-01 -3.3655008E+00 -4.2103931E-01
-1.9163155E+00 8.5198201E-01 -2.9915695E+00 -1.0971503E+00 -3.4783802E+00 -4.5487562E-01
