-9.9435366E-01 1.7279905E-01 -1.1650622E+00 -8.2362306E-01 -1.3368908E+00 -6.5740528E-01
-9.9463747E-01 1.4691024E-01 -1.1409160E+00 -8.4844274E-01 -1.2872609E+00 -7.1128430E-01
-9.9631037E-01 1.4027293E-01 -1.1371034E+00 -8.5591256E-01 -1.2694796E+00 -7.2740557E-01
-9.9795224E-01 1.2299723E-01 -1.1136715E+00 -8.6737365E-01 -1.2459817E+00 -7.6523118E-01
-9.8981354E-01 1.6054940E-01 -1.1370813E+00 -8.2274016E-01 -1.3278331E+00 -6.8910149E-01
-9.6555091E-01 1.8614972E-01 -1.1101126E+00 -7.6083200E-01 -1.3508473E+00 -6.1525160E-01
-9.4668562E-01 1.9925839E-01 -1.0981206E+00 -7.2483150E-01 -1.3582972E+00 -5.7538338E-01
-9.3543993E-01 2.0037269E-01 -1.0873380E+00 -7.1131385E-01 -1.3504398E+00 -5.6387399E-01
-9.2324088E-01 2.1178585E-01 -1.0841960E+00 -6.8286783E-01 -1.3551302E+00 -5.2691021E-01
-9.1286722E-01 2.2976427E-01 -1.1012298E+00 -6.6028886E-01 -1.3796491E+00 -4.8169310E-01
-9.4463037E-01 2.3588205E-01 -1.1544621E+00 -6.9855520E-01 -1.4473284E+00 -5.0594620E-01
-1.0727821E+00 3.1147774E-01 -1.3766488E+00 -7.6501688E-01 -1.7055413E+00 -4.7629621E-01
-1.2506996E+00 4.4308527E-01 -1.6589573E+00 -7.8801539E-01 -2.1797452E+00 -4.1932261E-01
-1.4641193E+00 6.0715924E-01 -2.0232618E+00 -8.0164278E-01 -2.7127695E+00 -3.1854062E-01
-1.5778761E+00 6.9193589E-01 -2.2518193E+00 -8.2592244E-01 -2.9606360E+00 -2.8786381E-01
-1.5832553E+00 6.9223304E-01 -2.2627693E+00 -8.3452493E-01 -2.9629040E+00 -2.8675446E-01
-1.6729271E+00 7.5101428E-01 -2.4303609E+00 -8.1316200E-01 -3.1014494E+00 -3.1622628E-01
-1.7378039E+00 8.2341325E-01 -2.6497440E+00 -8.2184329E-01 -3.2621372E+00 -2.9685036E-01
-1.7370164E+00 8.2373848E-01 -2.6515288E+00 -8.2091947E-01 -3.2587707E+00 -2.9305897E-01
-1.7527261E+00 8.4966357E-01 -2.6985328E+00 -8.1339993E-01 -3.3205529E+00 -2.4680808E-01
