-1.0846257E+00 1.7212940E-01 -1.2487989E+00 -9.0550777E-01 -1.4282376E+00 -7.5770541E-01
-1.0701586E+00 1.4443605E-01 -1.2058247E+00 -9.2026068E-01 -1.3622429E+00 -7.9555177E-01
-1.0626672E+00 1.3793182E-01 -1.1990918E+00 -9.2600247E-01 -1.3377193E+00 -7.9902658E-01
-1.0291651E+00 1.1797082E-01 -1.1413798E+00 -9.0945049E-01 -1.2637639E+00 -8.0184673E-01
-9.8945081E-01 1.5223481E-01 -1.1310189E+00 -8.3006244E-01 -1.3002631E+00 -7.0201920E-01
-9.9089306E-01 1.8473886E-01 -1.1419367E+00 -7.9322220E-01 -1.3659961E+00 -6.3357613E-01
-1.0071539E+00 2.0695588E-01 -1.1647261E+00 -7.8110859E-01 -1.4232640E+00 -6.1652543E-01
-1.0146259E+00 2.1089745E-01 -1.1732374E+00 -7.8051440E-01 -1.4334871E+00 -6.2112721E-01
-1.0291840E+00 2.2535534E-01 -1.2028501E+00 -7.8473406E-01 -1.4764914E+00 -6.0695668E-01
-1.0314288E+00 2.4171264E-01 -1.2249358E+00 -7.7328204E-01 -1.5097520E+00 -5.7387484E-01
-1.0651954E+00 2.4641676E-01 -1.2780859E+00 -8.1484938E-01 -1.5553882E+00 -5.8235830E-01
-1.1640833E+00 3.1994636E-01 -1.4830847E+00 -8.4931432E-01 -1.8067885E+00 -5.5087608E-01
-1.2912491E+00 4.3428646E-01 -1.7256345E+00 -8.5992045E-01 -2.1506599E+00 -4.3834012E-01
-1.4434871E+00 5.8661272E-01 -2.0068915E+00 -8.0512915E-01 -2.5922790E+00 -3.3293319E-01
-1.5259381E+00 6.7195761E-01 -2.1744372E+00 -7.6501639E-01 -2.8318403E+00 -3.1004508E-01
-1.5305118E+00 6.7218826E-01 -2.1797530E+00 -7.6820258E-01 -2.8358987E+00 -3.2395356E-01
-1.6009962E+00 7.4234114E-01 -2.2993061E+00 -7.0357007E-01 -2.9998333E+00 -3.1240430E-01
-1.6494831E+00 8.2836480E-01 -2.3493248E+00 -5.5214814E-01 -3.2350223E+00 -2.6829915E-01
-1.6481297E+00 8.3078885E-01 -2.3536962E+00 -5.4547714E-01 -3.2013385E+00 -2.4881135E-01
-1.6580443E+00 8.5907642E-01 -2.4143711E+00 -5.3076683E-01 -3.2570802E+00 -2.0195586E-01
