-1.1747722E+00 1.6997698E-01 -1.3422483E+00 -1.0068654E+00 -1.5123522E+00 -8.4704551E-01
-1.1584263E+00 1.4376363E-01 -1.3007888E+00 -1.0169034E+00 -1.4471568E+00 -8.8321096E-01
-1.1539964E+00 1.3871877E-01 -1.2892494E+00 -1.0172580E+00 -1.4372293E+00 -8.9007482E-01
-1.0985412E+00 1.2123073E-01 -1.2108275E+00 -9.7198033E-01 -1.3462182E+00 -8.7139676E-01
-9.8294427E-01 1.5503017E-01 -1.1361251E+00 -8.3033198E-01 -1.2979705E+00 -6.8778191E-01
-8.8510899E-01 1.8036622E-01 -1.0418326E+00 -6.9149836E-01 -1.2443536E+00 -5.4036009E-01
-8.5581459E-01 1.9291862E-01 -1.0154042E+00 -6.4478599E-01 -1.2486123E+00 -4.9198484E-01
-8.5681992E-01 1.9342399E-01 -1.0128929E+00 -6.4401844E-01 -1.2482173E+00 -4.9138329E-01
-8.7095129E-01 2.0422652E-01 -1.0369328E+00 -6.4527910E-01 -1.2818625E+00 -4.8581878E-01
-8.7872397E-01 2.2170204E-01 -1.0653149E+00 -6.3641802E-01 -1.3266446E+00 -4.6247377E-01
-9.6358723E-01 2.3373024E-01 -1.1810393E+00 -7.2225417E-01 -1.4333330E+00 -5.2544783E-01
-1.1852035E+00 3.1781525E-01 -1.4920151E+00 -8.6865634E-01 -1.8265986E+00 -5.7249581E-01
-1.4216564E+00 4.3799858E-01 -1.8164600E+00 -9.5251269E-01 -2.3208914E+00 -6.0518411E-01
-1.6534693E+00 5.9132755E-01 -2.2072349E+00 -1.0006400E+00 -2.8394245E+00 -5.7518152E-01
-1.7550933E+00 6.7890388E-01 -2.4178445E+00 -9.8569186E-01 -3.0677187E+00 -5.2131972E-01
-1.7558157E+00 6.8079371E-01 -2.4221947E+00 -9.8014248E-01 -3.0659186E+00 -5.2298149E-01
-1.8181739E+00 7.6276151E-01 -2.6691824E+00 -9.5839889E-01 -3.1746222E+00 -4.6555188E-01
-1.8578348E+00 8.5846916E-01 -2.9662293E+00 -1.0346513E+00 -3.3304885E+00 -3.4106654E-01
-1.8562633E+00 8.6005840E-01 -2.9789737E+00 -1.0430391E+00 -3.3377014E+00 -3.4707801E-01
-1.8659173E+00 8.8784125E-01 -3.0161522E+00 -1.0238881E+00 -3.4366405E+00 -3.4607594E-01
