-7.8245277E-01 1.7023973E-01 -9.5120782E-01 -6.1289621E-01 -1.1207516E+00 -4.5312077E-01
-7.9854212E-01 1.4280801E-01 -9.4091480E-01 -6.5591495E-01 -1.0861067E+00 -5.2079053E-01
-8.0302894E-01 1.3459254E-01 -9.3647215E-01 -6.6891102E-01 -1.0648952E+00 -5.3980189E-01
-8.5837165E-01 1.1340782E-01 -9.6925162E-01 -7.4696032E-01 -1.0851186E+00 -6.4080346E-01
-9.6441694E-01 1.4927947E-01 -1.1121591E+00 -8.1443485E-01 -1.2668927E+00 -6.8194184E-01
-1.0390721E+00 1.8243414E-01 -1.1948537E+00 -8.4020895E-01 -1.4193681E+00 -7.1138312E-01
-1.0559799E+00 2.0515213E-01 -1.2087907E+00 -8.2813344E-01 -1.4693625E+00 -6.6328008E-01
-1.0479718E+00 2.1082890E-01 -1.2003004E+00 -8.1593107E-01 -1.4744411E+00 -6.5253670E-01
-1.0506658E+00 2.2679775E-01 -1.2166519E+00 -8.0732450E-01 -1.5018379E+00 -6.1935966E-01
-1.0459941E+00 2.4532753E-01 -1.2378524E+00 -7.8859829E-01 -1.5337984E+00 -5.7368657E-01
-1.0874418E+00 2.5405063E-01 -1.3026801E+00 -8.1725934E-01 -1.6024981E+00 -5.9544340E-01
-1.2198597E+00 3.2773725E-01 -1.5361882E+00 -8.9492376E-01 -1.8935315E+00 -5.9246257E-01
-1.3881295E+00 4.4201118E-01 -1.7920750E+00 -9.2354896E-01 -2.3043569E+00 -5.5512060E-01
-1.5755264E+00 5.9851535E-01 -2.1219103E+00 -8.9830711E-01 -2.7852661E+00 -4.8605292E-01
-1.6687425E+00 6.8862949E-01 -2.3140352E+00 -8.7705439E-01 -2.9875964E+00 -3.9931845E-01
-1.6734532E+00 6.9201989E-01 -2.3366045E+00 -8.8868571E-01 -2.9638824E+00 -3.4785838E-01
-1.7452862E+00 7.6386551E-01 -2.4945781E+00 -8.3818281E-01 -3.2173719E+00 -4.2244223E-01
-1.7958299E+00 8.4606662E-01 -2.7546661E+00 -8.6834180E-01 -3.3481878E+00 -3.6319307E-01
-1.7965063E+00 8.4449127E-01 -2.7551637E+00 -8.7026441E-01 -3.3605355E+00 -3.8902161E-01
-1.8066486E+00 8.6962114E-01 -2.7960562E+00 -8.4824816E-01 -3.4191050E+00 -3.4636069E-01
