-1.2205223E+00 1.8718372E-01 -1.4069459E+00 -1.0297007E+00 -1.5926722E+00 -8.6208080E-01
-1.2029368E+00 1.6492534E-01 -1.3531955E+00 -1.0260002E+00 -1.5461714E+00 -8.9733867E-01
-1.1913005E+00 1.6211752E-01 -1.3312789E+00 -1.0130882E+00 -1.5184168E+00 -8.7934177E-01
-1.1520082E+00 1.5144242E-01 -1.2791905E+00 -9.8877586E-01 -1.4608288E+00 -8.6708452E-01
-1.1108818E+00 1.9358498E-01 -1.2725595E+00 -9.0132441E-01 -1.5019329E+00 -7.4374048E-01
-1.1132318E+00 2.3315515E-01 -1.3004433E+00 -8.5393533E-01 -1.5786221E+00 -6.8191000E-01
-1.1255893E+00 2.5276235E-01 -1.3253418E+00 -8.3630471E-01 -1.6328467E+00 -6.6046899E-01
-1.1304234E+00 2.5400605E-01 -1.3330373E+00 -8.4237168E-01 -1.6405854E+00 -6.6326132E-01
-1.1253788E+00 2.5812081E-01 -1.3340347E+00 -8.3262145E-01 -1.6461437E+00 -6.4738116E-01
-1.1217946E+00 2.7011444E-01 -1.3534459E+00 -8.2517389E-01 -1.6670666E+00 -6.1634415E-01
-1.0766011E+00 2.6318866E-01 -1.3104780E+00 -7.9258659E-01 -1.6234359E+00 -5.9045811E-01
-9.7673981E-01 3.3066041E-01 -1.2782028E+00 -6.2973786E-01 -1.6559282E+00 -3.5975679E-01
-8.9987611E-01 4.3940941E-01 -1.2841798E+00 -4.4171530E-01 -1.7719955E+00 -3.7688138E-02
-8.6864960E-01 5.7273285E-01 -1.3197199E+00 -2.3416756E-01 -2.0422912E+00 2.2995147E-01
-8.8321484E-01 6.4341309E-01 -1.3408327E+00 -1.3633409E-01 -2.2237994E+00 2.9137450E-01
-8.8881245E-01 6.4317246E-01 -1.3346493E+00 -1.3331827E-01 -2.2307681E+00 2.6684319E-01
-9.4446326E-01 6.8755288E-01 -1.3167437E+00 -9.2915079E-02 -2.4019106E+00 1.4482057E-01
-1.0001007E+00 7.4840491E-01 -1.3187143E+00 -4.6034990E-02 -2.5578524E+00 5.5173639E-02
-1.0046157E+00 7.4756331E-01 -1.2967616E+00 -5.1523791E-02 -2.5432756E+00 1.8933421E-02
-1.0217067E+00 7.6848882E-01 -1.2896949E+00 -4.0704717E-02 -2.5822234E+00 -1.4409801E-02
