-1.1320075E+00 1.9071267E-01 -1.3035020E+00 -9.3086061E-01 -1.5295883E+00 -7.7796796E-01
-1.1327856E+00 1.6620716E-01 -1.2761560E+00 -9.5429645E-01 -1.4648316E+00 -8.1561437E-01
-1.1357247E+00 1.6080870E-01 -1.2759058E+00 -9.6357864E-01 -1.4548783E+00 -8.2862568E-01
-1.1284897E+00 1.4425789E-01 -1.2503485E+00 -9.6942253E-01 -1.4197616E+00 -8.5321937E-01
-1.0940078E+00 1.7735801E-01 -1.2473729E+00 -9.0467519E-01 -1.4522213E+00 -7.5576472E-01
-1.0349410E+00 2.1315612E-01 -1.2074530E+00 -8.0535295E-01 -1.4560350E+00 -6.2729935E-01
-9.9273706E-01 2.3688622E-01 -1.1723712E+00 -7.3295155E-01 -1.4597408E+00 -5.5328486E-01
-9.7143549E-01 2.4067860E-01 -1.1457944E+00 -7.0746634E-01 -1.4441737E+00 -5.2748459E-01
-9.2680048E-01 2.5447127E-01 -1.1145403E+00 -6.5128831E-01 -1.4302888E+00 -4.5330221E-01
-9.0086568E-01 2.7158194E-01 -1.1067062E+00 -6.0799243E-01 -1.4415241E+00 -3.9290261E-01
-8.4451157E-01 2.7258484E-01 -1.0732510E+00 -5.5708128E-01 -1.3846613E+00 -3.2473264E-01
-7.7820004E-01 3.2364295E-01 -1.1038640E+00 -4.5276340E-01 -1.4177195E+00 -1.5529828E-01
-7.8245059E-01 4.0249802E-01 -1.1805551E+00 -3.8109066E-01 -1.5834461E+00 1.0521640E-03
-8.5686968E-01 5.1236239E-01 -1.3094514E+00 -2.9448315E-01 -1.8846092E+00 1.1203814E-01
-9.3034117E-01 5.7958951E-01 -1.4072066E+00 -2.6164588E-01 -2.0958027E+00 1.3242021E-01
-9.4073255E-01 5.8082935E-01 -1.4095433E+00 -2.6599289E-01 -2.1105854E+00 1.1538083E-01
-1.0439225E+00 6.3757931E-01 -1.4577350E+00 -2.3556681E-01 -2.3323299E+00 1.8667600E-02
-1.1327013E+00 7.1741111E-01 -1.5283260E+00 -1.6122550E-01 -2.5405303E+00 5.8213211E-03
-1.1364781E+00 7.1709158E-01 -1.5174278E+00 -1.5908805E-01 -2.5448134E+00 -9.6194074E-03
-1.1592885E+00 7.4168063E-01 -1.5468206E+00 -1.3910654E-01 -2.5983474E+00 3.6917833E-03
