-1.0171762E+00 1.7976634E-01 -1.1857622E+00 -8.2873395E-01 -1.3786838E+00 -6.7836590E-01
-1.0201830E+00 1.5406208E-01 -1.1651098E+00 -8.5885083E-01 -1.3272552E+00 -7.3202755E-01
-1.0222963E+00 1.4735138E-01 -1.1602871E+00 -8.6915622E-01 -1.3179864E+00 -7.4624509E-01
-1.0402130E+00 1.2879594E-01 -1.1533002E+00 -9.0499419E-01 -1.3121871E+00 -8.0457033E-01
-1.0777010E+00 1.7107569E-01 -1.2315069E+00 -8.9807193E-01 -1.4349927E+00 -7.6151018E-01
-1.1009398E+00 2.1084150E-01 -1.2679007E+00 -8.6576082E-01 -1.5237036E+00 -7.1071839E-01
-1.0991749E+00 2.3124459E-01 -1.2785059E+00 -8.3897987E-01 -1.5565194E+00 -6.7725485E-01
-1.0863951E+00 2.3357366E-01 -1.2593088E+00 -8.2041702E-01 -1.5504705E+00 -6.6951316E-01
-1.0582113E+00 2.4183585E-01 -1.2415662E+00 -7.8172613E-01 -1.5441169E+00 -6.2130821E-01
-1.0387929E+00 2.5671804E-01 -1.2416886E+00 -7.4848591E-01 -1.5567516E+00 -5.6585445E-01
-9.9519920E-01 2.5654870E-01 -1.2224585E+00 -7.1955814E-01 -1.5133224E+00 -5.0198042E-01
-9.3589427E-01 3.1548909E-01 -1.2524165E+00 -6.2180079E-01 -1.5560375E+00 -3.3765643E-01
-9.3254881E-01 4.1788278E-01 -1.2955407E+00 -4.8477196E-01 -1.8231226E+00 -1.6305534E-01
-9.9630169E-01 5.5349727E-01 -1.4540708E+00 -3.7734586E-01 -2.1423506E+00 3.1004095E-02
-1.0617869E+00 6.2918883E-01 -1.5489270E+00 -3.1277344E-01 -2.3501595E+00 7.9624828E-02
-1.0703067E+00 6.3049605E-01 -1.5464641E+00 -3.0918628E-01 -2.3582422E+00 6.5587428E-02
-1.1628269E+00 6.9184404E-01 -1.6090990E+00 -2.5616415E-01 -2.5636094E+00 -1.6049336E-02
-1.2436534E+00 7.7028520E-01 -1.6603504E+00 -1.6489340E-01 -2.7526712E+00 -2.7123885E-02
-1.2471737E+00 7.7093367E-01 -1.6513824E+00 -1.5653588E-01 -2.7466913E+00 -3.8353097E-02
-1.2702778E+00 7.9651175E-01 -1.6732281E+00 -1.2762151E-01 -2.8065332E+00 -3.0001278E-02
