-1.1339102E+00 1.8188391E-01 -1.3056530E+00 -9.4420946E-01 -1.4938689E+00 -7.8344518E-01
-1.1151327E+00 1.5417652E-01 -1.2575830E+00 -9.5314078E-01 -1.4290505E+00 -8.2211136E-01
-1.1079410E+00 1.4689203E-01 -1.2441317E+00 -9.5498031E-01 -1.4075207E+00 -8.3075206E-01
-1.0499193E+00 1.3001323E-01 -1.1649748E+00 -9.1219339E-01 -1.3244148E+00 -8.1203874E-01
-9.5111315E-01 1.7161537E-01 -1.0994804E+00 -7.6855057E-01 -1.3096082E+00 -6.3692817E-01
-9.0614831E-01 1.9803202E-01 -1.0719180E+00 -6.8959297E-01 -1.3179974E+00 -5.5176717E-01
-9.1579417E-01 2.0713665E-01 -1.0880219E+00 -6.8918678E-01 -1.3291446E+00 -5.2511755E-01
-9.3503501E-01 2.0483282E-01 -1.1008821E+00 -7.0613221E-01 -1.3451183E+00 -5.5208337E-01
-9.6867525E-01 2.1312240E-01 -1.1413064E+00 -7.3308775E-01 -1.4082730E+00 -5.8177275E-01
-9.8826004E-01 2.3022115E-01 -1.1751647E+00 -7.3384980E-01 -1.4922531E+00 -5.8232424E-01
-1.0339094E+00 2.4322487E-01 -1.2367183E+00 -7.7104783E-01 -1.5703960E+00 -5.9440485E-01
-1.1094460E+00 3.3634253E-01 -1.4469541E+00 -7.7630933E-01 -1.7847611E+00 -4.7225893E-01
-1.1743744E+00 4.5094564E-01 -1.5821850E+00 -6.9782922E-01 -2.1168717E+00 -3.3026811E-01
-1.2438663E+00 5.7955482E-01 -1.7139522E+00 -5.7974195E-01 -2.4382820E+00 -1.8569994E-01
-1.2849895E+00 6.5152817E-01 -1.7855304E+00 -4.9047922E-01 -2.6046178E+00 -1.4062533E-01
-1.2880988E+00 6.5275996E-01 -1.7871803E+00 -4.8930595E-01 -2.6116610E+00 -1.4596454E-01
-1.3391301E+00 7.1794822E-01 -1.8252547E+00 -3.9243882E-01 -2.7741640E+00 -1.7129496E-01
-1.3813501E+00 8.0223589E-01 -1.8695119E+00 -2.5008717E-01 -2.9510450E+00 -9.9482583E-02
-1.3809464E+00 8.0286855E-01 -1.8311968E+00 -2.0369618E-01 -2.9280485E+00 -1.0125490E-01
-1.3891279E+00 8.2874357E-01 -1.9250650E+00 -2.2203049E-01 -2.9374445E+00 -8.7415536E-03
