-1.0267023E+00 1.8236286E-01 -1.2050411E+00 -8.4296998E-01 -1.3901031E+00 -6.7729976E-01
-1.0311613E+00 1.5490806E-01 -1.1835520E+00 -8.7462056E-01 -1.3413154E+00 -7.3931878E-01
-1.0317460E+00 1.4796960E-01 -1.1694788E+00 -8.7754686E-01 -1.3337190E+00 -7.5522241E-01
-1.0476219E+00 1.3005756E-01 -1.1613136E+00 -9.0980427E-01 -1.3107568E+00 -7.9853013E-01
-1.0836536E+00 1.7609351E-01 -1.2384544E+00 -8.9145691E-01 -1.4520787E+00 -7.6444994E-01
-1.1137316E+00 2.2367244E-01 -1.2854257E+00 -8.6221126E-01 -1.5743632E+00 -7.0302203E-01
-1.1216816E+00 2.4309774E-01 -1.3006529E+00 -8.4461484E-01 -1.6201464E+00 -6.7316624E-01
-1.1214071E+00 2.4210894E-01 -1.2921109E+00 -8.4039616E-01 -1.6285607E+00 -6.8143117E-01
-1.1151518E+00 2.5060558E-01 -1.2953682E+00 -8.2337722E-01 -1.6492486E+00 -6.6708994E-01
-1.1088935E+00 2.6570693E-01 -1.3118822E+00 -8.0402472E-01 -1.6714185E+00 -6.2657542E-01
-1.0786400E+00 2.6290263E-01 -1.3026635E+00 -7.8677579E-01 -1.6394876E+00 -6.0196229E-01
-1.0227007E+00 3.1708092E-01 -1.3345205E+00 -7.0949007E-01 -1.6488785E+00 -4.1072572E-01
-9.9086198E-01 4.1712430E-01 -1.3696995E+00 -5.5430832E-01 -1.8544377E+00 -2.1449847E-01
-9.8969718E-01 5.5151538E-01 -1.4459962E+00 -3.5981093E-01 -2.0987598E+00 3.7373222E-02
-1.0101234E+00 6.2397509E-01 -1.5201261E+00 -2.8271468E-01 -2.2625981E+00 1.1781649E-01
-1.0145140E+00 6.2421808E-01 -1.5251338E+00 -2.8483836E-01 -2.2630949E+00 1.1054747E-01
-1.0653010E+00 6.7808752E-01 -1.5229374E+00 -1.9518734E-01 -2.4147862E+00 6.1252234E-02
-1.1136944E+00 7.5072477E-01 -1.4932573E+00 -9.1816947E-02 -2.5907278E+00 1.7160526E-02
-1.1165572E+00 7.4947823E-01 -1.4773527E+00 -9.3438004E-02 -2.5838813E+00 -8.0562250E-03
-1.1298926E+00 7.7440652E-01 -1.4746430E+00 -5.8901734E-02 -2.6345031E+00 -8.5559965E-03
