-1.1352515E+00 1.7561206E-01 -1.2970008E+00 -9.5031740E-01 -1.4894884E+00 -8.0316457E-01
-1.1244644E+00 1.4948988E-01 -1.2609184E+00 -9.6942048E-01 -1.4299085E+00 -8.4400873E-01
-1.1159488E+00 1.4489027E-01 -1.2506557E+00 -9.6878832E-01 -1.4139935E+00 -8.4166068E-01
-1.1015629E+00 1.2746463E-01 -1.2183789E+00 -9.6845074E-01 -1.3596773E+00 -8.6274746E-01
-1.1066046E+00 1.6576690E-01 -1.2591033E+00 -9.3019566E-01 -1.4464155E+00 -7.9727798E-01
-1.1460062E+00 2.0162955E-01 -1.3210974E+00 -9.2912639E-01 -1.5403394E+00 -7.5799584E-01
-1.1708796E+00 2.2193680E-01 -1.3537645E+00 -9.2816748E-01 -1.5965155E+00 -7.5603560E-01
-1.1739084E+00 2.2173575E-01 -1.3525077E+00 -9.2479673E-01 -1.6048665E+00 -7.6577508E-01
-1.1690097E+00 2.3361420E-01 -1.3669215E+00 -9.1022045E-01 -1.6210555E+00 -7.3041066E-01
-1.1615439E+00 2.5170293E-01 -1.3753827E+00 -8.8301680E-01 -1.6618654E+00 -6.8992742E-01
-1.1374795E+00 2.5868590E-01 -1.3634021E+00 -8.5656490E-01 -1.6604152E+00 -6.4173324E-01
-1.1060392E+00 3.2393080E-01 -1.4058598E+00 -7.6441681E-01 -1.7674354E+00 -5.0362516E-01
-1.1066931E+00 4.2195625E-01 -1.4812137E+00 -6.5808106E-01 -1.9944569E+00 -3.2345640E-01
-1.1471421E+00 5.5041061E-01 -1.6202437E+00 -5.5180196E-01 -2.2668678E+00 -1.0976255E-01
-1.1896216E+00 6.2596952E-01 -1.6890076E+00 -4.6903422E-01 -2.4565535E+00 -4.8660289E-02
-1.1972083E+00 6.2846678E-01 -1.6990028E+00 -4.7455431E-01 -2.4744901E+00 -5.7216799E-02
-1.2559639E+00 6.9000301E-01 -1.7143371E+00 -3.6947816E-01 -2.6468387E+00 -1.0592885E-01
-1.3056165E+00 7.6925215E-01 -1.7949970E+00 -2.7659510E-01 -2.8012853E+00 -8.7978097E-03
-1.3080690E+00 7.6755844E-01 -1.8077738E+00 -2.9847764E-01 -2.7940673E+00 -2.6587141E-02
-1.3213023E+00 7.9231934E-01 -1.8620969E+00 -2.9846488E-01 -2.8264465E+00 -2.8251119E-03
