-9.3358748E-01 1.6310849E-01 -1.0937992E+00 -7.7033539E-01 -1.2600013E+00 -6.1574774E-01
-9.2618070E-01 1.3463610E-01 -1.0590596E+00 -7.9138830E-01 -1.1973447E+00 -6.6621016E-01
-9.2728903E-01 1.2770037E-01 -1.0453511E+00 -7.9466311E-01 -1.1853328E+00 -6.8204640E-01
-8.9736069E-01 1.0847798E-01 -1.0029061E+00 -7.9088244E-01 -1.1183676E+00 -6.8641436E-01
-8.0878843E-01 1.4312766E-01 -9.5209313E-01 -6.6541816E-01 -1.0959935E+00 -5.3818815E-01
-7.0196504E-01 1.5493788E-01 -8.4549055E-01 -5.3807346E-01 -1.0203178E+00 -4.1659109E-01
-6.5866240E-01 1.5879835E-01 -7.9714323E-01 -4.8674473E-01 -9.7643737E-01 -3.5558467E-01
-6.5346804E-01 1.5536971E-01 -7.8739953E-01 -4.8741340E-01 -9.6202542E-01 -3.5547011E-01
-6.8963638E-01 1.6591571E-01 -8.3559367E-01 -5.1365160E-01 -1.0221715E+00 -3.7134926E-01
-7.1159009E-01 1.8533955E-01 -8.7745902E-01 -5.1627840E-01 -1.1026792E+00 -3.6868081E-01
-9.1347549E-01 2.1113410E-01 -1.1154693E+00 -6.9614643E-01 -1.3368885E+00 -5.1162641E-01
-1.4046314E+00 3.1095783E-01 -1.7130433E+00 -1.0956970E+00 -2.0219450E+00 -7.9370025E-01
-1.8860241E+00 4.0297388E-01 -2.3107758E+00 -1.4999553E+00 -2.6500309E+00 -1.0768930E+00
-2.3094863E+00 4.9443473E-01 -2.8734045E+00 -1.8706694E+00 -3.2355887E+00 -1.3525564E+00
-2.4685908E+00 5.4545135E-01 -3.1380398E+00 -2.0510157E+00 -3.4699107E+00 -1.4510998E+00
-2.4638731E+00 5.4699636E-01 -3.1394955E+00 -2.0562067E+00 -3.4427861E+00 -1.4247305E+00
-2.5173835E+00 5.8402450E-01 -3.2869925E+00 -2.1921727E+00 -3.4625579E+00 -1.3814407E+00
-2.5336059E+00 6.4529590E-01 -3.4056253E+00 -2.2391148E+00 -3.5000000E+00 -1.2929341E+00
-2.5281135E+00 6.4529343E-01 -3.4048848E+00 -2.2467406E+00 -3.4742381E+00 -1.2672737E+00
-2.5311214E+00 6.6894510E-01 -3.4877825E+00 -2.2724333E+00 -3.5000000E+00 -1.2428364E+00
