-1.1310862E+00 1.8170641E-01 -1.3075603E+00 -9.5489872E-01 -1.5012514E+00 -7.7537933E-01
-1.1256193E+00 1.5708461E-01 -1.2692781E+00 -9.6570351E-01 -1.4539992E+00 -8.2519763E-01
-1.1213390E+00 1.5255574E-01 -1.2585684E+00 -9.6437730E-01 -1.4437182E+00 -8.3482411E-01
-1.1048002E+00 1.3818083E-01 -1.2241873E+00 -9.5518932E-01 -1.3989952E+00 -8.5563918E-01
-1.0938114E+00 1.8862928E-01 -1.2498987E+00 -8.9315698E-01 -1.4684448E+00 -7.2880746E-01
-1.1156461E+00 2.3367527E-01 -1.2857038E+00 -8.5731078E-01 -1.5928327E+00 -6.8901131E-01
-1.1367662E+00 2.4832681E-01 -1.3088244E+00 -8.5253930E-01 -1.6455628E+00 -6.9416355E-01
-1.1448878E+00 2.4693917E-01 -1.3145305E+00 -8.5818752E-01 -1.6521980E+00 -7.0426274E-01
-1.1468790E+00 2.5048349E-01 -1.3313761E+00 -8.5620100E-01 -1.6613729E+00 -6.9070182E-01
-1.1464912E+00 2.6224434E-01 -1.3523774E+00 -8.4658773E-01 -1.6863210E+00 -6.6164446E-01
-1.1106106E+00 2.6202797E-01 -1.3445594E+00 -8.2904173E-01 -1.6361057E+00 -6.1390838E-01
-1.0256448E+00 3.2678002E-01 -1.3337460E+00 -6.8130164E-01 -1.6897390E+00 -4.2294779E-01
-9.5023899E-01 4.3267067E-01 -1.3207549E+00 -4.8473482E-01 -1.8075635E+00 -1.1346681E-01
-9.0238585E-01 5.6404427E-01 -1.3497430E+00 -2.9376538E-01 -2.0599125E+00 1.7693907E-01
-9.0536831E-01 6.3089771E-01 -1.3595607E+00 -1.9833464E-01 -2.2325810E+00 2.6593692E-01
-9.0959301E-01 6.3008240E-01 -1.3559219E+00 -1.9719582E-01 -2.2305366E+00 2.5296940E-01
-9.6408726E-01 6.7023486E-01 -1.3242274E+00 -1.5689780E-01 -2.4113884E+00 1.2963183E-01
-1.0227427E+00 7.3208386E-01 -1.3254187E+00 -8.6583094E-02 -2.5805915E+00 4.8812505E-02
-1.0282675E+00 7.3035149E-01 -1.3124832E+00 -8.4811122E-02 -2.5684332E+00 2.1764750E-02
-1.0443658E+00 7.5248024E-01 -1.3477776E+00 -3.2216361E-02 -2.6058335E+00 -1.1130517E-03
