-1.1383125E+00 1.6848337E-01 -1.3040104E+00 -9.7130903E-01 -1.4719972E+00 -8.0787321E-01
-1.1180542E+00 1.4345234E-01 -1.2592183E+00 -9.7640576E-01 -1.4057408E+00 -8.4219080E-01
-1.1109359E+00 1.3831513E-01 -1.2401425E+00 -9.6755203E-01 -1.3922728E+00 -8.4909133E-01
-1.0538799E+00 1.2104371E-01 -1.1663029E+00 -9.2409680E-01 -1.3004905E+00 -8.2960089E-01
-9.5524887E-01 1.5987709E-01 -1.1020139E+00 -7.8970870E-01 -1.2788553E+00 -6.5296913E-01
-9.0992076E-01 1.8026825E-01 -1.0725010E+00 -7.2076007E-01 -1.2615704E+00 -5.6765451E-01
-9.2314393E-01 1.8559348E-01 -1.0828050E+00 -7.2367839E-01 -1.2923911E+00 -5.6690897E-01
-9.4809259E-01 1.8080159E-01 -1.1022209E+00 -7.5425406E-01 -1.3102448E+00 -6.0006769E-01
-1.0017984E+00 1.8816046E-01 -1.1737507E+00 -8.0143750E-01 -1.3736297E+00 -6.3827013E-01
-1.0314262E+00 2.0607826E-01 -1.2229256E+00 -8.1121859E-01 -1.4497492E+00 -6.4549445E-01
-1.1236324E+00 2.3073124E-01 -1.3357980E+00 -8.7776575E-01 -1.5885522E+00 -6.8840220E-01
-1.2991322E+00 3.3421905E-01 -1.6044879E+00 -9.4968178E-01 -1.9609142E+00 -6.5072773E-01
-1.4462886E+00 4.4745507E-01 -1.8342872E+00 -9.6107912E-01 -2.3945167E+00 -6.2601427E-01
-1.5759090E+00 5.8138981E-01 -2.0843596E+00 -9.0723975E-01 -2.7369868E+00 -4.9629419E-01
-1.6339375E+00 6.5694051E-01 -2.1974844E+00 -8.3851071E-01 -2.9331783E+00 -4.4971784E-01
-1.6336023E+00 6.5785608E-01 -2.1943303E+00 -8.3049758E-01 -2.9296686E+00 -4.5301531E-01
-1.6799279E+00 7.2016907E-01 -2.2633361E+00 -7.4070188E-01 -3.0599797E+00 -4.6446463E-01
-1.7152794E+00 8.0178561E-01 -2.3652551E+00 -6.4109075E-01 -3.2730309E+00 -4.0748459E-01
-1.7143680E+00 8.0311523E-01 -2.3506592E+00 -6.1860446E-01 -3.2512225E+00 -3.9676214E-01
-1.7224957E+00 8.2908113E-01 -2.3933477E+00 -6.0127271E-01 -3.3238645E+00 -3.6455262E-01
