-1.0601405E+00 1.7216996E-01 -1.2341219E+00 -8.9011194E-01 -1.4004171E+00 -7.2591891E-01
-1.0506967E+00 1.4454450E-01 -1.1884442E+00 -9.0143498E-01 -1.3392112E+00 -7.7261754E-01
-1.0467923E+00 1.3939509E-01 -1.1795172E+00 -9.0198355E-01 -1.3244227E+00 -7.8142668E-01
-1.0183999E+00 1.1614315E-01 -1.1272974E+00 -8.9824035E-01 -1.2554553E+00 -7.9818220E-01
-9.7366083E-01 1.5059877E-01 -1.1215123E+00 -8.2296036E-01 -1.2801773E+00 -6.8979458E-01
-9.5913058E-01 1.8290182E-01 -1.1192788E+00 -7.6430426E-01 -1.3180214E+00 -6.1024148E-01
-9.7110948E-01 2.0108750E-01 -1.1326440E+00 -7.5006863E-01 -1.3763208E+00 -5.8710744E-01
-9.8493331E-01 2.0605613E-01 -1.1388904E+00 -7.5715577E-01 -1.4164610E+00 -5.9405562E-01
-1.0185722E+00 2.1886409E-01 -1.1832926E+00 -7.7481879E-01 -1.4974892E+00 -6.2380360E-01
-1.0324537E+00 2.3577941E-01 -1.2166188E+00 -7.6996696E-01 -1.5362973E+00 -6.0409306E-01
-1.1048734E+00 2.4173026E-01 -1.3211603E+00 -8.3989159E-01 -1.5911494E+00 -6.5728119E-01
-1.2728256E+00 3.2493316E-01 -1.5761435E+00 -9.3002872E-01 -1.9414057E+00 -6.6570785E-01
-1.4374239E+00 4.4998467E-01 -1.8381991E+00 -9.4039184E-01 -2.3769586E+00 -6.2971500E-01
-1.5888004E+00 6.0902227E-01 -2.1744009E+00 -9.1822609E-01 -2.8070248E+00 -4.8578977E-01
-1.6527105E+00 7.0013866E-01 -2.3642631E+00 -8.9291277E-01 -3.0023466E+00 -3.7068146E-01
-1.6526112E+00 7.0359989E-01 -2.3654480E+00 -8.8329913E-01 -3.0017891E+00 -3.6429572E-01
-1.6995704E+00 7.7860291E-01 -2.4681593E+00 -7.6416673E-01 -3.1279040E+00 -2.9594806E-01
-1.7299524E+00 8.6176910E-01 -2.7059685E+00 -7.7498136E-01 -3.2801984E+00 -2.0756327E-01
-1.7289037E+00 8.5993929E-01 -2.6332105E+00 -7.1459822E-01 -3.2788054E+00 -2.0215284E-01
-1.7338201E+00 8.8640453E-01 -2.6799823E+00 -7.0497081E-01 -3.3333398E+00 -1.3726321E-01
