-1.4605388E+00 1.8414143E-01 -1.6290989E+00 -1.2683269E+00 -1.8219701E+00 -1.0998305E+00
-1.4378232E+00 1.5987615E-01 -1.5798385E+00 -1.2704523E+00 -1.7517783E+00 -1.1283122E+00
-1.4355107E+00 1.5350465E-01 -1.5728176E+00 -1.2772755E+00 -1.7374073E+00 -1.1357999E+00
-1.3473807E+00 1.3277186E-01 -1.4629510E+00 -1.2066118E+00 -1.6108982E+00 -1.0908124E+00
-1.1289500E+00 1.6962958E-01 -1.2753306E+00 -9.4896753E-01 -1.4706468E+00 -7.9921465E-01
-9.0017720E-01 1.9895630E-01 -1.0578405E+00 -6.7890691E-01 -1.2975553E+00 -5.3169296E-01
-8.0403549E-01 2.0825310E-01 -9.6549470E-01 -5.7564243E-01 -1.2300206E+00 -4.1763035E-01
-7.8762968E-01 2.0268934E-01 -9.4560139E-01 -5.6112083E-01 -1.2017693E+00 -4.0854503E-01
-7.6513169E-01 2.0375398E-01 -9.3552071E-01 -5.4358826E-01 -1.1887765E+00 -3.8465089E-01
-7.6183669E-01 2.1882217E-01 -9.5340499E-01 -5.2470930E-01 -1.2264551E+00 -3.6266997E-01
-8.1030802E-01 2.2970970E-01 -1.0267734E+00 -5.7102059E-01 -1.2676012E+00 -3.7393460E-01
-9.6770986E-01 3.2955919E-01 -1.2888940E+00 -6.4104524E-01 -1.6337006E+00 -3.3634730E-01
-1.1602220E+00 4.5415199E-01 -1.5749205E+00 -6.6969277E-01 -2.0871657E+00 -3.1229576E-01
-1.3731269E+00 5.9839034E-01 -1.9094764E+00 -6.9545325E-01 -2.5906081E+00 -2.8022336E-01
-1.4819221E+00 6.7484308E-01 -2.0991668E+00 -6.9133614E-01 -2.8410858E+00 -2.8683179E-01
-1.4862994E+00 6.7560023E-01 -2.1101485E+00 -6.9482398E-01 -2.8017087E+00 -2.5910995E-01
-1.5766230E+00 7.3451268E-01 -2.2109543E+00 -6.4282124E-01 -2.9617543E+00 -3.0310290E-01
-1.6433950E+00 8.1387153E-01 -2.3117667E+00 -5.6930397E-01 -3.2383356E+00 -2.8940656E-01
-1.6435645E+00 8.1431286E-01 -2.3133963E+00 -5.7238471E-01 -3.2417122E+00 -2.8708111E-01
-1.6601089E+00 8.3776254E-01 -2.3573109E+00 -5.6396820E-01 -3.2998474E+00 -2.5958062E-01
