-1.3332716E+00 2.0090407E-01 -1.5158989E+00 -1.1233853E+00 -1.7508630E+00 -9.5439661E-01
-1.3124858E+00 1.7771032E-01 -1.4702719E+00 -1.1238599E+00 -1.6845713E+00 -9.8555922E-01
-1.3056058E+00 1.7246507E-01 -1.4568465E+00 -1.1198776E+00 -1.6666525E+00 -9.9029513E-01
-1.2472158E+00 1.5726129E-01 -1.3845810E+00 -1.0717276E+00 -1.5582397E+00 -9.5262125E-01
-1.1364935E+00 1.9595334E-01 -1.3104977E+00 -9.2187915E-01 -1.5261671E+00 -7.6679220E-01
-1.0457802E+00 2.3147598E-01 -1.2459199E+00 -7.8799026E-01 -1.5058506E+00 -6.1114680E-01
-1.0085998E+00 2.4747155E-01 -1.2175539E+00 -7.2987697E-01 -1.5049181E+00 -5.5298388E-01
-9.9688795E-01 2.4778512E-01 -1.1976793E+00 -7.0925466E-01 -1.4993678E+00 -5.4941876E-01
-9.5316628E-01 2.5689628E-01 -1.1705691E+00 -6.6191683E-01 -1.4716627E+00 -4.8283435E-01
-9.2613997E-01 2.7174683E-01 -1.1645018E+00 -6.2383823E-01 -1.4672942E+00 -4.2145757E-01
-8.5228016E-01 2.7441181E-01 -1.0891886E+00 -5.5202049E-01 -1.4370927E+00 -3.4989751E-01
-7.4589632E-01 3.2301319E-01 -1.0489746E+00 -4.0660740E-01 -1.3990902E+00 -1.2922867E-01
-7.0805039E-01 4.0537495E-01 -1.1074479E+00 -3.0538484E-01 -1.5456529E+00 6.1821204E-02
-7.4283182E-01 5.2383679E-01 -1.1852764E+00 -1.6664548E-01 -1.7798961E+00 2.6627519E-01
-7.9794385E-01 5.9421040E-01 -1.2397773E+00 -9.4950096E-02 -1.9966813E+00 2.8268286E-01
-8.0748271E-01 5.9437193E-01 -1.2437102E+00 -1.0442732E-01 -2.0092381E+00 2.6189397E-01
-8.9634780E-01 6.5427857E-01 -1.2552702E+00 -8.0145496E-02 -2.2356005E+00 1.3909853E-01
-9.7652690E-01 7.3615869E-01 -1.2841696E+00 -4.3022509E-02 -2.4611735E+00 5.4403263E-02
-9.8173999E-01 7.3751541E-01 -1.2642026E+00 -4.6341809E-02 -2.4538272E+00 1.4338345E-02
-1.0052979E+00 7.6484224E-01 -1.2774167E+00 -3.9105113E-02 -2.5211217E+00 -7.6476542E-03
