-1.3338396E+00 2.0119849E-01 -1.5165747E+00 -1.1252381E+00 -1.7573624E+00 -9.5652099E-01
-1.3064320E+00 1.7937944E-01 -1.4631279E+00 -1.1205986E+00 -1.7008655E+00 -9.7486222E-01
-1.2979637E+00 1.7483413E-01 -1.4491059E+00 -1.1138486E+00 -1.6569698E+00 -9.5916404E-01
-1.2183390E+00 1.6282143E-01 -1.3464372E+00 -1.0409104E+00 -1.5554498E+00 -9.1661066E-01
-1.0602683E+00 2.0107063E-01 -1.2208671E+00 -8.3479403E-01 -1.4766170E+00 -6.8976365E-01
-9.3415090E-01 2.3138980E-01 -1.1193217E+00 -6.6846069E-01 -1.4046628E+00 -5.1762607E-01
-8.9241890E-01 2.4581144E-01 -1.0847140E+00 -6.0212680E-01 -1.3758117E+00 -4.5353355E-01
-8.8895719E-01 2.4770459E-01 -1.0815736E+00 -5.9703693E-01 -1.3779993E+00 -4.4570779E-01
-8.7272064E-01 2.5701186E-01 -1.0779265E+00 -5.7341474E-01 -1.3757675E+00 -4.0858165E-01
-8.6768725E-01 2.7290500E-01 -1.0852478E+00 -5.5074519E-01 -1.4099080E+00 -3.7323364E-01
-8.5161182E-01 2.6991485E-01 -1.0616483E+00 -5.3868472E-01 -1.4321837E+00 -3.7855279E-01
-8.2846259E-01 3.2624306E-01 -1.1353672E+00 -4.9031386E-01 -1.5004472E+00 -2.0174622E-01
-8.2306577E-01 4.2800776E-01 -1.2491802E+00 -3.8959336E-01 -1.6721157E+00 4.7744835E-03
-8.4029893E-01 5.5173636E-01 -1.3093437E+00 -2.3859477E-01 -1.9422828E+00 2.1588792E-01
-8.6226559E-01 6.1794530E-01 -1.3199512E+00 -1.4655980E-01 -2.1224422E+00 2.6503916E-01
-8.6397566E-01 6.1812470E-01 -1.3142793E+00 -1.4274334E-01 -2.1307974E+00 2.5185128E-01
-9.1035132E-01 6.6304208E-01 -1.2581486E+00 -7.9247546E-02 -2.2962358E+00 1.2001506E-01
-9.5691276E-01 7.3225286E-01 -1.2469787E+00 -2.5595700E-02 -2.4483220E+00 5.1860924E-02
-9.6105087E-01 7.3343570E-01 -1.2290082E+00 -2.7392279E-02 -2.4423366E+00 1.6204754E-02
-9.7454351E-01 7.6013957E-01 -1.2410160E+00 7.5148988E-03 -2.4975668E+00 2.6520090E-02
