-1.3566710E+00 1.7554820E-01 -1.5243313E+00 -1.1829073E+00 -1.7126024E+00 -1.0259081E+00
-1.3381424E+00 1.5081302E-01 -1.4749492E+00 -1.1832898E+00 -1.6427332E+00 -1.0582799E+00
-1.3366560E+00 1.4541408E-01 -1.4660498E+00 -1.1861312E+00 -1.6314699E+00 -1.0691620E+00
-1.2735800E+00 1.3080891E-01 -1.3844042E+00 -1.1362108E+00 -1.5325553E+00 -1.0263314E+00
-1.1181477E+00 1.7407716E-01 -1.2611614E+00 -9.2552454E-01 -1.4654092E+00 -7.8626122E-01
-9.5588250E-01 2.1253868E-01 -1.1099568E+00 -7.2366465E-01 -1.3978574E+00 -5.7116698E-01
-8.8551724E-01 2.2703449E-01 -1.0481096E+00 -6.4059064E-01 -1.3480255E+00 -4.7211554E-01
-8.7209878E-01 2.2524256E-01 -1.0320071E+00 -6.2609172E-01 -1.3237040E+00 -4.6166196E-01
-8.5731919E-01 2.2450688E-01 -1.0287448E+00 -6.1566898E-01 -1.3065982E+00 -4.3592006E-01
-8.5352760E-01 2.3527323E-01 -1.0433175E+00 -5.9824757E-01 -1.3309968E+00 -4.0806130E-01
-8.9794414E-01 2.3453754E-01 -1.1074296E+00 -6.4510278E-01 -1.3818775E+00 -4.6577491E-01
-1.0514743E+00 3.3184023E-01 -1.3591621E+00 -7.0861152E-01 -1.7373256E+00 -4.3088738E-01
-1.2425505E+00 4.6879755E-01 -1.6588322E+00 -7.4913107E-01 -2.2261555E+00 -3.4718485E-01
-1.4495222E+00 6.2468534E-01 -2.0054999E+00 -7.6081285E-01 -2.7253804E+00 -3.0009289E-01
-1.5513456E+00 7.0483343E-01 -2.1641499E+00 -7.1601687E-01 -2.9643765E+00 -2.8895348E-01
-1.5550602E+00 7.0341088E-01 -2.1587439E+00 -7.0959979E-01 -2.9654774E+00 -3.0552337E-01
-1.6332496E+00 7.6376532E-01 -2.2659329E+00 -6.3167883E-01 -3.1082734E+00 -3.4702794E-01
-1.6860113E+00 8.4137773E-01 -2.3671006E+00 -5.1908557E-01 -3.2712658E+00 -2.7019261E-01
-1.6843015E+00 8.4352656E-01 -2.3524734E+00 -4.9087945E-01 -3.2706543E+00 -2.7284686E-01
-1.6960216E+00 8.6786588E-01 -2.3890864E+00 -4.6357616E-01 -3.3201338E+00 -2.4694437E-01
