-1.0913887E+00 1.7007215E-01 -1.2602921E+00 -9.2319051E-01 -1.4267688E+00 -7.5710093E-01
-1.0892340E+00 1.4215661E-01 -1.2301169E+00 -9.4840427E-01 -1.3717529E+00 -8.1213843E-01
-1.0944778E+00 1.3490290E-01 -1.2276821E+00 -9.6007288E-01 -1.3643104E+00 -8.3287896E-01
-1.0611021E+00 1.1667699E-01 -1.1710235E+00 -9.4066454E-01 -1.2973683E+00 -8.3730554E-01
-9.5465698E-01 1.5106985E-01 -1.0958396E+00 -7.9731921E-01 -1.2635576E+00 -6.7079461E-01
-8.3305296E-01 1.7091335E-01 -9.7848574E-01 -6.5439744E-01 -1.1697284E+00 -5.0534865E-01
-7.8398740E-01 1.8118626E-01 -9.3265484E-01 -5.9553772E-01 -1.1437363E+00 -4.4027093E-01
-7.7970002E-01 1.8006964E-01 -9.2494808E-01 -5.8955714E-01 -1.1400822E+00 -4.4105319E-01
-7.9451545E-01 1.9124440E-01 -9.5163764E-01 -5.9514660E-01 -1.1717985E+00 -4.2921393E-01
-8.0199557E-01 2.0905655E-01 -9.7772351E-01 -5.8344779E-01 -1.2143393E+00 -3.9925650E-01
-9.1112925E-01 2.2373553E-01 -1.1081718E+00 -6.7790674E-01 -1.3562887E+00 -4.7654639E-01
-1.2057082E+00 3.1173502E-01 -1.5140075E+00 -8.9569404E-01 -1.8313202E+00 -6.1278531E-01
-1.5295223E+00 4.2398781E-01 -1.9550948E+00 -1.1018059E+00 -2.3649444E+00 -7.1072140E-01
-1.8542972E+00 5.5859907E-01 -2.4310903E+00 -1.2744824E+00 -2.9064078E+00 -7.7485069E-01
-1.9999017E+00 6.3322369E-01 -2.7107865E+00 -1.3824531E+00 -3.1592511E+00 -7.4834593E-01
-2.0012357E+00 6.3480865E-01 -2.7201053E+00 -1.3887221E+00 -3.1548121E+00 -7.4150346E-01
-2.0919000E+00 6.9174385E-01 -2.9774261E+00 -1.5072380E+00 -3.3237167E+00 -8.1010561E-01
-2.1509638E+00 7.6744633E-01 -3.2657931E+00 -1.6397488E+00 -3.4621153E+00 -7.6955261E-01
-2.1493972E+00 7.6736623E-01 -3.2920578E+00 -1.6669140E+00 -3.4377735E+00 -7.6220119E-01
-2.1619647E+00 7.9449145E-01 -3.3038983E+00 -1.6199054E+00 -3.5000000E+00 -7.5552957E-01
