-1.2262068E+00 1.7645637E-01 -1.3996593E+00 -1.0548417E+00 -1.5806900E+00 -8.8250798E-01
-1.2103883E+00 1.4930997E-01 -1.3571965E+00 -1.0657577E+00 -1.5103691E+00 -9.2193365E-01
-1.2066464E+00 1.4219260E-01 -1.3469178E+00 -1.0694063E+00 -1.4895649E+00 -9.3151503E-01
-1.1543304E+00 1.2380418E-01 -1.2677899E+00 -1.0278729E+00 -1.4045692E+00 -9.2288142E-01
-1.0320182E+00 1.7122429E-01 -1.1809315E+00 -8.4954430E-01 -1.3780072E+00 -7.0468245E-01
-9.2662090E-01 2.0426063E-01 -1.0862881E+00 -7.0495004E-01 -1.3578292E+00 -5.4208202E-01
-8.9798753E-01 2.1600877E-01 -1.0565604E+00 -6.5787553E-01 -1.3382715E+00 -4.9318649E-01
-9.1021634E-01 2.1315147E-01 -1.0687922E+00 -6.7591576E-01 -1.3358818E+00 -5.1551256E-01
-9.3853544E-01 2.1742026E-01 -1.1104861E+00 -7.0453439E-01 -1.3792038E+00 -5.2938099E-01
-9.6154895E-01 2.3288587E-01 -1.1573377E+00 -7.1443700E-01 -1.4284605E+00 -5.1116851E-01
-1.0287805E+00 2.4166367E-01 -1.2418148E+00 -7.7768450E-01 -1.4987161E+00 -5.5197204E-01
-1.1480665E+00 3.2996524E-01 -1.4548565E+00 -8.0157110E-01 -1.8118729E+00 -5.2742152E-01
-1.2363897E+00 4.5643639E-01 -1.6433683E+00 -7.6976807E-01 -2.1914217E+00 -3.7629573E-01
-1.3054566E+00 6.0893352E-01 -1.8099696E+00 -6.3203553E-01 -2.6123681E+00 -2.1827975E-01
-1.3365571E+00 6.8799297E-01 -1.8821974E+00 -5.2444265E-01 -2.8144757E+00 -1.7147775E-01
-1.3376574E+00 6.8914985E-01 -1.8775321E+00 -5.1765261E-01 -2.8189914E+00 -1.7985974E-01
-1.3723421E+00 7.4576462E-01 -1.8692463E+00 -3.9874355E-01 -2.8864997E+00 -1.5993372E-01
-1.4002580E+00 8.2058896E-01 -1.9347427E+00 -2.8612015E-01 -3.0016092E+00 -4.9805522E-02
-1.4025111E+00 8.2135447E-01 -1.9747253E+00 -2.6363629E-01 -3.0336750E+00 -3.1946538E-02
-1.4109359E+00 8.4766792E-01 -1.9222137E+00 -2.4070199E-01 -3.0742696E+00 1.5298030E-02
