-1.2808355E+00 1.8957013E-01 -1.4679998E+00 -1.0916974E+00 -1.6626183E+00 -9.2481595E-01
-1.2650085E+00 1.6358876E-01 -1.4160839E+00 -1.0932979E+00 -1.6006167E+00 -9.5800418E-01
-1.2542723E+00 1.5783044E-01 -1.3976260E+00 -1.0869347E+00 -1.5804010E+00 -9.5699782E-01
-1.2274252E+00 1.4429097E-01 -1.3515785E+00 -1.0695606E+00 -1.5159925E+00 -9.5022791E-01
-1.1997633E+00 1.8402984E-01 -1.3598264E+00 -9.9963259E-01 -1.5972779E+00 -8.6289425E-01
-1.1888345E+00 2.2360125E-01 -1.3716955E+00 -9.3729876E-01 -1.6465103E+00 -7.7937020E-01
-1.1773412E+00 2.4563170E-01 -1.3669918E+00 -8.9897667E-01 -1.6737883E+00 -7.3047263E-01
-1.1653681E+00 2.4880791E-01 -1.3534171E+00 -8.8484052E-01 -1.6701845E+00 -7.1415865E-01
-1.1218029E+00 2.6361449E-01 -1.3273188E+00 -8.2838527E-01 -1.6528516E+00 -6.3626072E-01
-1.0944326E+00 2.8083154E-01 -1.3152854E+00 -7.8350559E-01 -1.6616058E+00 -5.7444104E-01
-1.0169851E+00 2.8566095E-01 -1.2475312E+00 -6.9959047E-01 -1.6212344E+00 -4.8958172E-01
-8.9207918E-01 3.3381588E-01 -1.2064154E+00 -5.4577095E-01 -1.5815412E+00 -2.6919604E-01
-8.3060637E-01 4.1116051E-01 -1.2111854E+00 -3.9815291E-01 -1.6769088E+00 -5.3287040E-02
-8.3692125E-01 5.2016019E-01 -1.2839640E+00 -2.6295632E-01 -1.8956371E+00 1.3063944E-01
-8.7136498E-01 5.8478369E-01 -1.3126278E+00 -1.7932519E-01 -2.0541581E+00 1.8246116E-01
-8.7698313E-01 5.8427176E-01 -1.3090748E+00 -1.7875728E-01 -2.0600831E+00 1.6520226E-01
-9.4797913E-01 6.3192663E-01 -1.3160184E+00 -1.3876980E-01 -2.2354642E+00 6.9368438E-02
-1.0143158E+00 7.0223065E-01 -1.3374095E+00 -5.6441409E-02 -2.4038077E+00 2.6672745E-02
-1.0187416E+00 7.0006683E-01 -1.3259459E+00 -6.5087016E-02 -2.3893257E+00 1.1550829E-03
-1.0350928E+00 7.2484382E-01 -1.3359122E+00 -7.4338970E-03 -2.4334678E+00 1.3806994E-02
