-1.4476712E+00 1.7817448E-01 -1.6266023E+00 -1.2717444E+00 -1.8003813E+00 -1.1041920E+00
-1.4232489E+00 1.5497355E-01 -1.5698606E+00 -1.2641944E+00 -1.7375650E+00 -1.1292334E+00
-1.4182833E+00 1.4864541E-01 -1.5562813E+00 -1.2644273E+00 -1.7284663E+00 -1.1373652E+00
-1.3334545E+00 1.3654182E-01 -1.4558860E+00 -1.1884855E+00 -1.6081829E+00 -1.0712042E+00
-1.1381624E+00 1.7803923E-01 -1.2926326E+00 -9.4780317E-01 -1.5014731E+00 -7.9702687E-01
-9.5275064E-01 2.0884872E-01 -1.1171522E+00 -7.2302526E-01 -1.3825803E+00 -5.5287035E-01
-8.8334483E-01 2.2052304E-01 -1.0578933E+00 -6.4137526E-01 -1.3315852E+00 -4.7310216E-01
-8.8063383E-01 2.1929866E-01 -1.0515762E+00 -6.3613534E-01 -1.3286953E+00 -4.8405503E-01
-8.7457303E-01 2.2371089E-01 -1.0530640E+00 -6.2341995E-01 -1.3226112E+00 -4.6713550E-01
-8.7910583E-01 2.3751915E-01 -1.0792839E+00 -6.1468965E-01 -1.3535865E+00 -4.3764988E-01
-8.9324874E-01 2.4429185E-01 -1.1072513E+00 -6.2504223E-01 -1.3797097E+00 -4.2501544E-01
-9.3831140E-01 3.2897576E-01 -1.2650438E+00 -6.1052694E-01 -1.5981720E+00 -3.0978639E-01
-1.0018878E+00 4.4098628E-01 -1.4346287E+00 -5.6522673E-01 -1.8957607E+00 -1.6346725E-01
-1.0958300E+00 5.7299157E-01 -1.5626433E+00 -4.4396035E-01 -2.3233839E+00 -8.0369824E-02
-1.1599170E+00 6.4598128E-01 -1.6436662E+00 -3.7861766E-01 -2.5193969E+00 -3.5064571E-02
-1.1647782E+00 6.4759514E-01 -1.6513074E+00 -3.8408593E-01 -2.5176255E+00 -3.1361835E-02
-1.2431450E+00 7.0652863E-01 -1.7209899E+00 -3.3249141E-01 -2.6747534E+00 -6.5291933E-02
-1.3079283E+00 7.8299813E-01 -1.7735332E+00 -2.2714986E-01 -2.8529620E+00 -3.6669739E-02
-1.3093034E+00 7.8252832E-01 -1.7405518E+00 -1.9861620E-01 -2.8380031E+00 -5.0392404E-02
-1.3242452E+00 8.0867894E-01 -1.8125983E+00 -2.0608297E-01 -2.8806436E+00 -2.2569112E-02
