-1.1274282E+00 1.6507414E-01 -1.2885172E+00 -9.6501981E-01 -1.4576325E+00 -8.0076764E-01
-1.0976710E+00 1.3862047E-01 -1.2335419E+00 -9.6039959E-01 -1.3739092E+00 -8.2799271E-01
-1.0884165E+00 1.3304559E-01 -1.2184578E+00 -9.5672589E-01 -1.3541960E+00 -8.2949419E-01
-9.8113420E-01 1.1415936E-01 -1.0944373E+00 -8.6826489E-01 -1.2081236E+00 -7.6044868E-01
-7.7500809E-01 1.4333408E-01 -9.1103302E-01 -6.2713464E-01 -1.0615931E+00 -5.0193859E-01
-6.4061903E-01 1.5447872E-01 -7.9483289E-01 -4.8669655E-01 -9.4882750E-01 -3.4653425E-01
-6.3174512E-01 1.6118674E-01 -7.8018376E-01 -4.5994444E-01 -9.6144814E-01 -3.3403269E-01
-6.6535544E-01 1.5763432E-01 -8.0234035E-01 -4.9472466E-01 -9.8383409E-01 -3.6411620E-01
-7.5377247E-01 1.6806819E-01 -9.0158525E-01 -5.7570846E-01 -1.0940628E+00 -4.3008058E-01
-8.0456832E-01 1.8609751E-01 -9.7077341E-01 -6.0713735E-01 -1.1986939E+00 -4.6049181E-01
-1.0206754E+00 2.1373250E-01 -1.2219174E+00 -7.9419674E-01 -1.4546484E+00 -6.2088932E-01
-1.4735899E+00 3.1900744E-01 -1.7903921E+00 -1.1581698E+00 -2.1153667E+00 -8.6549918E-01
-1.8688843E+00 4.2645878E-01 -2.3063926E+00 -1.4371528E+00 -2.6978933E+00 -1.0534995E+00
-2.1880310E+00 5.4341293E-01 -2.7901521E+00 -1.6621862E+00 -3.2191840E+00 -1.1571121E+00
-2.2981112E+00 6.0643812E-01 -3.0319512E+00 -1.7761314E+00 -3.4235664E+00 -1.1742771E+00
-2.2932837E+00 6.0833661E-01 -3.0349328E+00 -1.7795126E+00 -3.4081301E+00 -1.1558803E+00
-2.3240400E+00 6.5985297E-01 -3.2093230E+00 -1.8919447E+00 -3.4199653E+00 -1.0426669E+00
-2.3288834E+00 7.3722140E-01 -3.3629378E+00 -1.9387484E+00 -3.5000000E+00 -9.3462820E-01
-2.3262748E+00 7.3894395E-01 -3.3742669E+00 -1.9516222E+00 -3.4760267E+00 -9.2622991E-01
-2.3250525E+00 7.6792333E-01 -3.4320716E+00 -1.9488512E+00 -3.5000000E+00 -8.8547066E-01
