-1.2683026E+00 1.8653990E-01 -1.4471285E+00 -1.0860049E+00 -1.6460320E+00 -9.1417263E-01
-1.2564043E+00 1.6303981E-01 -1.4105511E+00 -1.0985716E+00 -1.5851305E+00 -9.5298148E-01
-1.2542423E+00 1.5687252E-01 -1.4019959E+00 -1.1022774E+00 -1.5757152E+00 -9.6057076E-01
-1.2144133E+00 1.4222699E-01 -1.3333537E+00 -1.0618196E+00 -1.4968540E+00 -9.4292701E-01
-1.1203319E+00 1.8571757E-01 -1.2694994E+00 -9.1234519E-01 -1.4980904E+00 -7.7146240E-01
-1.0267833E+00 2.2572736E-01 -1.1977724E+00 -7.7559576E-01 -1.4908298E+00 -6.0871527E-01
-9.8623470E-01 2.4391600E-01 -1.1586560E+00 -7.1077007E-01 -1.4894774E+00 -5.3938980E-01
-9.7850692E-01 2.4682495E-01 -1.1441879E+00 -6.9615766E-01 -1.4975926E+00 -5.3656602E-01
-9.5178952E-01 2.5325195E-01 -1.1312467E+00 -6.6186803E-01 -1.4886890E+00 -4.9564552E-01
-9.3790369E-01 2.6521217E-01 -1.1407744E+00 -6.3886888E-01 -1.4954272E+00 -4.5361951E-01
-9.1225985E-01 2.5780642E-01 -1.1556908E+00 -6.4093684E-01 -1.4482416E+00 -4.3210009E-01
-8.9701880E-01 3.2291088E-01 -1.2033212E+00 -5.5836826E-01 -1.5506460E+00 -2.9166227E-01
-9.3230981E-01 4.3650501E-01 -1.3338628E+00 -4.6839433E-01 -1.8424075E+00 -1.2398029E-01
-1.0198543E+00 5.7819181E-01 -1.5285158E+00 -3.8084450E-01 -2.2068797E+00 5.4038551E-02
-1.0891841E+00 6.5703574E-01 -1.6303033E+00 -3.1847838E-01 -2.4380752E+00 1.0923775E-01
-1.0972596E+00 6.5829683E-01 -1.6330594E+00 -3.2285886E-01 -2.4511331E+00 9.8912029E-02
-1.1888664E+00 7.1349034E-01 -1.7185618E+00 -3.1954594E-01 -2.6488497E+00 4.6677010E-02
-1.2695688E+00 7.8210672E-01 -1.7993929E+00 -2.3805388E-01 -2.7949064E+00 2.9753466E-02
-1.2720039E+00 7.8090521E-01 -1.7891306E+00 -2.1931152E-01 -2.7729895E+00 1.4498641E-02
-1.2912574E+00 8.0480314E-01 -1.8092292E+00 -2.6344920E-02 -2.8320609E+00 -8.6200762E-03
