-8.7444500E-01 1.6972342E-01 -1.0427224E+00 -7.0483902E-01 -1.2110410E+00 -5.4498440E-01
-8.8183244E-01 1.4144605E-01 -1.0211160E+00 -7.4088936E-01 -1.1609439E+00 -6.0558460E-01
-8.7880569E-01 1.3385514E-01 -1.0104789E+00 -7.4723477E-01 -1.1446020E+00 -6.1635921E-01
-9.1144494E-01 1.1682642E-01 -1.0262252E+00 -7.9750338E-01 -1.1455645E+00 -6.8187338E-01
-1.0088282E+00 1.6339866E-01 -1.1667931E+00 -8.4745499E-01 -1.3537975E+00 -6.9900185E-01
-1.1235899E+00 1.9946824E-01 -1.2771173E+00 -9.0877227E-01 -1.5116805E+00 -7.4830606E-01
-1.1764399E+00 2.2167764E-01 -1.3348454E+00 -9.3486517E-01 -1.6120025E+00 -7.6260995E-01
-1.1868532E+00 2.2543948E-01 -1.3452565E+00 -9.4216580E-01 -1.6384154E+00 -7.7094196E-01
-1.2023768E+00 2.3836770E-01 -1.3755984E+00 -9.4463361E-01 -1.6857884E+00 -7.6081596E-01
-1.2040618E+00 2.5500858E-01 -1.3952811E+00 -9.2743774E-01 -1.7183650E+00 -7.2664097E-01
-1.2034806E+00 2.6278307E-01 -1.4128433E+00 -9.1819496E-01 -1.7397957E+00 -7.0310687E-01
-1.2123054E+00 3.3248228E-01 -1.4999582E+00 -8.5007912E-01 -1.9169567E+00 -6.1068032E-01
-1.2472097E+00 4.3968651E-01 -1.6099900E+00 -7.5528231E-01 -2.1411951E+00 -4.1977182E-01
-1.3128644E+00 5.8094084E-01 -1.8022165E+00 -6.4799386E-01 -2.4786309E+00 -2.4310983E-01
-1.3618006E+00 6.6231302E-01 -1.9295291E+00 -5.9107221E-01 -2.6886912E+00 -1.5420254E-01
-1.3670257E+00 6.6484247E-01 -1.9370807E+00 -5.9362801E-01 -2.7068750E+00 -1.5665145E-01
-1.4313914E+00 7.2859502E-01 -2.0208869E+00 -5.2479720E-01 -2.9297513E+00 -1.9284189E-01
-1.4843228E+00 8.0473680E-01 -2.1305177E+00 -4.4261186E-01 -3.0366122E+00 -9.0941906E-02
-1.4839825E+00 8.0276501E-01 -2.1129245E+00 -4.2704958E-01 -3.0008750E+00 -7.2564008E-02
-1.4982322E+00 8.2769681E-01 -2.1411850E+00 -3.8803065E-01 -3.0003029E+00 -1.7867219E-02
