-1.0642780E+00 1.6566199E-01 -1.2277121E+00 -8.9827782E-01 -1.3969905E+00 -7.4652003E-01
-1.0591786E+00 1.3877384E-01 -1.1964462E+00 -9.1998831E-01 -1.3376837E+00 -7.9341448E-01
-1.0593804E+00 1.3221431E-01 -1.1908156E+00 -9.2614142E-01 -1.3249274E+00 -8.0789342E-01
-1.0302577E+00 1.1220417E-01 -1.1350186E+00 -9.1172098E-01 -1.2592314E+00 -8.1883989E-01
-9.5536271E-01 1.4820224E-01 -1.0918488E+00 -8.0299200E-01 -1.2672397E+00 -6.7577604E-01
-8.7670193E-01 1.6927156E-01 -1.0215076E+00 -7.0016926E-01 -1.2103990E+00 -5.5260328E-01
-8.4765290E-01 1.7795336E-01 -9.9842373E-01 -6.5895318E-01 -1.1949472E+00 -5.1368672E-01
-8.4611842E-01 1.7626206E-01 -9.9661644E-01 -6.6077560E-01 -1.1871095E+00 -5.1676886E-01
-8.7175246E-01 1.8540953E-01 -1.0323031E+00 -6.7604720E-01 -1.2296408E+00 -5.1937809E-01
-8.8479035E-01 2.0227447E-01 -1.0649095E+00 -6.7291032E-01 -1.3034446E+00 -5.1092087E-01
-1.0230320E+00 2.1787399E-01 -1.2376615E+00 -8.0919263E-01 -1.4705421E+00 -6.0330632E-01
-1.3641090E+00 3.1510123E-01 -1.6511474E+00 -1.0277700E+00 -2.0137167E+00 -7.7624193E-01
-1.7089727E+00 4.2573162E-01 -2.1388977E+00 -1.2739146E+00 -2.5606600E+00 -9.0894243E-01
-2.0296299E+00 5.5235233E-01 -2.6340847E+00 -1.5043191E+00 -3.0743803E+00 -9.6093491E-01
-2.1648484E+00 6.2387333E-01 -2.8986386E+00 -1.6280326E+00 -3.3184161E+00 -9.5584513E-01
-2.1662430E+00 6.2444044E-01 -2.9091534E+00 -1.6355489E+00 -3.3135977E+00 -9.6243164E-01
-2.2406774E+00 6.8112916E-01 -3.1499815E+00 -1.7840828E+00 -3.4021350E+00 -9.2744906E-01
-2.2814294E+00 7.5633740E-01 -3.3572581E+00 -1.8821149E+00 -3.5000000E+00 -8.5037998E-01
-2.2750163E+00 7.5802973E-01 -3.3653119E+00 -1.8975387E+00 -3.4766514E+00 -8.2445383E-01
-2.2796552E+00 7.8257258E-01 -3.4150860E+00 -1.8967788E+00 -3.5000000E+00 -7.8990225E-01
