-1.2602569E+00 1.8816911E-01 -1.4310773E+00 -1.0636661E+00 -1.6299561E+00 -8.9630044E-01
-1.2413484E+00 1.6371119E-01 -1.3833654E+00 -1.0684800E+00 -1.5623650E+00 -9.2604436E-01
-1.2362342E+00 1.5951354E-01 -1.3718862E+00 -1.0666423E+00 -1.5497572E+00 -9.2734108E-01
-1.1777372E+00 1.4858480E-01 -1.3006417E+00 -1.0133387E+00 -1.4848509E+00 -9.0186370E-01
-1.0546901E+00 2.0202170E-01 -1.2047826E+00 -8.3429489E-01 -1.4669768E+00 -6.7804465E-01
-9.4493013E-01 2.4346730E-01 -1.1031061E+00 -6.7346613E-01 -1.4598400E+00 -4.9752256E-01
-9.0323592E-01 2.5584284E-01 -1.0703126E+00 -6.1178703E-01 -1.4641903E+00 -4.4855925E-01
-9.0034132E-01 2.5236081E-01 -1.0653329E+00 -6.0953128E-01 -1.4479304E+00 -4.5169361E-01
-8.9034689E-01 2.5307730E-01 -1.0656314E+00 -5.9548122E-01 -1.4306282E+00 -4.3807488E-01
-8.8681116E-01 2.6474463E-01 -1.0883815E+00 -5.8500053E-01 -1.4389830E+00 -4.0795196E-01
-8.8946379E-01 2.5278253E-01 -1.1143931E+00 -6.2317108E-01 -1.4010964E+00 -4.0031343E-01
-9.2319648E-01 3.1593662E-01 -1.2363888E+00 -6.0966840E-01 -1.5416882E+00 -3.0281279E-01
-9.8944325E-01 4.3907208E-01 -1.4040946E+00 -5.3164985E-01 -1.8762047E+00 -1.4652968E-01
-1.0851915E+00 5.9898410E-01 -1.6059055E+00 -3.9137966E-01 -2.2874501E+00 1.1066656E-02
-1.1445258E+00 6.8520098E-01 -1.6926011E+00 -3.1858815E-01 -2.5173501E+00 8.6642901E-02
-1.1487745E+00 6.8637594E-01 -1.6853059E+00 -3.1575380E-01 -2.5273904E+00 8.2454624E-02
-1.2117699E+00 7.4823433E-01 -1.7092982E+00 -2.4021091E-01 -2.7194803E+00 2.8768521E-02
-1.2618558E+00 8.2504136E-01 -1.7184520E+00 -1.1417095E-01 -2.8775663E+00 4.2178735E-02
-1.2632825E+00 8.2537063E-01 -1.7001523E+00 -9.6439389E-02 -2.8711201E+00 2.7528511E-02
-1.2766852E+00 8.5076496E-01 -1.6833058E+00 -1.6365837E-02 -2.9486213E+00 2.1780889E-03
