-1.3453256E+00 1.9638817E-01 -1.5250611E+00 -1.1391251E+00 -1.7495873E+00 -9.7716631E-01
-1.3316762E+00 1.7277295E-01 -1.4857472E+00 -1.1466049E+00 -1.6901139E+00 -1.0148363E+00
-1.3290538E+00 1.6815327E-01 -1.4795731E+00 -1.1470967E+00 -1.6769672E+00 -1.0240814E+00
-1.2806644E+00 1.5494732E-01 -1.4122929E+00 -1.1105053E+00 -1.5900067E+00 -9.8874038E-01
-1.1749335E+00 1.9474681E-01 -1.3376318E+00 -9.6250875E-01 -1.5702154E+00 -8.0670215E-01
-1.0817733E+00 2.2801652E-01 -1.2608894E+00 -8.2781179E-01 -1.5453155E+00 -6.5571256E-01
-1.0481094E+00 2.4530865E-01 -1.2342207E+00 -7.6664135E-01 -1.5461313E+00 -5.9878353E-01
-1.0459710E+00 2.4601174E-01 -1.2303373E+00 -7.5723724E-01 -1.5384933E+00 -5.9740766E-01
-1.0276666E+00 2.5196342E-01 -1.2262945E+00 -7.3564360E-01 -1.5387423E+00 -5.6976081E-01
-1.0195066E+00 2.6345272E-01 -1.2368584E+00 -7.2196897E-01 -1.5558550E+00 -5.2994862E-01
-9.7773888E-01 2.6003303E-01 -1.2034410E+00 -6.9081621E-01 -1.5031094E+00 -4.8533874E-01
-9.0051138E-01 3.2348224E-01 -1.2037510E+00 -5.6692971E-01 -1.5600580E+00 -2.8733980E-01
-8.4410435E-01 4.1844729E-01 -1.2316014E+00 -4.1213080E-01 -1.7029151E+00 -4.6262053E-02
-8.2009421E-01 5.2678954E-01 -1.2896103E+00 -2.4610826E-01 -1.8561249E+00 2.0078399E-01
-8.3404559E-01 5.8114012E-01 -1.2991426E+00 -1.5740874E-01 -1.9637754E+00 2.5155749E-01
-8.3783636E-01 5.8168139E-01 -1.2889296E+00 -1.5113034E-01 -1.9708104E+00 2.4128779E-01
-8.9130798E-01 6.1950153E-01 -1.2723195E+00 -1.2026929E-01 -2.1437446E+00 1.1737642E-01
-9.4493441E-01 6.8619280E-01 -1.2707304E+00 -6.3755330E-02 -2.3182002E+00 6.0216945E-02
-9.4827622E-01 6.8558672E-01 -1.2520213E+00 -5.9606200E-02 -2.3090845E+00 2.8748397E-02
-9.6460132E-01 7.0818044E-01 -1.2456295E+00 -2.5369687E-02 -2.3540188E+00 1.3084976E-02
