-1.0741942E+00 1.6453286E-01 -1.2385268E+00 -9.0869604E-01 -1.3960472E+00 -7.5420101E-01
-1.0623866E+00 1.3752803E-01 -1.1992033E+00 -9.2566391E-01 -1.3305446E+00 -7.9337862E-01
-1.0594702E+00 1.3311465E-01 -1.1908363E+00 -9.2876411E-01 -1.3222950E+00 -7.9838178E-01
-1.0131502E+00 1.1214538E-01 -1.1201257E+00 -8.9596402E-01 -1.2361732E+00 -8.0000795E-01
-9.1103909E-01 1.4177687E-01 -1.0504113E+00 -7.6979756E-01 -1.1911941E+00 -6.3952427E-01
-8.2248755E-01 1.5985080E-01 -9.6604187E-01 -6.5487704E-01 -1.1587203E+00 -5.2292871E-01
-8.0031710E-01 1.6821836E-01 -9.4410979E-01 -6.1820582E-01 -1.1363024E+00 -4.8129134E-01
-8.0639140E-01 1.6839920E-01 -9.4689496E-01 -6.2588433E-01 -1.1546425E+00 -4.8702711E-01
-8.4564723E-01 1.8095280E-01 -1.0000279E+00 -6.5404029E-01 -1.2152817E+00 -4.9320645E-01
-8.6648170E-01 1.9932816E-01 -1.0427501E+00 -6.5648823E-01 -1.2711767E+00 -4.8079915E-01
-1.0232323E+00 2.1932963E-01 -1.2302056E+00 -7.9599889E-01 -1.4678768E+00 -6.1004454E-01
-1.3969426E+00 3.1566918E-01 -1.7049122E+00 -1.0869381E+00 -2.0334749E+00 -7.8263979E-01
-1.7659364E+00 4.2467864E-01 -2.1883720E+00 -1.3425707E+00 -2.5969585E+00 -9.1438374E-01
-2.1044607E+00 5.4885626E-01 -2.7105952E+00 -1.5947569E+00 -3.1499956E+00 -1.0418887E+00
-2.2404059E+00 6.1516509E-01 -2.9791680E+00 -1.7227592E+00 -3.3786143E+00 -1.0711321E+00
-2.2381868E+00 6.1712254E-01 -2.9899578E+00 -1.7326094E+00 -3.3650782E+00 -1.0638889E+00
-2.2984319E+00 6.6873838E-01 -3.1963002E+00 -1.8643709E+00 -3.4057721E+00 -1.0217547E+00
-2.3268965E+00 7.3778675E-01 -3.3741305E+00 -1.9337328E+00 -3.4988829E+00 -9.6836868E-01
-2.3246480E+00 7.3738996E-01 -3.3848269E+00 -1.9510383E+00 -3.4649560E+00 -9.4445598E-01
-2.3284007E+00 7.6113813E-01 -3.4537950E+00 -1.9677851E+00 -3.5000000E+00 -9.2045131E-01
