-8.1963156E-01 1.7315024E-01 -9.9314438E-01 -6.4735366E-01 -1.1596515E+00 -4.8403580E-01
-8.4704887E-01 1.4799968E-01 -9.8608826E-01 -6.9409284E-01 -1.1456317E+00 -5.6330869E-01
-8.5591487E-01 1.4160751E-01 -9.8895369E-01 -7.0995524E-01 -1.1423898E+00 -5.8574278E-01
-9.4452597E-01 1.2780275E-01 -1.0542144E+00 -8.0958503E-01 -1.2019320E+00 -6.9303088E-01
-1.1111406E+00 1.6864577E-01 -1.2585016E+00 -9.3323964E-01 -1.4511983E+00 -7.9040889E-01
-1.2180538E+00 2.1674755E-01 -1.3895658E+00 -9.7416007E-01 -1.6674519E+00 -8.1867572E-01
-1.2308180E+00 2.4522547E-01 -1.4199457E+00 -9.4995105E-01 -1.7390759E+00 -7.7842062E-01
-1.2115864E+00 2.5076914E-01 -1.3997568E+00 -9.2032322E-01 -1.7369921E+00 -7.5128766E-01
-1.1736672E+00 2.6275047E-01 -1.3737664E+00 -8.7192358E-01 -1.7346734E+00 -7.0363852E-01
-1.1472328E+00 2.8063438E-01 -1.3618034E+00 -8.2470607E-01 -1.7457849E+00 -6.4783685E-01
-1.0752866E+00 2.7897533E-01 -1.3002353E+00 -7.5926188E-01 -1.6400642E+00 -5.5374869E-01
-9.7158435E-01 3.2740465E-01 -1.2809574E+00 -6.3199291E-01 -1.6362038E+00 -3.4967661E-01
-9.4244681E-01 4.2097497E-01 -1.3258786E+00 -4.9607767E-01 -1.8144834E+00 -1.6660709E-01
-9.8965417E-01 5.5924070E-01 -1.4289563E+00 -3.4350435E-01 -2.1260338E+00 6.0725378E-02
-1.0481717E+00 6.4052832E-01 -1.5168459E+00 -2.7349970E-01 -2.3602954E+00 1.0473091E-01
-1.0578209E+00 6.4263052E-01 -1.5216967E+00 -2.7701653E-01 -2.3783703E+00 8.8258197E-02
-1.1466890E+00 7.0746391E-01 -1.5825439E+00 -2.1761543E-01 -2.5910030E+00 -1.7130343E-03
-1.2229208E+00 7.9102558E-01 -1.6403142E+00 -1.0273824E-01 -2.7584620E+00 3.9159768E-03
-1.2253035E+00 7.9196597E-01 -1.6131838E+00 -8.2241205E-02 -2.7477053E+00 -1.7412945E-02
-1.2456289E+00 8.2082350E-01 -1.6916244E+00 -1.5574590E-02 -2.8033525E+00 7.4655218E-03
