-1.1881548E+00 1.6947984E-01 -1.3573460E+00 -1.0203467E+00 -1.5156511E+00 -8.5184521E-01
-1.1598881E+00 1.4335429E-01 -1.3021812E+00 -1.0184910E+00 -1.4391946E+00 -8.7735967E-01
-1.1470532E+00 1.3712692E-01 -1.2823047E+00 -1.0119088E+00 -1.4160541E+00 -8.7732100E-01
-1.0557252E+00 1.1691142E-01 -1.1641973E+00 -9.3372808E-01 -1.2920200E+00 -8.3340981E-01
-8.9984392E-01 1.4860490E-01 -1.0378165E+00 -7.4690974E-01 -1.2028903E+00 -6.1581201E-01
-8.1283172E-01 1.6509932E-01 -9.6554706E-01 -6.3909906E-01 -1.1543553E+00 -5.0470762E-01
-8.1491876E-01 1.7367231E-01 -9.6739391E-01 -6.2458815E-01 -1.1624192E+00 -4.8556465E-01
-8.4003104E-01 1.7207876E-01 -9.9360369E-01 -6.5513907E-01 -1.1824392E+00 -5.1407120E-01
-8.9990872E-01 1.8197283E-01 -1.0647690E+00 -7.0875448E-01 -1.2779253E+00 -5.6219882E-01
-9.3332121E-01 2.0064840E-01 -1.1191497E+00 -7.2648023E-01 -1.3480788E+00 -5.5314128E-01
-1.0671466E+00 2.2436679E-01 -1.2789817E+00 -8.3544897E-01 -1.5251282E+00 -6.4067933E-01
-1.3440594E+00 3.3090013E-01 -1.6503051E+00 -9.9231115E-01 -2.0189043E+00 -7.2426859E-01
-1.5918380E+00 4.4702480E-01 -2.0074311E+00 -1.1113258E+00 -2.5092025E+00 -7.5980532E-01
-1.8096447E+00 5.7579565E-01 -2.3580993E+00 -1.1743277E+00 -2.9542477E+00 -7.5220994E-01
-1.8989784E+00 6.4610879E-01 -2.5378808E+00 -1.1710248E+00 -3.1411215E+00 -7.1942128E-01
-1.8993063E+00 6.4823111E-01 -2.5410302E+00 -1.1664496E+00 -3.1412074E+00 -7.1744915E-01
-1.9514989E+00 7.0514191E-01 -2.7359967E+00 -1.1758309E+00 -3.2347822E+00 -7.1204054E-01
-1.9827740E+00 7.8173529E-01 -2.8656028E+00 -1.1076218E+00 -3.3697868E+00 -6.2511364E-01
-1.9804114E+00 7.8364461E-01 -2.9218024E+00 -1.1669769E+00 -3.3685658E+00 -6.2254278E-01
-1.9873175E+00 8.1060017E-01 -2.9700629E+00 -1.1605324E+00 -3.4625199E+00 -6.2214442E-01
