-1.1786317E+00 1.7203602E-01 -1.3506320E+00 -1.0081454E+00 -1.5222875E+00 -8.5011240E-01
-1.1628031E+00 1.4410356E-01 -1.3053377E+00 -1.0199480E+00 -1.4528871E+00 -8.8768067E-01
-1.1621418E+00 1.3714092E-01 -1.2969301E+00 -1.0272683E+00 -1.4372581E+00 -8.9925964E-01
-1.0949126E+00 1.1472564E-01 -1.2030959E+00 -9.7654663E-01 -1.3281341E+00 -8.7685485E-01
-9.2470279E-01 1.4676665E-01 -1.0683177E+00 -7.7914578E-01 -1.2226050E+00 -6.4379616E-01
-7.4888013E-01 1.6057658E-01 -8.9718287E-01 -5.8100605E-01 -1.0720922E+00 -4.4824571E-01
-6.8105595E-01 1.6486043E-01 -8.2653151E-01 -5.0624247E-01 -1.0054481E+00 -3.6639762E-01
-6.7543033E-01 1.6230515E-01 -8.1332565E-01 -4.9999550E-01 -1.0004580E+00 -3.6886814E-01
-6.9654791E-01 1.7194241E-01 -8.4178744E-01 -5.0721422E-01 -1.0433239E+00 -3.7103327E-01
-7.1152945E-01 1.9091547E-01 -8.7837642E-01 -5.0488512E-01 -1.0971006E+00 -3.4607721E-01
-8.6815661E-01 2.1352064E-01 -1.0614269E+00 -6.4441132E-01 -1.3139817E+00 -4.6958403E-01
-1.2612129E+00 3.0953346E-01 -1.5503440E+00 -9.4067619E-01 -1.8978135E+00 -6.7582733E-01
-1.6668847E+00 4.0844751E-01 -2.0736255E+00 -1.2563654E+00 -2.4874081E+00 -8.9668383E-01
-2.0509017E+00 5.2005194E-01 -2.6076403E+00 -1.5436269E+00 -3.0190042E+00 -1.0077797E+00
-2.2127191E+00 5.8105573E-01 -2.8877755E+00 -1.6880716E+00 -3.2980312E+00 -1.1049043E+00
-2.2139507E+00 5.8246179E-01 -2.9012156E+00 -1.6969327E+00 -3.2942600E+00 -1.1068878E+00
-2.3025418E+00 6.2859055E-01 -3.1325492E+00 -1.8528784E+00 -3.3661734E+00 -1.1113610E+00
-2.3537895E+00 6.9802222E-01 -3.3395508E+00 -1.9454047E+00 -3.4823861E+00 -1.0765421E+00
-2.3511239E+00 6.9984184E-01 -3.3597594E+00 -1.9651969E+00 -3.4579591E+00 -1.0594537E+00
-2.3623579E+00 7.2554300E-01 -3.4295663E+00 -1.9781775E+00 -3.5000000E+00 -1.0449915E+00
