-1.1592948E+00 1.8133998E-01 -1.3358520E+00 -9.7825742E-01 -1.5176200E+00 -8.0866477E-01
-1.1553025E+00 1.5628839E-01 -1.3073887E+00 -9.9972634E-01 -1.4707972E+00 -8.5713094E-01
-1.1562808E+00 1.4988636E-01 -1.3013630E+00 -1.0076441E+00 -1.4628039E+00 -8.7191627E-01
-1.1362682E+00 1.3135680E-01 -1.2550129E+00 -9.9784930E-01 -1.3958401E+00 -8.8197594E-01
-1.0735622E+00 1.6726064E-01 -1.2211904E+00 -8.9596736E-01 -1.4045871E+00 -7.5049684E-01
-9.9446972E-01 2.0489993E-01 -1.1527595E+00 -7.6873461E-01 -1.4204500E+00 -6.1530464E-01
-9.5499006E-01 2.2601823E-01 -1.1185889E+00 -6.9925112E-01 -1.4307050E+00 -5.4615900E-01
-9.4594259E-01 2.2750089E-01 -1.1077024E+00 -6.8810760E-01 -1.4272416E+00 -5.3865105E-01
-9.2718958E-01 2.3756665E-01 -1.0977153E+00 -6.5616402E-01 -1.4324090E+00 -4.9942665E-01
-9.1860323E-01 2.5480108E-01 -1.1124088E+00 -6.3459302E-01 -1.4558029E+00 -4.5339028E-01
-9.1532370E-01 2.5592108E-01 -1.1272147E+00 -6.3986890E-01 -1.4400223E+00 -4.2263411E-01
-9.4146600E-01 3.1557849E-01 -1.2274936E+00 -6.1512149E-01 -1.6049714E+00 -3.4861945E-01
-1.0052652E+00 4.1998399E-01 -1.3717245E+00 -5.5608176E-01 -1.8516221E+00 -1.9227550E-01
-1.1086960E+00 5.6165060E-01 -1.5650917E+00 -4.7834027E-01 -2.3238462E+00 -1.0639174E-01
-1.1788378E+00 6.3912122E-01 -1.6788447E+00 -4.2862496E-01 -2.5273113E+00 -3.5027549E-02
-1.1848714E+00 6.4093903E-01 -1.6871443E+00 -4.3164306E-01 -2.5385334E+00 -4.2264688E-02
-1.2665961E+00 7.0264149E-01 -1.7486733E+00 -3.5914859E-01 -2.6982016E+00 -8.7514950E-02
-1.3338634E+00 7.8144481E-01 -1.8256463E+00 -2.7014992E-01 -2.8561677E+00 -6.7207360E-02
-1.3355328E+00 7.8374453E-01 -1.8610893E+00 -3.0015850E-01 -2.8468844E+00 -5.7484505E-02
-1.3535713E+00 8.1187094E-01 -1.9366078E+00 -3.0183298E-01 -2.8960215E+00 -1.8119959E-02
