-1.0682538E+00 1.7283996E-01 -1.2388763E+00 -8.9865159E-01 -1.4198637E+00 -7.3599183E-01
-1.0668911E+00 1.4564359E-01 -1.2035951E+00 -9.1726343E-01 -1.3623412E+00 -7.8811987E-01
-1.0690108E+00 1.3980715E-01 -1.2012187E+00 -9.2560447E-01 -1.3516214E+00 -7.9899170E-01
-1.0573788E+00 1.2355421E-01 -1.1805762E+00 -9.3397453E-01 -1.3049752E+00 -8.2194597E-01
-1.0269850E+00 1.6546445E-01 -1.1753975E+00 -8.5404277E-01 -1.3746884E+00 -7.1938670E-01
-9.9869894E-01 1.9531475E-01 -1.1612211E+00 -7.8668724E-01 -1.3984553E+00 -6.2829390E-01
-9.8837618E-01 2.0769415E-01 -1.1568219E+00 -7.5846137E-01 -1.4107906E+00 -5.9859026E-01
-9.8631951E-01 2.0633819E-01 -1.1521302E+00 -7.5635198E-01 -1.4012378E+00 -6.0138783E-01
-9.8807284E-01 2.1112086E-01 -1.1643094E+00 -7.5384740E-01 -1.4136469E+00 -5.9117109E-01
-9.9026460E-01 2.2559269E-01 -1.1821778E+00 -7.3937985E-01 -1.4463933E+00 -5.6051051E-01
-1.0112553E+00 2.3445974E-01 -1.2280838E+00 -7.6108237E-01 -1.4927784E+00 -5.7949317E-01
-1.0733805E+00 3.2085202E-01 -1.3695378E+00 -7.4014718E-01 -1.7373305E+00 -4.6667638E-01
-1.1560401E+00 4.3713299E-01 -1.5466748E+00 -6.9718466E-01 -2.0277390E+00 -3.0299210E-01
-1.2591307E+00 5.7876546E-01 -1.7445319E+00 -6.1887696E-01 -2.4962764E+00 -2.0630873E-01
-1.3224890E+00 6.5493111E-01 -1.8536808E+00 -5.5984196E-01 -2.7206262E+00 -1.7967262E-01
-1.3271885E+00 6.5667862E-01 -1.8585102E+00 -5.5810340E-01 -2.6822374E+00 -1.4228865E-01
-1.3991586E+00 7.1315318E-01 -1.9141187E+00 -4.8120830E-01 -2.8399839E+00 -1.9473621E-01
-1.4566034E+00 7.8469878E-01 -1.9787056E+00 -3.8223729E-01 -3.0069446E+00 -1.7150867E-01
-1.4569529E+00 7.8573850E-01 -1.9854196E+00 -3.7863186E-01 -2.9894825E+00 -1.6262581E-01
-1.4730312E+00 8.1080616E-01 -2.0108015E+00 -3.4043276E-01 -3.0312008E+00 -1.2149414E-01
