-1.6336221E+00 1.9676952E-01 -1.8202786E+00 -1.4421854E+00 -2.0126275E+00 -1.2414083E+00
-1.5986636E+00 1.7188637E-01 -1.7540173E+00 -1.4231314E+00 -1.9345883E+00 -1.2548686E+00
-1.5914229E+00 1.6424561E-01 -1.7388303E+00 -1.4202057E+00 -1.9205182E+00 -1.2673152E+00
-1.4627314E+00 1.5306471E-01 -1.5905716E+00 -1.2967769E+00 -1.7793160E+00 -1.1706911E+00
-1.1696505E+00 1.9322268E-01 -1.3257748E+00 -9.5360100E-01 -1.5656097E+00 -8.0706568E-01
-8.9888709E-01 2.1748531E-01 -1.0657261E+00 -6.5017021E-01 -1.3589464E+00 -5.0606211E-01
-8.0154159E-01 2.2364013E-01 -9.7306081E-01 -5.4387173E-01 -1.2629938E+00 -3.9694507E-01
-8.0122838E-01 2.2099364E-01 -9.6534890E-01 -5.4514143E-01 -1.2614352E+00 -3.9873462E-01
-8.0022639E-01 2.2496923E-01 -9.7893453E-01 -5.5022603E-01 -1.2629908E+00 -3.7885426E-01
-8.1160184E-01 2.3912969E-01 -1.0113023E+00 -5.5139180E-01 -1.3019377E+00 -3.5900624E-01
-8.5538398E-01 2.4304410E-01 -1.0724732E+00 -5.9786592E-01 -1.3714794E+00 -4.0346704E-01
-9.5880987E-01 3.2490194E-01 -1.2736376E+00 -6.3758967E-01 -1.6164491E+00 -3.2741132E-01
-1.0516123E+00 4.4879628E-01 -1.4859027E+00 -6.0662974E-01 -1.9735933E+00 -1.9908042E-01
-1.1305512E+00 6.0115481E-01 -1.6692495E+00 -4.9148076E-01 -2.3269636E+00 3.7012408E-02
-1.1653377E+00 6.8067503E-01 -1.7399030E+00 -4.0390933E-01 -2.5375333E+00 1.1659419E-01
-1.1649360E+00 6.8228426E-01 -1.7361500E+00 -3.9851046E-01 -2.5453153E+00 1.1721127E-01
-1.2032285E+00 7.3586305E-01 -1.7023722E+00 -2.8042806E-01 -2.7148848E+00 4.9624643E-02
-1.2361479E+00 8.0071015E-01 -1.6761334E+00 -1.5506515E-01 -2.8389932E+00 1.2270407E-02
-1.2380796E+00 7.9703209E-01 -1.6560938E+00 -1.4495549E-01 -2.8143584E+00 -1.5614323E-02
-1.2485881E+00 8.1919697E-01 -1.6671997E+00 -1.0914557E-01 -2.8546316E+00 -1.8398108E-03
