-6.6275468E-01 1.6483223E-01 -8.2959159E-01 -4.9837420E-01 -9.8269746E-01 -3.4051158E-01
-6.8169872E-01 1.3850532E-01 -8.2081309E-01 -5.4353011E-01 -9.4987960E-01 -4.1043925E-01
-6.8347541E-01 1.3278226E-01 -8.1540810E-01 -5.4995823E-01 -9.4104967E-01 -4.2296679E-01
-7.5567252E-01 1.1359827E-01 -8.6931341E-01 -6.4366022E-01 -9.8133799E-01 -5.3552265E-01
-9.2757154E-01 1.5226845E-01 -1.0636826E+00 -7.7244973E-01 -1.2497126E+00 -6.4435153E-01
-1.0974890E+00 1.8385472E-01 -1.2550560E+00 -9.0201887E-01 -1.4882468E+00 -7.6461921E-01
-1.1665233E+00 1.9955282E-01 -1.3386381E+00 -9.4931589E-01 -1.5651565E+00 -7.8732786E-01
-1.1744599E+00 1.9969052E-01 -1.3442947E+00 -9.5618961E-01 -1.5801629E+00 -7.9910034E-01
-1.2000703E+00 2.1303900E-01 -1.3819463E+00 -9.6767778E-01 -1.6360688E+00 -7.9705081E-01
-1.2017988E+00 2.3153450E-01 -1.4026685E+00 -9.5098221E-01 -1.6739862E+00 -7.6297358E-01
-1.2339447E+00 2.4515275E-01 -1.4501265E+00 -9.6890493E-01 -1.7321046E+00 -7.6998550E-01
-1.3217256E+00 3.2738967E-01 -1.6222831E+00 -9.7897401E-01 -1.9917099E+00 -7.0708189E-01
-1.4269010E+00 4.4278140E-01 -1.8308763E+00 -9.5120077E-01 -2.3443833E+00 -6.0975280E-01
-1.5495789E+00 5.9118074E-01 -2.0674195E+00 -8.6654392E-01 -2.7684148E+00 -5.0095075E-01
-1.6157468E+00 6.7466819E-01 -2.1918623E+00 -7.7919432E-01 -2.9811471E+00 -4.5720706E-01
-1.6213747E+00 6.7556445E-01 -2.2091314E+00 -7.9367497E-01 -2.9516491E+00 -4.3138311E-01
-1.6734707E+00 7.4585786E-01 -2.3494935E+00 -7.4589566E-01 -3.0494304E+00 -3.4546583E-01
-1.7072872E+00 8.3026712E-01 -2.5042125E+00 -6.9072270E-01 -3.2969037E+00 -3.0178118E-01
-1.7063823E+00 8.2938474E-01 -2.4831122E+00 -6.7484205E-01 -3.3310648E+00 -3.4010830E-01
-1.7158947E+00 8.5629531E-01 -2.5132213E+00 -6.4400285E-01 -3.4088268E+00 -3.1469830E-01
