-1.3149780E+00 1.8274751E-01 -1.5021652E+00 -1.1396625E+00 -1.6729346E+00 -9.5674082E-01
-1.2971416E+00 1.6017293E-01 -1.4567401E+00 -1.1369692E+00 -1.6167549E+00 -9.9053115E-01
-1.2925052E+00 1.5473377E-01 -1.4458985E+00 -1.1375671E+00 -1.6068106E+00 -1.0001102E+00
-1.2331511E+00 1.4291174E-01 -1.3575717E+00 -1.0764660E+00 -1.5348566E+00 -9.7233043E-01
-1.0991399E+00 1.8747447E-01 -1.2568711E+00 -8.9602000E-01 -1.4913358E+00 -7.4771407E-01
-9.6811243E-01 2.2244596E-01 -1.1446057E+00 -7.2327229E-01 -1.4205247E+00 -5.4889157E-01
-9.1046729E-01 2.3587040E-01 -1.0932988E+00 -6.4341937E-01 -1.3901282E+00 -4.7450687E-01
-8.9649258E-01 2.3360896E-01 -1.0766172E+00 -6.3019194E-01 -1.3816788E+00 -4.6713133E-01
-8.6628388E-01 2.3764720E-01 -1.0546542E+00 -6.0030811E-01 -1.3957962E+00 -4.4945495E-01
-8.4970648E-01 2.5117323E-01 -1.0574063E+00 -5.7479158E-01 -1.3969118E+00 -4.0225551E-01
-8.3320725E-01 2.4903420E-01 -1.0518007E+00 -5.6692063E-01 -1.3567688E+00 -3.6985747E-01
-8.5479733E-01 3.1458531E-01 -1.1617004E+00 -5.4079413E-01 -1.4767562E+00 -2.4300932E-01
-9.2937059E-01 4.2603253E-01 -1.3277542E+00 -4.8351162E-01 -1.7880089E+00 -1.1332033E-01
-1.0502022E+00 5.7326803E-01 -1.5514308E+00 -4.0546326E-01 -2.1869802E+00 2.1879196E-02
-1.1295087E+00 6.5615053E-01 -1.6769023E+00 -3.6253531E-01 -2.4286382E+00 6.5190642E-02
-1.1353394E+00 6.5734659E-01 -1.6771936E+00 -3.5839274E-01 -2.4378090E+00 5.0006641E-02
-1.2223905E+00 7.2023530E-01 -1.7261983E+00 -2.9612493E-01 -2.6612073E+00 -1.7365031E-02
-1.2917345E+00 7.9884859E-01 -1.7374384E+00 -1.6007463E-01 -2.8551218E+00 -2.3966823E-02
-1.2925117E+00 7.9967477E-01 -1.7188038E+00 -1.4269738E-01 -2.8461866E+00 -3.1228874E-02
-1.3095319E+00 8.2407382E-01 -1.7238701E+00 -9.4312001E-02 -2.8749554E+00 -1.3457300E-02
