-1.0874635E+00 1.7116754E-01 -1.2579237E+00 -9.1598448E-01 -1.4227049E+00 -7.5303780E-01
-1.0789102E+00 1.4524938E-01 -1.2242543E+00 -9.3378921E-01 -1.3652547E+00 -7.9619727E-01
-1.0735108E+00 1.3938036E-01 -1.2117153E+00 -9.3478052E-01 -1.3508493E+00 -8.0319006E-01
-1.0555146E+00 1.1855597E-01 -1.1748043E+00 -9.3760292E-01 -1.2906654E+00 -8.2689921E-01
-1.0382052E+00 1.5752717E-01 -1.1835458E+00 -8.7064466E-01 -1.3614196E+00 -7.4646034E-01
-1.0495528E+00 1.8994133E-01 -1.2063596E+00 -8.4124755E-01 -1.4353021E+00 -6.8686475E-01
-1.0686070E+00 2.0652936E-01 -1.2395591E+00 -8.4250578E-01 -1.4914493E+00 -6.7887145E-01
-1.0779541E+00 2.0677941E-01 -1.2443507E+00 -8.4567143E-01 -1.5001073E+00 -6.8937309E-01
-1.1006958E+00 2.1864891E-01 -1.2781632E+00 -8.5796808E-01 -1.5422302E+00 -6.9211067E-01
-1.1098645E+00 2.3727500E-01 -1.3076434E+00 -8.4860002E-01 -1.5846450E+00 -6.6005990E-01
-1.1532560E+00 2.4947382E-01 -1.3734005E+00 -8.8698925E-01 -1.6459290E+00 -6.7483109E-01
-1.2564721E+00 3.4136954E-01 -1.5691405E+00 -9.0947464E-01 -1.9690974E+00 -6.0770305E-01
-1.3626615E+00 4.5710440E-01 -1.7540689E+00 -8.7863885E-01 -2.3309702E+00 -5.1179860E-01
-1.4670102E+00 5.8977930E-01 -1.9699538E+00 -8.0094963E-01 -2.6686910E+00 -3.7830405E-01
-1.5151051E+00 6.6614469E-01 -2.0767071E+00 -7.1661014E-01 -2.8373274E+00 -3.1367132E-01
-1.5172128E+00 6.6628428E-01 -2.0738921E+00 -7.1109225E-01 -2.8404201E+00 -3.2617596E-01
-1.5513509E+00 7.3635287E-01 -2.0998617E+00 -5.5931817E-01 -2.9758146E+00 -3.1158914E-01
-1.5730942E+00 8.2648835E-01 -2.1671370E+00 -3.9802355E-01 -3.1234826E+00 -1.8251202E-01
-1.5720051E+00 8.2769542E-01 -2.1884802E+00 -4.1153019E-01 -3.1042483E+00 -1.6484332E-01
-1.5771338E+00 8.5556641E-01 -2.2329634E+00 -3.9858855E-01 -3.1907548E+00 -1.3213426E-01
