-1.0585948E+00 1.7777290E-01 -1.2208300E+00 -8.7149374E-01 -1.4278682E+00 -7.2632540E-01
-1.0707729E+00 1.5406069E-01 -1.2086115E+00 -9.0882032E-01 -1.3938964E+00 -7.8544427E-01
-1.0753018E+00 1.4857545E-01 -1.2121253E+00 -9.2385487E-01 -1.3823099E+00 -7.9845533E-01
-1.1136161E+00 1.3307544E-01 -1.2278449E+00 -9.7226209E-01 -1.3826203E+00 -8.5827930E-01
-1.1758483E+00 1.8080987E-01 -1.3292629E+00 -9.7678883E-01 -1.5450150E+00 -8.3602061E-01
-1.1882759E+00 2.3696134E-01 -1.3590868E+00 -9.1665926E-01 -1.6839793E+00 -7.6274499E-01
-1.1619384E+00 2.6545233E-01 -1.3402537E+00 -8.5670670E-01 -1.7179279E+00 -6.9262047E-01
-1.1321867E+00 2.6713178E-01 -1.3076004E+00 -8.1948374E-01 -1.6842686E+00 -6.6008029E-01
-1.0691278E+00 2.7477057E-01 -1.2531106E+00 -7.4400146E-01 -1.6478094E+00 -5.8633697E-01
-1.0296248E+00 2.8682468E-01 -1.2410841E+00 -6.9864138E-01 -1.6365953E+00 -5.1439779E-01
-9.4820519E-01 2.7899206E-01 -1.1758800E+00 -6.3538935E-01 -1.5349018E+00 -4.3047150E-01
-8.5480319E-01 3.1996932E-01 -1.1539203E+00 -5.1754476E-01 -1.5033905E+00 -2.5171489E-01
-8.6173024E-01 4.1615567E-01 -1.2481470E+00 -4.3406286E-01 -1.6765237E+00 -3.7716088E-02
-9.6301244E-01 5.6741629E-01 -1.4322343E+00 -3.0331180E-01 -2.1021720E+00 1.0143142E-01
-1.0512444E+00 6.5911035E-01 -1.5898551E+00 -2.6504886E-01 -2.3604843E+00 1.5450896E-01
-1.0614078E+00 6.6182357E-01 -1.6004075E+00 -2.6722530E-01 -2.3728783E+00 1.4082571E-01
-1.1694741E+00 7.3702648E-01 -1.6863645E+00 -2.1637316E-01 -2.6379450E+00 4.9899083E-02
-1.2598069E+00 8.2510419E-01 -1.6937657E+00 -8.0955711E-02 -2.8702674E+00 2.4888590E-02
-1.2621419E+00 8.2437366E-01 -1.6643763E+00 -6.8105254E-02 -2.8550213E+00 -1.2163622E-03
-1.2831567E+00 8.5026343E-01 -1.6606794E+00 -3.4584826E-02 -2.9092662E+00 -8.4947248E-03
