-1.3416136E+00 1.9121255E-01 -1.5214789E+00 -1.1398313E+00 -1.7297845E+00 -9.8660817E-01
-1.3337596E+00 1.6689282E-01 -1.4841282E+00 -1.1554889E+00 -1.6780167E+00 -1.0257181E+00
-1.3378375E+00 1.6031999E-01 -1.4791866E+00 -1.1649424E+00 -1.6742670E+00 -1.0414781E+00
-1.2975231E+00 1.4611929E-01 -1.4179241E+00 -1.1391392E+00 -1.5954802E+00 -1.0248028E+00
-1.1520775E+00 1.8392185E-01 -1.3055627E+00 -9.4896173E-01 -1.5190415E+00 -8.0340553E-01
-9.4552777E-01 2.1473487E-01 -1.0999036E+00 -7.0954630E-01 -1.3904690E+00 -5.4626936E-01
-8.2771223E-01 2.2690875E-01 -9.8365325E-01 -5.7710753E-01 -1.3017251E+00 -4.0731205E-01
-7.8834319E-01 2.2871128E-01 -9.4392198E-01 -5.3129789E-01 -1.2521214E+00 -3.6783610E-01
-7.2031417E-01 2.3664419E-01 -8.9308110E-01 -4.5690300E-01 -1.1989466E+00 -2.8477629E-01
-6.8711476E-01 2.5021245E-01 -8.8213468E-01 -4.1295402E-01 -1.2008734E+00 -2.1729988E-01
-6.6600458E-01 2.4451134E-01 -8.7409179E-01 -4.0018410E-01 -1.1910716E+00 -2.1765399E-01
-7.2656236E-01 3.1156663E-01 -1.0359205E+00 -4.2219925E-01 -1.3526209E+00 -1.2206822E-01
-8.8531403E-01 4.3476597E-01 -1.3222440E+00 -4.5254257E-01 -1.7402870E+00 -3.9368553E-02
-1.1171861E+00 5.9284214E-01 -1.6884775E+00 -4.8357286E-01 -2.2950948E+00 1.4276640E-02
-1.2545332E+00 6.7786786E-01 -1.8744556E+00 -4.8135432E-01 -2.6135134E+00 -5.3289831E-03
-1.2614667E+00 6.8071138E-01 -1.8837402E+00 -4.8293198E-01 -2.6262156E+00 -2.2177177E-02
-1.3820934E+00 7.4310867E-01 -2.0122868E+00 -4.6380981E-01 -2.8786639E+00 -1.0113674E-01
-1.4762198E+00 8.1492812E-01 -2.1264346E+00 -4.0481860E-01 -3.0406504E+00 -5.8105686E-02
-1.4790822E+00 8.1367330E-01 -2.1247078E+00 -4.0788042E-01 -3.0312743E+00 -8.0421822E-02
-1.5027307E+00 8.3487904E-01 -2.1066191E+00 -3.3786630E-01 -3.0330783E+00 -3.8997608E-02
