-1.2745533E+00 1.6593079E-01 -1.4379493E+00 -1.1104983E+00 -1.6095007E+00 -9.5080955E-01
-1.2375995E+00 1.3717850E-01 -1.3723615E+00 -1.1003192E+00 -1.5100949E+00 -9.6923169E-01
-1.2275725E+00 1.3106426E-01 -1.3584456E+00 -1.0966218E+00 -1.4810746E+00 -9.6839766E-01
-1.1051879E+00 1.1048162E-01 -1.2150366E+00 -9.9470418E-01 -1.3250264E+00 -8.9247807E-01
-8.5835614E-01 1.4136557E-01 -9.9159859E-01 -7.1421024E-01 -1.1424988E+00 -5.8867374E-01
-6.8109546E-01 1.6101318E-01 -8.2381941E-01 -5.1304269E-01 -1.0156469E+00 -3.8115766E-01
-6.5532684E-01 1.6802052E-01 -8.0467258E-01 -4.7961999E-01 -9.8817729E-01 -3.3290001E-01
-6.8809951E-01 1.6423673E-01 -8.2481055E-01 -5.0936675E-01 -1.0137901E+00 -3.7442027E-01
-7.7254068E-01 1.7225049E-01 -9.2502270E-01 -5.9044827E-01 -1.1258601E+00 -4.4359402E-01
-8.2129436E-01 1.9114111E-01 -9.9371684E-01 -6.1852922E-01 -1.2026830E+00 -4.5016807E-01
-1.0363905E+00 2.1447604E-01 -1.2372201E+00 -8.1060689E-01 -1.4743046E+00 -6.3434803E-01
-1.4920770E+00 3.1487675E-01 -1.8032400E+00 -1.1813436E+00 -2.1309616E+00 -8.8261459E-01
-1.8964811E+00 4.1885759E-01 -2.3177758E+00 -1.4746277E+00 -2.7043048E+00 -1.0734524E+00
-2.2279773E+00 5.2832685E-01 -2.8298566E+00 -1.7549125E+00 -3.2148221E+00 -1.2064403E+00
-2.3456899E+00 5.8657295E-01 -3.0567361E+00 -1.8747696E+00 -3.4270021E+00 -1.2598804E+00
-2.3409614E+00 5.8727406E-01 -3.0548795E+00 -1.8774717E+00 -3.4124273E+00 -1.2452458E+00
-2.3802125E+00 6.3430199E-01 -3.2101056E+00 -1.9784010E+00 -3.4444642E+00 -1.1687685E+00
-2.3911984E+00 7.0519635E-01 -3.3749350E+00 -2.0387066E+00 -3.5000000E+00 -1.0614785E+00
-2.3866879E+00 7.0578089E-01 -3.3808230E+00 -2.0497827E+00 -3.4738207E+00 -1.0372711E+00
-2.3855863E+00 7.3199013E-01 -3.4432594E+00 -2.0498866E+00 -3.5000000E+00 -9.9945323E-01
