-9.6398553E-01 1.7017752E-01 -1.1342357E+00 -7.9385618E-01 -1.2975160E+00 -6.2937311E-01
-9.6194910E-01 1.4267905E-01 -1.1042976E+00 -8.1968216E-01 -1.2430821E+00 -6.8654213E-01
-9.5855427E-01 1.3678090E-01 -1.0946832E+00 -8.2096387E-01 -1.2293181E+00 -6.9858917E-01
-9.6086298E-01 1.2195006E-01 -1.0732919E+00 -8.3535409E-01 -1.2012498E+00 -7.2255201E-01
-9.8826213E-01 1.6802768E-01 -1.1347165E+00 -8.2069392E-01 -1.3099407E+00 -6.6326726E-01
-1.0362843E+00 2.1161498E-01 -1.1913613E+00 -8.1240173E-01 -1.4387458E+00 -6.5105534E-01
-1.0641609E+00 2.2995814E-01 -1.2224153E+00 -8.1510942E-01 -1.5149436E+00 -6.4861684E-01
-1.0731578E+00 2.2949059E-01 -1.2273376E+00 -8.1820597E-01 -1.5411823E+00 -6.6399132E-01
-1.0922843E+00 2.3875762E-01 -1.2500794E+00 -8.2199224E-01 -1.6029147E+00 -6.6614544E-01
-1.0969566E+00 2.5560414E-01 -1.2745701E+00 -8.0744851E-01 -1.6491723E+00 -6.3294892E-01
-1.1182884E+00 2.5901286E-01 -1.3246277E+00 -8.3019040E-01 -1.6491547E+00 -6.2549038E-01
-1.1752496E+00 3.2986123E-01 -1.4792066E+00 -8.2758615E-01 -1.8454951E+00 -5.5462573E-01
-1.2505262E+00 4.4098308E-01 -1.6352818E+00 -7.7642275E-01 -2.1845382E+00 -4.3441451E-01
-1.3440755E+00 5.8615977E-01 -1.8681247E+00 -6.9715691E-01 -2.5241137E+00 -2.3670598E-01
-1.3989865E+00 6.7140349E-01 -2.0016229E+00 -6.2880527E-01 -2.7199947E+00 -1.4491969E-01
-1.4032163E+00 6.7379768E-01 -2.0104102E+00 -6.2786908E-01 -2.7268357E+00 -1.4745740E-01
-1.4641645E+00 7.4594989E-01 -2.1156467E+00 -5.3159151E-01 -2.9132772E+00 -1.5647725E-01
-1.5120808E+00 8.3317879E-01 -2.2999405E+00 -4.9028586E-01 -3.0169133E+00 -3.6178738E-02
-1.5131002E+00 8.3429018E-01 -2.3166627E+00 -4.9809968E-01 -3.0021076E+00 -3.5518660E-02
-1.5251597E+00 8.6201234E-01 -2.3497358E+00 -1.4445696E-01 -3.0616109E+00 2.7766141E-03
