-1.2050103E+00 1.8318303E-01 -1.3705556E+00 -1.0164291E+00 -1.5953048E+00 -8.6509131E-01
-1.1784091E+00 1.5483644E-01 -1.3167587E+00 -1.0193515E+00 -1.5055089E+00 -8.9100699E-01
-1.1713147E+00 1.4577695E-01 -1.3027830E+00 -1.0214566E+00 -1.4769445E+00 -8.9769092E-01
-1.0831748E+00 1.2500051E-01 -1.1934942E+00 -9.5151067E-01 -1.3416679E+00 -8.5117562E-01
-9.0540376E-01 1.6153074E-01 -1.0547796E+00 -7.3580122E-01 -1.2359699E+00 -6.0431194E-01
-7.7486153E-01 1.8258560E-01 -9.3312784E-01 -5.7979626E-01 -1.1659048E+00 -4.4046440E-01
-7.4826492E-01 1.9140516E-01 -9.0635601E-01 -5.4299662E-01 -1.1360328E+00 -3.7928175E-01
-7.6138639E-01 1.8940429E-01 -9.1248894E-01 -5.5664245E-01 -1.1463147E+00 -4.0206538E-01
-7.9515131E-01 2.0060158E-01 -9.6229215E-01 -5.8129382E-01 -1.1985833E+00 -4.1232576E-01
-8.1473127E-01 2.2038225E-01 -1.0043537E+00 -5.8282155E-01 -1.2492970E+00 -3.8866989E-01
-9.0407680E-01 2.3793158E-01 -1.1254771E+00 -6.5676301E-01 -1.3713198E+00 -4.3880427E-01
-1.1148970E+00 3.2793354E-01 -1.4405145E+00 -7.8792944E-01 -1.7723545E+00 -4.9188955E-01
-1.3332235E+00 4.4722451E-01 -1.7510614E+00 -8.5940352E-01 -2.2515606E+00 -4.9559815E-01
-1.5531463E+00 5.9959362E-01 -2.1277033E+00 -9.0811871E-01 -2.7370647E+00 -4.1443911E-01
-1.6552530E+00 6.8476881E-01 -2.3780163E+00 -9.3767766E-01 -2.9650437E+00 -3.6509470E-01
-1.6581506E+00 6.8713271E-01 -2.3832757E+00 -9.3904851E-01 -2.9715326E+00 -3.5980209E-01
-1.7313300E+00 7.5663369E-01 -2.5573254E+00 -8.9840466E-01 -3.1135016E+00 -3.5446163E-01
-1.7825256E+00 8.3683082E-01 -2.7623669E+00 -9.0279124E-01 -3.2502240E+00 -2.6620980E-01
-1.7820246E+00 8.3873649E-01 -2.7634131E+00 -9.0090760E-01 -3.2787226E+00 -2.5883233E-01
-1.7947577E+00 8.6233098E-01 -2.7553079E+00 -8.2934303E-01 -3.3324470E+00 -2.4446752E-01
