-1.1792711E+00 1.7773753E-01 -1.3557349E+00 -1.0016619E+00 -1.5291360E+00 -8.3657879E-01
-1.1820071E+00 1.5324453E-01 -1.3349361E+00 -1.0299608E+00 -1.4862071E+00 -8.8680870E-01
-1.1851410E+00 1.4752759E-01 -1.3256047E+00 -1.0321009E+00 -1.4787133E+00 -9.0276155E-01
-1.1912078E+00 1.3940548E-01 -1.3136229E+00 -1.0422997E+00 -1.4730100E+00 -9.2524910E-01
-1.1846941E+00 1.9115357E-01 -1.3435426E+00 -9.7172537E-01 -1.5668894E+00 -8.2649879E-01
-1.1464884E+00 2.3216825E-01 -1.3265705E+00 -8.8540640E-01 -1.6284706E+00 -7.1523414E-01
-1.1108913E+00 2.4779289E-01 -1.2946491E+00 -8.2630142E-01 -1.6263982E+00 -6.6431934E-01
-1.0943371E+00 2.4798067E-01 -1.2716080E+00 -8.0610861E-01 -1.6117907E+00 -6.5572470E-01
-1.0552563E+00 2.5379624E-01 -1.2442449E+00 -7.6272395E-01 -1.5844712E+00 -5.9293234E-01
-1.0362987E+00 2.6704421E-01 -1.2411403E+00 -7.3299612E-01 -1.5917405E+00 -5.4348518E-01
-9.7417099E-01 2.6428436E-01 -1.1934605E+00 -6.8229734E-01 -1.5072502E+00 -4.7701332E-01
-8.7044558E-01 3.2179473E-01 -1.1649672E+00 -5.3583000E-01 -1.5386565E+00 -2.6835767E-01
-8.1180066E-01 4.1171634E-01 -1.1793880E+00 -3.6744002E-01 -1.6349167E+00 -3.1329689E-02
-8.0998764E-01 5.2049109E-01 -1.2275015E+00 -2.1659882E-01 -1.8598798E+00 1.5616915E-01
-8.4394955E-01 5.7644216E-01 -1.2656525E+00 -1.6091007E-01 -2.0107060E+00 1.9623398E-01
-8.5120027E-01 5.7482597E-01 -1.2680837E+00 -1.6887236E-01 -2.0141188E+00 1.7377922E-01
-9.2803051E-01 6.1024344E-01 -1.2746481E+00 -1.5046570E-01 -2.1614844E+00 6.8112348E-02
-1.0009471E+00 6.7526677E-01 -1.3179499E+00 -9.6639817E-02 -2.3467249E+00 1.6822854E-02
-1.0055417E+00 6.7658679E-01 -1.3206431E+00 -9.2961461E-02 -2.3384223E+00 9.5280131E-03
-1.0265221E+00 7.0190260E-01 -1.3175806E+00 -3.2462412E-02 -2.3797138E+00 3.4691738E-03
