-1.2838915E+00 1.9082027E-01 -1.4565183E+00 -1.0833513E+00 -1.6771220E+00 -9.2577097E-01
-1.2678248E+00 1.6537932E-01 -1.4149020E+00 -1.0950239E+00 -1.5961818E+00 -9.4936926E-01
-1.2611987E+00 1.5912094E-01 -1.4009296E+00 -1.0936737E+00 -1.5788797E+00 -9.5516316E-01
-1.2145216E+00 1.4503917E-01 -1.3348881E+00 -1.0554810E+00 -1.5103330E+00 -9.3838042E-01
-1.1337494E+00 1.8475965E-01 -1.2964011E+00 -9.2891199E-01 -1.5189756E+00 -7.9741657E-01
-1.0808176E+00 2.1789221E-01 -1.2672733E+00 -8.3952358E-01 -1.5213220E+00 -6.7466082E-01
-1.0678423E+00 2.3120760E-01 -1.2565205E+00 -8.1156828E-01 -1.5460474E+00 -6.4111732E-01
-1.0691290E+00 2.3030929E-01 -1.2580701E+00 -8.1393575E-01 -1.5420854E+00 -6.4258539E-01
-1.0579251E+00 2.3754397E-01 -1.2505869E+00 -7.8788529E-01 -1.5371486E+00 -6.1794385E-01
-1.0518593E+00 2.5214361E-01 -1.2605521E+00 -7.6890348E-01 -1.5619175E+00 -5.8187522E-01
-1.0156989E+00 2.6143040E-01 -1.2393511E+00 -7.2757825E-01 -1.5745280E+00 -5.4255528E-01
-9.4445171E-01 3.3587332E-01 -1.2816224E+00 -6.1027861E-01 -1.6153169E+00 -2.9661304E-01
-8.9672662E-01 4.2756820E-01 -1.2921278E+00 -4.5312756E-01 -1.7827510E+00 -9.0430762E-02
-8.8728793E-01 5.3052432E-01 -1.3185886E+00 -2.9700029E-01 -1.9735431E+00 1.1431040E-01
-9.0957872E-01 5.8769271E-01 -1.3367349E+00 -2.2367610E-01 -2.1297107E+00 1.5181800E-01
-9.1705466E-01 5.8768235E-01 -1.3299162E+00 -2.1935080E-01 -2.1404065E+00 1.3522151E-01
-9.7863540E-01 6.3611545E-01 -1.3464841E+00 -1.9225550E-01 -2.3137493E+00 5.1767466E-02
-1.0379688E+00 7.0935319E-01 -1.4059133E+00 -1.3454616E-01 -2.4868966E+00 3.0958706E-02
-1.0422319E+00 7.0855954E-01 -1.3854189E+00 -1.2020913E-01 -2.4759908E+00 5.4209232E-03
-1.0612052E+00 7.3423830E-01 -1.3818869E+00 -6.4991057E-02 -2.5214894E+00 8.0780094E-03
