-1.0368713E+00 1.6731064E-01 -1.2063590E+00 -8.6688252E-01 -1.3624833E+00 -7.1329767E-01
-1.0490121E+00 1.4429192E-01 -1.1939323E+00 -9.0436545E-01 -1.3393292E+00 -7.6931497E-01
-1.0580423E+00 1.3968069E-01 -1.1970949E+00 -9.1758210E-01 -1.3389287E+00 -7.8332121E-01
-1.0786521E+00 1.2397158E-01 -1.1979920E+00 -9.4672365E-01 -1.3219717E+00 -8.4635319E-01
-1.0823096E+00 1.6908796E-01 -1.2208033E+00 -9.0156885E-01 -1.4245689E+00 -7.6260877E-01
-1.0414601E+00 2.1199192E-01 -1.1940376E+00 -8.1106754E-01 -1.4837669E+00 -6.4922322E-01
-1.0068813E+00 2.3315900E-01 -1.1674176E+00 -7.4863782E-01 -1.5111028E+00 -5.7959691E-01
-9.9429462E-01 2.3382477E-01 -1.1516878E+00 -7.3181087E-01 -1.5023545E+00 -5.7709926E-01
-9.8447155E-01 2.3769864E-01 -1.1513802E+00 -7.1436115E-01 -1.4826142E+00 -5.6071172E-01
-9.8176988E-01 2.4960930E-01 -1.1669100E+00 -6.9810178E-01 -1.4787590E+00 -5.1523426E-01
-1.0083538E+00 2.4297061E-01 -1.2211490E+00 -7.5149568E-01 -1.4956512E+00 -5.4067065E-01
-1.0904102E+00 3.2234118E-01 -1.3891961E+00 -7.5292661E-01 -1.7451889E+00 -4.8523959E-01
-1.1884590E+00 4.5005120E-01 -1.5952580E+00 -7.0437823E-01 -2.1083230E+00 -3.4120091E-01
-1.2948091E+00 5.9546696E-01 -1.8632938E+00 -6.5694733E-01 -2.5125624E+00 -2.0097029E-01
-1.3527852E+00 6.7199271E-01 -1.9980305E+00 -6.1606914E-01 -2.6742964E+00 -1.0230530E-01
-1.3568942E+00 6.7213949E-01 -1.9981113E+00 -6.1436921E-01 -2.6789407E+00 -1.1020794E-01
-1.4142239E+00 7.3536804E-01 -2.0369350E+00 -4.9942473E-01 -2.8060150E+00 -8.1317155E-02
-1.4605389E+00 8.1614888E-01 -2.0678579E+00 -3.4312040E-01 -3.0079730E+00 -4.3282723E-02
-1.4612511E+00 8.1561921E-01 -2.0784981E+00 -3.5389668E-01 -2.9708799E+00 -2.5378487E-02
-1.4733483E+00 8.4255912E-01 -2.1075055E+00 -2.5505887E-02 -3.0434977E+00 -1.4752652E-02
