-1.2563432E+00 1.7157905E-01 -1.4269855E+00 -1.0847512E+00 -1.5953498E+00 -9.2132428E-01
-1.2200283E+00 1.4532509E-01 -1.3683345E+00 -1.0807350E+00 -1.5066516E+00 -9.3615346E-01
-1.2015148E+00 1.3870929E-01 -1.3382450E+00 -1.0636927E+00 -1.4749069E+00 -9.2959774E-01
-1.1143019E+00 1.2698486E-01 -1.2295486E+00 -9.8112545E-01 -1.3785411E+00 -8.7651784E-01
-9.8340462E-01 1.7135351E-01 -1.1359138E+00 -8.0456821E-01 -1.3448441E+00 -6.6543504E-01
-9.3160745E-01 2.0175065E-01 -1.1013665E+00 -7.1315725E-01 -1.3432331E+00 -5.4399501E-01
-9.4349747E-01 2.1471570E-01 -1.1064069E+00 -7.0395930E-01 -1.3871365E+00 -5.4091894E-01
-9.6121979E-01 2.1526430E-01 -1.1267930E+00 -7.2328830E-01 -1.4038428E+00 -5.6208935E-01
-9.8883418E-01 2.2655909E-01 -1.1680951E+00 -7.4280443E-01 -1.4416425E+00 -5.6315937E-01
-1.0021924E+00 2.4629557E-01 -1.2016828E+00 -7.3795244E-01 -1.4989829E+00 -5.3755207E-01
-1.0412368E+00 2.5122840E-01 -1.2580369E+00 -7.7133638E-01 -1.5392459E+00 -5.5892559E-01
-1.1281509E+00 3.2022782E-01 -1.4283630E+00 -7.9183152E-01 -1.7811344E+00 -5.4005469E-01
-1.2220277E+00 4.3920460E-01 -1.6182042E+00 -7.4183217E-01 -2.1228538E+00 -4.2884090E-01
-1.3304318E+00 6.0128818E-01 -1.8315821E+00 -6.2052756E-01 -2.5432678E+00 -2.5895310E-01
-1.3915053E+00 6.9455835E-01 -1.9546563E+00 -5.2789525E-01 -2.7753841E+00 -1.8917834E-01
-1.3952680E+00 6.9986269E-01 -1.9624169E+00 -5.2067572E-01 -2.7783332E+00 -1.8188755E-01
-1.4564444E+00 7.7367137E-01 -2.0410292E+00 -4.0948103E-01 -2.9350547E+00 -1.6934806E-01
-1.5046314E+00 8.5477385E-01 -2.1391948E+00 -2.5145159E-01 -3.0821570E+00 -9.2266398E-02
-1.5058981E+00 8.5498418E-01 -2.1034591E+00 -2.3054792E-01 -3.0669958E+00 -1.0191598E-01
-1.5181548E+00 8.8324206E-01 -2.0889767E+00 -1.8582490E-01 -3.1211263E+00 -5.6004499E-02
