-8.4225638E-01 1.6885126E-01 -1.0123656E+00 -6.7135608E-01 -1.1709768E+00 -5.1588997E-01
-8.4580587E-01 1.4239354E-01 -9.8125341E-01 -6.9481318E-01 -1.1253925E+00 -5.7357849E-01
-8.4484896E-01 1.3560366E-01 -9.7221492E-01 -7.0178106E-01 -1.1158748E+00 -5.8680008E-01
-8.7152212E-01 1.1696916E-01 -9.8452022E-01 -7.5573184E-01 -1.1105297E+00 -6.5189040E-01
-9.3677189E-01 1.5725015E-01 -1.0832820E+00 -7.7583767E-01 -1.2616124E+00 -6.3893625E-01
-1.0013706E+00 1.8835549E-01 -1.1592551E+00 -7.9562750E-01 -1.3772362E+00 -6.4829039E-01
-1.0278011E+00 2.0243563E-01 -1.1964482E+00 -8.0431483E-01 -1.4273149E+00 -6.4779495E-01
-1.0297901E+00 2.0275863E-01 -1.1990350E+00 -8.0528864E-01 -1.4279735E+00 -6.5076901E-01
-1.0408785E+00 2.1189368E-01 -1.2260581E+00 -8.1509937E-01 -1.4626653E+00 -6.3139816E-01
-1.0404649E+00 2.2947857E-01 -1.2419449E+00 -7.9605056E-01 -1.5026348E+00 -5.9898100E-01
-1.0665198E+00 2.3843535E-01 -1.3036082E+00 -8.3225949E-01 -1.5526174E+00 -6.1395954E-01
-1.1434961E+00 3.2288981E-01 -1.4649172E+00 -8.2229064E-01 -1.7844158E+00 -5.2484454E-01
-1.2491794E+00 4.4111021E-01 -1.6882421E+00 -8.1625133E-01 -2.1344847E+00 -3.9336989E-01
-1.3866680E+00 5.8475146E-01 -1.9777239E+00 -7.9142079E-01 -2.5533036E+00 -2.8401331E-01
-1.4690438E+00 6.6538309E-01 -2.1132496E+00 -7.3453672E-01 -2.7860647E+00 -2.5904351E-01
-1.4738510E+00 6.6809357E-01 -2.1166661E+00 -7.2926408E-01 -2.7937183E+00 -2.6262103E-01
-1.5586712E+00 7.3265181E-01 -2.2020465E+00 -6.3941146E-01 -2.9364698E+00 -2.6491631E-01
-1.6274406E+00 8.1217656E-01 -2.2596884E+00 -4.9793033E-01 -3.1441108E+00 -2.4533396E-01
-1.6298718E+00 8.1222609E-01 -2.2679562E+00 -5.0886798E-01 -3.1483018E+00 -2.5217394E-01
-1.6478686E+00 8.3907604E-01 -2.3205943E+00 -5.0343348E-01 -3.2248704E+00 -2.2507766E-01
