-1.2723550E+00 1.7140264E-01 -1.4374384E+00 -1.1043717E+00 -1.6194694E+00 -9.4470099E-01
-1.2519475E+00 1.4829494E-01 -1.3897783E+00 -1.0998263E+00 -1.5544517E+00 -9.7400051E-01
-1.2471823E+00 1.4161856E-01 -1.3774916E+00 -1.1010004E+00 -1.5401356E+00 -9.8110204E-01
-1.1738747E+00 1.2429495E-01 -1.2874411E+00 -1.0431022E+00 -1.4319332E+00 -9.4082264E-01
-1.0160689E+00 1.5694300E-01 -1.1595142E+00 -8.4907443E-01 -1.3243935E+00 -7.1329878E-01
-8.8537209E-01 1.7613914E-01 -1.0329223E+00 -6.9322730E-01 -1.2615760E+00 -5.6703521E-01
-8.4867655E-01 1.8622335E-01 -1.0077459E+00 -6.4960805E-01 -1.2169585E+00 -4.9345446E-01
-8.5478386E-01 1.8755619E-01 -1.0080984E+00 -6.4894235E-01 -1.2260405E+00 -5.0128285E-01
-8.7384425E-01 2.0102491E-01 -1.0406938E+00 -6.5514713E-01 -1.2782900E+00 -4.8999067E-01
-8.8787173E-01 2.2152958E-01 -1.0740927E+00 -6.4690315E-01 -1.3251780E+00 -4.6202340E-01
-9.5252760E-01 2.3832967E-01 -1.1622735E+00 -6.9811686E-01 -1.4571679E+00 -5.1464357E-01
-1.1097476E+00 3.2699654E-01 -1.4174194E+00 -7.7101624E-01 -1.7760032E+00 -4.8968747E-01
-1.2834484E+00 4.4097551E-01 -1.7156323E+00 -8.3973392E-01 -2.1743226E+00 -4.4504631E-01
-1.4719953E+00 5.7920318E-01 -2.0281411E+00 -8.5656977E-01 -2.6381898E+00 -3.8620795E-01
-1.5697519E+00 6.5669037E-01 -2.1919454E+00 -8.2899847E-01 -2.8693891E+00 -3.8966199E-01
-1.5744274E+00 6.5827725E-01 -2.1961096E+00 -8.2806555E-01 -2.8730121E+00 -3.9322034E-01
-1.6582119E+00 7.2050761E-01 -2.3130815E+00 -7.5941221E-01 -3.0420739E+00 -4.0757891E-01
-1.7208272E+00 8.0212909E-01 -2.4603341E+00 -7.0372035E-01 -3.2332177E+00 -3.3882418E-01
-1.7206417E+00 8.0329663E-01 -2.4640060E+00 -7.0483158E-01 -3.2371421E+00 -3.3949693E-01
-1.7356972E+00 8.3201972E-01 -2.5200521E+00 -6.9978362E-01 -3.3042523E+00 -2.9708581E-01
