-1.1016621E+00 1.8686037E-01 -1.2866634E+00 -9.1564982E-01 -1.4729623E+00 -7.4032345E-01
-1.1020740E+00 1.6291404E-01 -1.2538023E+00 -9.3272119E-01 -1.4357287E+00 -7.9293674E-01
-1.1039508E+00 1.5863144E-01 -1.2490065E+00 -9.3602075E-01 -1.4310889E+00 -8.0657318E-01
-1.1091471E+00 1.4167611E-01 -1.2387423E+00 -9.6150616E-01 -1.4021572E+00 -8.4798361E-01
-1.1034365E+00 1.8005727E-01 -1.2567647E+00 -9.0958855E-01 -1.4650744E+00 -7.6118855E-01
-1.0631489E+00 2.1816003E-01 -1.2406896E+00 -8.2866594E-01 -1.4980947E+00 -6.5408024E-01
-1.0202253E+00 2.3640279E-01 -1.2069767E+00 -7.6225020E-01 -1.4976233E+00 -5.8018923E-01
-9.9138405E-01 2.3727854E-01 -1.1731419E+00 -7.2660931E-01 -1.4730402E+00 -5.5618693E-01
-9.3180617E-01 2.4707571E-01 -1.1191119E+00 -6.5151610E-01 -1.4458755E+00 -4.8312526E-01
-8.9544920E-01 2.6256777E-01 -1.0987953E+00 -6.0160378E-01 -1.4461119E+00 -4.1130443E-01
-8.2734567E-01 2.6326723E-01 -1.0526339E+00 -5.4393975E-01 -1.3560054E+00 -3.2560806E-01
-7.6095771E-01 3.1802743E-01 -1.0731040E+00 -4.4429903E-01 -1.4097541E+00 -1.5360080E-01
-7.9028506E-01 4.1302955E-01 -1.1680215E+00 -3.5671768E-01 -1.6513694E+00 -1.0921432E-02
-9.1196235E-01 5.5001418E-01 -1.3687093E+00 -2.9210153E-01 -2.0391547E+00 1.1136239E-01
-1.0165710E+00 6.3167627E-01 -1.4833302E+00 -2.4021901E-01 -2.3174737E+00 9.6110677E-02
-1.0288789E+00 6.3464033E-01 -1.4975178E+00 -2.4394025E-01 -2.3343973E+00 8.3471505E-02
-1.1684440E+00 6.9921967E-01 -1.6140665E+00 -2.4026077E-01 -2.5936339E+00 -2.2732204E-02
-1.2843570E+00 7.7650489E-01 -1.7455832E+00 -2.0857121E-01 -2.8110461E+00 -2.7546603E-02
-1.2879583E+00 7.7527981E-01 -1.7237520E+00 -1.9173412E-01 -2.7781467E+00 -3.1783337E-02
-1.3179317E+00 8.0042487E-01 -1.7609595E+00 -1.7458542E-01 -2.8515448E+00 -3.2763297E-02
