-1.3997277E+00 1.8319377E-01 -1.5713782E+00 -1.2083685E+00 -1.7715347E+00 -1.0573029E+00
-1.3768667E+00 1.5663028E-01 -1.5215366E+00 -1.2116089E+00 -1.6969167E+00 -1.0869883E+00
-1.3740065E+00 1.5085656E-01 -1.5116055E+00 -1.2161440E+00 -1.6856339E+00 -1.0954920E+00
-1.2858932E+00 1.3302960E-01 -1.4030263E+00 -1.1443525E+00 -1.5697696E+00 -1.0422423E+00
-1.0787938E+00 1.6701441E-01 -1.2265387E+00 -8.9791184E-01 -1.4254724E+00 -7.6835010E-01
-8.7807076E-01 1.9521887E-01 -1.0415982E+00 -6.6135537E-01 -1.3059138E+00 -5.2929936E-01
-8.0236795E-01 2.0997391E-01 -9.6729954E-01 -5.6817418E-01 -1.2396404E+00 -4.0918152E-01
-7.9724246E-01 2.0991945E-01 -9.5653630E-01 -5.6179353E-01 -1.2384380E+00 -4.0968333E-01
-7.9182883E-01 2.1754127E-01 -9.6527631E-01 -5.4858224E-01 -1.2399771E+00 -3.8608776E-01
-7.9565475E-01 2.3397348E-01 -9.8850628E-01 -5.3056169E-01 -1.2712919E+00 -3.5944980E-01
-8.4434851E-01 2.3922128E-01 -1.0664676E+00 -5.8463979E-01 -1.3276728E+00 -3.9978985E-01
-9.8374773E-01 3.2200139E-01 -1.3052799E+00 -6.6003143E-01 -1.6265253E+00 -3.6897480E-01
-1.1454613E+00 4.4224509E-01 -1.5675896E+00 -6.9480164E-01 -2.0353366E+00 -2.8088488E-01
-1.3191691E+00 5.9467976E-01 -1.8670303E+00 -6.8201224E-01 -2.5385703E+00 -1.9939699E-01
-1.4083143E+00 6.7907199E-01 -2.0257021E+00 -6.4108424E-01 -2.7987293E+00 -1.9413793E-01
-1.4121013E+00 6.8153322E-01 -2.0290119E+00 -6.3468900E-01 -2.8061147E+00 -2.0082617E-01
-1.4913478E+00 7.4360688E-01 -2.1106893E+00 -5.4868029E-01 -2.9268678E+00 -2.0546561E-01
-1.5493056E+00 8.2159863E-01 -2.1730838E+00 -4.2320474E-01 -3.0902489E+00 -1.6687677E-01
-1.5475607E+00 8.2197791E-01 -2.1639776E+00 -4.1434953E-01 -3.0814939E+00 -1.6716390E-01
-1.5600381E+00 8.4955573E-01 -2.2026401E+00 -3.8886513E-01 -3.1399198E+00 -1.2919117E-01
