-9.8591969E-01 1.7998850E-01 -1.1629009E+00 -8.0790272E-01 -1.3557239E+00 -6.4509715E-01
-9.9885988E-01 1.5148514E-01 -1.1382161E+00 -8.4154259E-01 -1.3172244E+00 -7.1656904E-01
-1.0083617E+00 1.4339695E-01 -1.1413501E+00 -8.6152775E-01 -1.3021967E+00 -7.3500232E-01
-1.0420096E+00 1.2701400E-01 -1.1509354E+00 -9.0463266E-01 -1.2978993E+00 -7.9888507E-01
-1.0811923E+00 1.7813748E-01 -1.2246402E+00 -8.9104515E-01 -1.4418382E+00 -7.3425751E-01
-1.0719131E+00 2.1350182E-01 -1.2315628E+00 -8.4185582E-01 -1.5284588E+00 -6.6609287E-01
-1.0460116E+00 2.2593851E-01 -1.2108893E+00 -7.9175662E-01 -1.5280015E+00 -6.3680791E-01
-1.0307483E+00 2.2545568E-01 -1.1945738E+00 -7.7504611E-01 -1.5142145E+00 -6.2651282E-01
-1.0131367E+00 2.3439400E-01 -1.1969223E+00 -7.5382824E-01 -1.5028442E+00 -5.7852840E-01
-1.0045371E+00 2.4959433E-01 -1.2115604E+00 -7.3337364E-01 -1.5127759E+00 -5.3059681E-01
-1.0083320E+00 2.5449751E-01 -1.2374855E+00 -7.4553630E-01 -1.5652740E+00 -5.4456830E-01
-1.0477678E+00 3.2403581E-01 -1.3717025E+00 -7.2166410E-01 -1.6941371E+00 -4.3407394E-01
-1.1176790E+00 4.3229726E-01 -1.5160585E+00 -6.7374443E-01 -2.0232853E+00 -3.0682547E-01
-1.2144765E+00 5.7965327E-01 -1.7000112E+00 -5.5990551E-01 -2.3878476E+00 -1.4503341E-01
-1.2737461E+00 6.6707948E-01 -1.8224264E+00 -4.9481134E-01 -2.6169038E+00 -5.8306605E-02
-1.2787758E+00 6.7018161E-01 -1.8284863E+00 -4.9206623E-01 -2.6221046E+00 -5.8137482E-02
-1.3361847E+00 7.4349225E-01 -1.8831017E+00 -3.8509774E-01 -2.7987812E+00 -5.2861351E-02
-1.3796076E+00 8.3011637E-01 -1.9381268E+00 -2.4398865E-01 -2.9599895E+00 2.0913854E-02
-1.3792577E+00 8.2945727E-01 -1.9294091E+00 -2.3793500E-01 -2.9587185E+00 -5.8271207E-03
-1.3911386E+00 8.5672722E-01 -1.9030241E+00 -2.6705301E-02 -2.9960844E+00 -8.0793413E-03
