-1.3251219E+00 1.7433139E-01 -1.4959911E+00 -1.1514961E+00 -1.6728457E+00 -9.8551843E-01
-1.2946250E+00 1.4844487E-01 -1.4386836E+00 -1.1457107E+00 -1.5980126E+00 -1.0125250E+00
-1.2878499E+00 1.4110229E-01 -1.4251467E+00 -1.1482148E+00 -1.5780735E+00 -1.0169534E+00
-1.1823765E+00 1.2193181E-01 -1.3033578E+00 -1.0618674E+00 -1.4314007E+00 -9.5070352E-01
-9.4533915E-01 1.5945458E-01 -1.0900738E+00 -7.7793491E-01 -1.2621928E+00 -6.3547731E-01
-7.3416390E-01 1.9315954E-01 -8.7652327E-01 -5.3380206E-01 -1.1128437E+00 -3.7166766E-01
-6.6595723E-01 2.0454724E-01 -8.0748549E-01 -4.5739828E-01 -1.0591584E+00 -2.8717772E-01
-6.7242270E-01 1.9918431E-01 -8.1242192E-01 -4.6571210E-01 -1.0539107E+00 -3.0302950E-01
-6.9512605E-01 1.9955603E-01 -8.5261430E-01 -4.8553332E-01 -1.0784950E+00 -3.2174012E-01
-7.1416787E-01 2.1128526E-01 -8.9335202E-01 -4.9157361E-01 -1.1193279E+00 -3.0901949E-01
-8.2161914E-01 2.1444917E-01 -1.0259796E+00 -5.9713112E-01 -1.2576766E+00 -4.1633472E-01
-1.0802113E+00 3.1775478E-01 -1.3853099E+00 -7.5626032E-01 -1.7188802E+00 -4.7147939E-01
-1.3437959E+00 4.5668716E-01 -1.8022828E+00 -8.7952779E-01 -2.2396811E+00 -4.6481791E-01
-1.6013319E+00 6.0952918E-01 -2.2298218E+00 -9.8078722E-01 -2.7692265E+00 -3.9206513E-01
-1.7188097E+00 6.8667093E-01 -2.4416777E+00 -1.0102634E+00 -3.0131562E+00 -3.9014824E-01
-1.7203033E+00 6.8637842E-01 -2.4424171E+00 -1.0084879E+00 -3.0147206E+00 -3.9867770E-01
-1.8010454E+00 7.4110666E-01 -2.6147970E+00 -9.9992215E-01 -3.1805288E+00 -4.6312523E-01
-1.8586408E+00 8.1522569E-01 -2.7666216E+00 -9.5039818E-01 -3.3643653E+00 -4.6267703E-01
-1.8593318E+00 8.1621943E-01 -2.7664691E+00 -9.4870293E-01 -3.3627994E+00 -4.7128141E-01
-1.8729334E+00 8.4020773E-01 -2.8062119E+00 -9.3234916E-01 -3.4430492E+00 -4.6102635E-01
