-1.5105518E+00 1.6690531E-01 -1.6774063E+00 -1.3454690E+00 -1.8375239E+00 -1.1879274E+00
-1.4521855E+00 1.4061945E-01 -1.5919406E+00 -1.3128565E+00 -1.7328471E+00 -1.1833297E+00
-1.4319730E+00 1.3498181E-01 -1.5655914E+00 -1.2982649E+00 -1.7026028E+00 -1.1713096E+00
-1.2426639E+00 1.2061818E-01 -1.3513658E+00 -1.1126890E+00 -1.4882056E+00 -1.0159870E+00
-8.8312498E-01 1.5694597E-01 -1.0188152E+00 -7.2052552E-01 -1.1966153E+00 -5.7502471E-01
-6.3733812E-01 1.7812984E-01 -7.8346509E-01 -4.5562909E-01 -9.9060401E-01 -2.8828097E-01
-5.9413418E-01 1.8319031E-01 -7.3953943E-01 -4.0217051E-01 -9.6579838E-01 -2.4140019E-01
-6.2692297E-01 1.7898502E-01 -7.6749827E-01 -4.3958991E-01 -9.8801161E-01 -2.7905877E-01
-6.9514460E-01 1.8269810E-01 -8.4801108E-01 -5.0543985E-01 -1.0551694E+00 -3.3661998E-01
-7.3719296E-01 1.9853424E-01 -9.0943542E-01 -5.3050957E-01 -1.1357518E+00 -3.5068430E-01
-8.9956209E-01 2.1785341E-01 -1.1072585E+00 -6.7491518E-01 -1.3382563E+00 -4.8495801E-01
-1.2387622E+00 3.3018509E-01 -1.5735567E+00 -9.0975776E-01 -1.8844883E+00 -6.0183338E-01
-1.5412702E+00 4.5575474E-01 -1.9797763E+00 -1.0656464E+00 -2.4383618E+00 -6.6147157E-01
-1.8031849E+00 5.8665389E-01 -2.4095811E+00 -1.1966854E+00 -2.9331629E+00 -6.9360075E-01
-1.9066097E+00 6.5627893E-01 -2.5962356E+00 -1.2085000E+00 -3.1256592E+00 -6.6752162E-01
-1.9037229E+00 6.5765766E-01 -2.5953382E+00 -1.2031886E+00 -3.1184817E+00 -6.5861192E-01
-1.9545257E+00 7.1920257E-01 -2.8179676E+00 -1.2578872E+00 -3.2601664E+00 -6.2703030E-01
-1.9808637E+00 8.0428452E-01 -2.9842557E+00 -1.2259681E+00 -3.4153671E+00 -5.4514392E-01
-1.9776218E+00 8.0621615E-01 -2.9852493E+00 -1.2212089E+00 -3.4023056E+00 -5.4109988E-01
-1.9831788E+00 8.3596042E-01 -3.0272540E+00 -1.2009035E+00 -3.5000000E+00 -5.4777994E-01
