-1.1618062E+00 1.6438592E-01 -1.3254308E+00 -9.9655277E-01 -1.4850799E+00 -8.4184909E-01
-1.1331281E+00 1.3621091E-01 -1.2681808E+00 -9.9595761E-01 -1.4022855E+00 -8.6851222E-01
-1.1237110E+00 1.2895429E-01 -1.2502059E+00 -9.9623735E-01 -1.3811385E+00 -8.7438023E-01
-1.0272347E+00 1.1048455E-01 -1.1368568E+00 -9.1815919E-01 -1.2443772E+00 -8.1109894E-01
-8.4180750E-01 1.4481354E-01 -9.8537016E-01 -6.9801080E-01 -1.1309339E+00 -5.6364408E-01
-7.2434129E-01 1.6048893E-01 -8.6472339E-01 -5.5408818E-01 -1.0695614E+00 -4.2669112E-01
-7.2109725E-01 1.6696504E-01 -8.6222973E-01 -5.4105530E-01 -1.0612393E+00 -4.0169984E-01
-7.5483348E-01 1.6481199E-01 -8.9652645E-01 -5.7618625E-01 -1.0880443E+00 -4.4194789E-01
-8.4591468E-01 1.7601470E-01 -9.9857697E-01 -6.5444272E-01 -1.1990193E+00 -5.0825426E-01
-8.9911623E-01 1.9437658E-01 -1.0723926E+00 -6.9176257E-01 -1.3097075E+00 -5.4053056E-01
-1.1075119E+00 2.1543312E-01 -1.3199338E+00 -8.9206021E-01 -1.5387936E+00 -6.9644907E-01
-1.5371856E+00 3.0893299E-01 -1.8455924E+00 -1.2267094E+00 -2.1471306E+00 -9.4006955E-01
-1.9082411E+00 4.1506058E-01 -2.3293052E+00 -1.4895486E+00 -2.7075280E+00 -1.0944194E+00
-2.2091309E+00 5.3743733E-01 -2.8253162E+00 -1.7205211E+00 -3.2019460E+00 -1.1610549E+00
-2.3151791E+00 6.0535527E-01 -3.0604333E+00 -1.8256865E+00 -3.4104430E+00 -1.1424983E+00
-2.3103425E+00 6.0650376E-01 -3.0607131E+00 -1.8268209E+00 -3.3974968E+00 -1.1330772E+00
-2.3392629E+00 6.6380635E-01 -3.2310870E+00 -1.9292661E+00 -3.4471344E+00 -1.0437476E+00
-2.3442116E+00 7.3999997E-01 -3.3869688E+00 -1.9759825E+00 -3.5000000E+00 -9.1952827E-01
-2.3406565E+00 7.4091256E-01 -3.3945021E+00 -1.9902298E+00 -3.4878325E+00 -9.0590148E-01
-2.3407035E+00 7.6790264E-01 -3.4686012E+00 -2.0131478E+00 -3.5000000E+00 -8.6485097E-01
