-1.0576291E+00 1.8185160E-01 -1.2366744E+00 -8.7767526E-01 -1.4251573E+00 -7.0663129E-01
-1.0563224E+00 1.5420201E-01 -1.2090389E+00 -9.0536080E-01 -1.3701082E+00 -7.6225436E-01
-1.0578811E+00 1.4746308E-01 -1.1935176E+00 -9.0496211E-01 -1.3604778E+00 -7.8017802E-01
-1.0584460E+00 1.2960866E-01 -1.1741585E+00 -9.2471282E-01 -1.3241373E+00 -8.2056066E-01
-1.0429444E+00 1.6721382E-01 -1.2036226E+00 -8.7613086E-01 -1.3645229E+00 -7.0995976E-01
-1.0036685E+00 1.9684739E-01 -1.1752410E+00 -7.9600577E-01 -1.3911728E+00 -6.2710781E-01
-9.7407239E-01 2.1157231E-01 -1.1515057E+00 -7.4382400E-01 -1.3848318E+00 -5.7467375E-01
-9.5823898E-01 2.1217914E-01 -1.1299240E+00 -7.2449157E-01 -1.3799292E+00 -5.6123079E-01
-9.3210240E-01 2.1973835E-01 -1.1067609E+00 -6.8787396E-01 -1.3839642E+00 -5.2290292E-01
-9.1640332E-01 2.3442517E-01 -1.1038512E+00 -6.5273371E-01 -1.4055160E+00 -4.8590240E-01
-9.1885681E-01 2.4098502E-01 -1.1306730E+00 -6.5768633E-01 -1.4044386E+00 -4.5770465E-01
-9.8260080E-01 3.1933903E-01 -1.2936490E+00 -6.6386162E-01 -1.6180933E+00 -3.7351837E-01
-1.0987772E+00 4.2863912E-01 -1.5195994E+00 -6.7445974E-01 -1.9666783E+00 -2.9115286E-01
-1.2565339E+00 5.6494070E-01 -1.7728482E+00 -6.3709862E-01 -2.3740428E+00 -1.9737444E-01
-1.3485160E+00 6.4295556E-01 -1.9275401E+00 -6.0708414E-01 -2.6107419E+00 -1.7316025E-01
-1.3541262E+00 6.4317250E-01 -1.9302056E+00 -6.0635786E-01 -2.6149706E+00 -1.8514023E-01
-1.4416606E+00 7.0801366E-01 -2.0310163E+00 -5.4312988E-01 -2.7832261E+00 -2.0341560E-01
-1.5095534E+00 7.9398111E-01 -2.1813628E+00 -4.8573608E-01 -2.9834615E+00 -1.2821116E-01
-1.5112745E+00 7.9515586E-01 -2.1821982E+00 -4.7886144E-01 -2.9721107E+00 -1.2315804E-01
-1.5277251E+00 8.2386033E-01 -2.2664331E+00 -4.9562017E-01 -3.0197502E+00 -6.4642374E-02
