-1.1597707E+00 1.7241964E-01 -1.3337483E+00 -9.9014569E-01 -1.4988450E+00 -8.2493958E-01
-1.1428313E+00 1.4568469E-01 -1.2874295E+00 -9.9890405E-01 -1.4332103E+00 -8.6353536E-01
-1.1374456E+00 1.4050399E-01 -1.2759933E+00 -9.9657665E-01 -1.4162921E+00 -8.6895788E-01
-1.0759825E+00 1.2438895E-01 -1.1902962E+00 -9.4504522E-01 -1.3284697E+00 -8.4600781E-01
-9.4901736E-01 1.5719057E-01 -1.0906880E+00 -7.8722568E-01 -1.2779421E+00 -6.5476242E-01
-8.4516677E-01 1.7968721E-01 -9.9847944E-01 -6.4801884E-01 -1.2019030E+00 -5.0635612E-01
-8.1571863E-01 1.8849995E-01 -9.7526453E-01 -6.0954156E-01 -1.1970711E+00 -4.5849602E-01
-8.2063078E-01 1.8496299E-01 -9.7665647E-01 -6.1927155E-01 -1.1963944E+00 -4.7019510E-01
-8.3832293E-01 1.9181473E-01 -1.0034806E+00 -6.3211136E-01 -1.2288884E+00 -4.7206069E-01
-8.4877047E-01 2.0895870E-01 -1.0303058E+00 -6.2531289E-01 -1.2721688E+00 -4.4900671E-01
-9.2227825E-01 2.2447224E-01 -1.1271609E+00 -6.8917446E-01 -1.3894175E+00 -5.0228831E-01
-1.1048268E+00 3.2308516E-01 -1.4100134E+00 -7.6867081E-01 -1.7562154E+00 -4.9314663E-01
-1.3035462E+00 4.5268626E-01 -1.7319349E+00 -8.2128420E-01 -2.2234536E+00 -4.5803864E-01
-1.5165145E+00 6.0323116E-01 -2.0889560E+00 -8.3926648E-01 -2.7175625E+00 -4.1394276E-01
-1.6231923E+00 6.8217553E-01 -2.2892204E+00 -8.4711188E-01 -2.9538456E+00 -3.9219362E-01
-1.6278541E+00 6.8376853E-01 -2.2996135E+00 -8.5207521E-01 -2.9554903E+00 -3.9261321E-01
-1.7135161E+00 7.4022067E-01 -2.4365217E+00 -8.1563051E-01 -3.0973255E+00 -4.1438828E-01
-1.7745433E+00 8.1279163E-01 -2.5852629E+00 -7.8517977E-01 -3.2719137E+00 -3.5172903E-01
-1.7733017E+00 8.1207501E-01 -2.5667819E+00 -7.6332120E-01 -3.2900588E+00 -3.9437583E-01
-1.7869264E+00 8.3786317E-01 -2.5899126E+00 -7.3343768E-01 -3.3631120E+00 -3.6792730E-01
