-1.0864942E+00 1.6929720E-01 -1.2541795E+00 -9.1628607E-01 -1.4212010E+00 -7.5911509E-01
-1.0791605E+00 1.4294873E-01 -1.2225675E+00 -9.3571731E-01 -1.3594760E+00 -8.0627774E-01
-1.0765266E+00 1.3627567E-01 -1.2129542E+00 -9.4052382E-01 -1.3466504E+00 -8.1574288E-01
-1.0568604E+00 1.1740912E-01 -1.1674724E+00 -9.3458035E-01 -1.2941955E+00 -8.3217603E-01
-1.0195915E+00 1.5426431E-01 -1.1744124E+00 -8.6776159E-01 -1.3342287E+00 -7.2442378E-01
-9.8389762E-01 1.8263455E-01 -1.1396906E+00 -7.8601718E-01 -1.3742188E+00 -6.5054236E-01
-9.6639646E-01 1.9762865E-01 -1.1259606E+00 -7.4929752E-01 -1.3693674E+00 -5.9406458E-01
-9.5780006E-01 1.9944458E-01 -1.1126421E+00 -7.3818636E-01 -1.3614927E+00 -5.8351248E-01
-9.4888615E-01 2.0972191E-01 -1.1142971E+00 -7.2025099E-01 -1.3776155E+00 -5.5608529E-01
-9.4180604E-01 2.2783312E-01 -1.1326831E+00 -6.9908804E-01 -1.3993433E+00 -5.0546247E-01
-9.7934615E-01 2.3801961E-01 -1.1970318E+00 -7.3283916E-01 -1.4745718E+00 -5.3290726E-01
-1.1151093E+00 3.2240912E-01 -1.4040545E+00 -7.7266606E-01 -1.7844702E+00 -5.0966312E-01
-1.2985453E+00 4.4510077E-01 -1.7038276E+00 -8.2017476E-01 -2.2248338E+00 -4.8000404E-01
-1.5181188E+00 6.0010480E-01 -2.0943424E+00 -8.7667572E-01 -2.7226087E+00 -4.0489463E-01
-1.6356872E+00 6.8499328E-01 -2.3166567E+00 -9.0170232E-01 -2.9648292E+00 -3.6100331E-01
-1.6425509E+00 6.8682608E-01 -2.3301587E+00 -9.0853136E-01 -2.9710242E+00 -3.6734631E-01
-1.7426099E+00 7.5038849E-01 -2.5738566E+00 -9.3846865E-01 -3.1372596E+00 -4.0511538E-01
-1.8147306E+00 8.2676861E-01 -2.7517017E+00 -8.9319796E-01 -3.3004117E+00 -3.7564889E-01
-1.8160991E+00 8.2731668E-01 -2.7533404E+00 -8.9233040E-01 -3.3033617E+00 -3.8468925E-01
-1.8348400E+00 8.5480375E-01 -2.7980665E+00 -8.7941958E-01 -3.3840584E+00 -3.6504242E-01
