-1.2863401E+00 1.8658769E-01 -1.4733180E+00 -1.0977365E+00 -1.6490985E+00 -9.2366977E-01
-1.2750317E+00 1.6219465E-01 -1.4380555E+00 -1.1110894E+00 -1.5947086E+00 -9.6930516E-01
-1.2758546E+00 1.5481854E-01 -1.4321818E+00 -1.1214765E+00 -1.5866959E+00 -9.8678154E-01
-1.2240913E+00 1.3627014E-01 -1.3437565E+00 -1.0798657E+00 -1.5165574E+00 -9.7448466E-01
-1.0752303E+00 1.7414994E-01 -1.2219804E+00 -8.8907652E-01 -1.4209473E+00 -7.4002221E-01
-9.0231914E-01 2.0802148E-01 -1.0674989E+00 -6.7750271E-01 -1.3225911E+00 -5.1445423E-01
-8.2414617E-01 2.2022557E-01 -9.9389414E-01 -5.7693754E-01 -1.2680427E+00 -4.1814298E-01
-8.1196706E-01 2.1614366E-01 -9.8082317E-01 -5.7000533E-01 -1.2529928E+00 -4.1276228E-01
-7.9843758E-01 2.1766398E-01 -9.7628050E-01 -5.5766565E-01 -1.2390853E+00 -3.9165937E-01
-8.0056449E-01 2.3099408E-01 -9.9258754E-01 -5.4701423E-01 -1.2620222E+00 -3.6459741E-01
-8.3643127E-01 2.3072546E-01 -1.0417854E+00 -5.9416577E-01 -1.3337518E+00 -4.1259824E-01
-9.3510002E-01 3.2969909E-01 -1.2553840E+00 -6.1540251E-01 -1.6076728E+00 -3.0167622E-01
-1.0457005E+00 4.6657899E-01 -1.4540991E+00 -5.5806753E-01 -2.0426711E+00 -1.8230396E-01
-1.1658023E+00 6.0950860E-01 -1.6735732E+00 -4.9109289E-01 -2.4228828E+00 5.3625435E-04
-1.2306971E+00 6.7983753E-01 -1.7822652E+00 -4.5326382E-01 -2.6312591E+00 2.0465478E-02
-1.2322606E+00 6.8274584E-01 -1.7788740E+00 -4.4374202E-01 -2.6436800E+00 9.9370432E-03
-1.3026007E+00 7.3286013E-01 -1.8036913E+00 -3.7242026E-01 -2.8154451E+00 -8.3343315E-02
-1.3599907E+00 8.0015084E-01 -1.8337820E+00 -2.8571931E-01 -2.9947198E+00 -8.3296201E-02
-1.3620013E+00 7.9931555E-01 -1.8420859E+00 -2.9610515E-01 -2.9651834E+00 -7.3207905E-02
-1.3775726E+00 8.2440287E-01 -1.8754695E+00 -2.7524427E-01 -2.9860157E+00 -1.5835841E-02
