-1.1406893E+00 1.7061439E-01 -1.3100655E+00 -9.7088555E-01 -1.4787724E+00 -8.1028696E-01
-1.1173813E+00 1.4123541E-01 -1.2559692E+00 -9.7681680E-01 -1.4007269E+00 -8.4167342E-01
-1.1073130E+00 1.3374297E-01 -1.2384357E+00 -9.7622540E-01 -1.3767031E+00 -8.4651200E-01
-1.0432747E+00 1.1477702E-01 -1.1564086E+00 -9.3057132E-01 -1.2766410E+00 -8.2419239E-01
-9.2373565E-01 1.5293047E-01 -1.0665587E+00 -7.6334962E-01 -1.2314158E+00 -6.3645926E-01
-8.4289516E-01 1.7614581E-01 -9.9269155E-01 -6.5439146E-01 -1.1879477E+00 -5.0893237E-01
-8.3310512E-01 1.8762638E-01 -9.8382340E-01 -6.3150368E-01 -1.2002867E+00 -4.8275771E-01
-8.4625895E-01 1.8631491E-01 -9.9419806E-01 -6.4744192E-01 -1.2175940E+00 -4.9987342E-01
-8.8992787E-01 1.9461764E-01 -1.0477636E+00 -6.8149216E-01 -1.2756709E+00 -5.2273697E-01
-9.1490024E-01 2.1108528E-01 -1.0906662E+00 -6.8612015E-01 -1.3359355E+00 -5.1977822E-01
-1.0363341E+00 2.2708737E-01 -1.2409920E+00 -7.9466399E-01 -1.5061393E+00 -6.1406933E-01
-1.3020682E+00 3.2507216E-01 -1.6036388E+00 -9.6281687E-01 -1.9668055E+00 -6.8496223E-01
-1.5475874E+00 4.4862708E-01 -1.9698591E+00 -1.0696468E+00 -2.4638131E+00 -7.1059750E-01
-1.7611806E+00 5.9801190E-01 -2.3490337E+00 -1.1316338E+00 -2.9228956E+00 -6.0202653E-01
-1.8486388E+00 6.8022867E-01 -2.5634877E+00 -1.1600930E+00 -3.1840434E+00 -5.8226200E-01
-1.8474150E+00 6.8300117E-01 -2.5673585E+00 -1.1518960E+00 -3.1776981E+00 -5.8052503E-01
-1.9010337E+00 7.4758742E-01 -2.7816440E+00 -1.1807536E+00 -3.2687996E+00 -5.3935863E-01
-1.9374568E+00 8.2477949E-01 -2.9603749E+00 -1.1598164E+00 -3.4041198E+00 -4.4712395E-01
-1.9370569E+00 8.2375863E-01 -2.9685709E+00 -1.1634079E+00 -3.3964680E+00 -4.5133348E-01
-1.9458248E+00 8.4778814E-01 -3.0089596E+00 -1.1401666E+00 -3.4972269E+00 -3.3663708E-01
