-1.4618705E+00 2.0733047E-01 -1.6461849E+00 -1.2441233E+00 -1.8977807E+00 -1.0780899E+00
-1.4463651E+00 1.8547448E-01 -1.6051845E+00 -1.2480038E+00 -1.8167312E+00 -1.0940810E+00
-1.4429714E+00 1.8031233E-01 -1.5940294E+00 -1.2452243E+00 -1.7994367E+00 -1.1043780E+00
-1.3998965E+00 1.7165446E-01 -1.5316459E+00 -1.2077299E+00 -1.7470235E+00 -1.0873330E+00
-1.2944388E+00 2.1412375E-01 -1.4641042E+00 -1.0524870E+00 -1.7274570E+00 -8.9626264E-01
-1.1757179E+00 2.5328051E-01 -1.3547698E+00 -8.8155934E-01 -1.7085535E+00 -7.2651637E-01
-1.1081791E+00 2.7021325E-01 -1.2825346E+00 -7.9127389E-01 -1.6826240E+00 -6.4378708E-01
-1.0797485E+00 2.6724343E-01 -1.2511965E+00 -7.6293588E-01 -1.6434835E+00 -6.1793664E-01
-1.0067534E+00 2.7352591E-01 -1.2079308E+00 -6.9343266E-01 -1.5639335E+00 -5.1654931E-01
-9.6546044E-01 2.8660688E-01 -1.1902008E+00 -6.4222928E-01 -1.5372879E+00 -4.3698728E-01
-8.4735669E-01 2.8214467E-01 -1.0882549E+00 -5.4296164E-01 -1.4212310E+00 -3.0606296E-01
-6.7306255E-01 3.2007016E-01 -9.7051305E-01 -3.4019280E-01 -1.3008311E+00 -5.2435143E-02
-6.0667723E-01 3.9818628E-01 -9.7384995E-01 -1.9258339E-01 -1.3920460E+00 1.7353861E-01
-6.4970185E-01 5.1616341E-01 -1.1001271E+00 -7.1632725E-02 -1.6372671E+00 3.3500602E-01
-7.2589414E-01 5.8849570E-01 -1.1813503E+00 -2.7866127E-02 -1.8864308E+00 3.4353546E-01
-7.3741267E-01 5.9022494E-01 -1.1889918E+00 -3.2063212E-02 -1.9029976E+00 3.2521683E-01
-8.7184892E-01 6.4818895E-01 -1.2523268E+00 -4.5601648E-02 -2.1874407E+00 1.6570661E-01
-9.9289012E-01 7.2663767E-01 -1.3265999E+00 -2.7952011E-02 -2.4427513E+00 7.5386141E-02
-9.9960297E-01 7.2581009E-01 -1.3044633E+00 -3.0081702E-02 -2.4333431E+00 3.2070633E-02
-1.0297001E+00 7.5338960E-01 -1.3625754E+00 -1.4872194E-02 -2.5169506E+00 8.6153312E-03
