-1.3613648E+00 1.8601877E-01 -1.5422596E+00 -1.1771241E+00 -1.7409323E+00 -1.0052524E+00
-1.3308285E+00 1.6090920E-01 -1.4803823E+00 -1.1668320E+00 -1.6681277E+00 -1.0288848E+00
-1.3195184E+00 1.5384966E-01 -1.4572871E+00 -1.1588932E+00 -1.6427853E+00 -1.0340042E+00
-1.2144752E+00 1.3799696E-01 -1.3334657E+00 -1.0680347E+00 -1.4934599E+00 -9.4867921E-01
-1.0012880E+00 1.7542101E-01 -1.1516256E+00 -8.1435130E-01 -1.3544511E+00 -6.6201541E-01
-8.3233609E-01 2.0183264E-01 -9.9089387E-01 -6.0972317E-01 -1.2484936E+00 -4.4667015E-01
-7.8767320E-01 2.1376863E-01 -9.5354277E-01 -5.4936609E-01 -1.2300839E+00 -3.8901058E-01
-8.0054620E-01 2.1528322E-01 -9.6165623E-01 -5.5570215E-01 -1.2539320E+00 -4.1003133E-01
-8.2057615E-01 2.2087080E-01 -9.9574831E-01 -5.7010570E-01 -1.2724138E+00 -4.1963013E-01
-8.3693341E-01 2.3542404E-01 -1.0370699E+00 -5.7628091E-01 -1.3131295E+00 -4.0190839E-01
-8.9979826E-01 2.3801269E-01 -1.1152539E+00 -6.4818460E-01 -1.3677144E+00 -4.4380787E-01
-1.0242873E+00 3.3104354E-01 -1.3554557E+00 -6.9545969E-01 -1.6839302E+00 -3.8744776E-01
-1.1295565E+00 4.6770565E-01 -1.5620605E+00 -6.4431346E-01 -2.0931310E+00 -2.4051084E-01
-1.2254845E+00 6.2495908E-01 -1.7524159E+00 -5.2574749E-01 -2.5000387E+00 -4.3109627E-02
-1.2755118E+00 7.0451219E-01 -1.8439843E+00 -4.4479661E-01 -2.7181920E+00 9.8010022E-03
-1.2777876E+00 7.0354200E-01 -1.8403308E+00 -4.4338456E-01 -2.7178001E+00 -3.2621213E-03
-1.3376760E+00 7.5603896E-01 -1.8637488E+00 -3.6144501E-01 -2.8698887E+00 -7.6376540E-02
-1.3873862E+00 8.2484522E-01 -1.8400161E+00 -1.7879495E-01 -3.0024633E+00 -6.4096340E-02
-1.3889312E+00 8.2513911E-01 -1.8374012E+00 -1.7294362E-01 -2.9853099E+00 -6.5566275E-02
-1.4030994E+00 8.4826299E-01 -1.8669746E+00 -1.5480212E-01 -3.0311999E+00 -4.2541998E-02
