-1.0669156E+00 1.7405208E-01 -1.2390516E+00 -8.9316024E-01 -1.4077687E+00 -7.2706623E-01
-1.0430079E+00 1.4559048E-01 -1.1884821E+00 -8.9704918E-01 -1.3335711E+00 -7.6329877E-01
-1.0309376E+00 1.3910129E-01 -1.1628118E+00 -8.8680104E-01 -1.3114390E+00 -7.6741880E-01
-9.6906437E-01 1.1825016E-01 -1.0764195E+00 -8.4664728E-01 -1.1987308E+00 -7.3464004E-01
-8.8622009E-01 1.5682219E-01 -1.0304885E+00 -7.2608021E-01 -1.2092049E+00 -5.9212966E-01
-8.7837418E-01 1.8122140E-01 -1.0343987E+00 -6.8763082E-01 -1.2323227E+00 -5.2648781E-01
-9.1233719E-01 1.8909939E-01 -1.0642595E+00 -7.0875980E-01 -1.2887863E+00 -5.5067699E-01
-9.4127529E-01 1.8767640E-01 -1.0874079E+00 -7.3878166E-01 -1.3265202E+00 -5.8979264E-01
-9.9985148E-01 1.9409686E-01 -1.1559663E+00 -7.9033437E-01 -1.3963757E+00 -6.2952064E-01
-1.0293136E+00 2.1021619E-01 -1.2048712E+00 -8.0043341E-01 -1.4580388E+00 -6.2568182E-01
-1.1321994E+00 2.2843859E-01 -1.3468790E+00 -8.9253645E-01 -1.5973726E+00 -7.0273467E-01
-1.3314586E+00 3.3427033E-01 -1.6412312E+00 -9.8030145E-01 -2.0161260E+00 -7.0273108E-01
-1.4918920E+00 4.6177365E-01 -1.9115422E+00 -9.9824668E-01 -2.4568981E+00 -6.4494896E-01
-1.6159194E+00 6.0879958E-01 -2.1676719E+00 -9.3557848E-01 -2.8628985E+00 -4.9897816E-01
-1.6634473E+00 6.8595474E-01 -2.2984705E+00 -8.8064690E-01 -3.0367430E+00 -4.1193852E-01
-1.6644346E+00 6.8546045E-01 -2.3033129E+00 -8.8292919E-01 -3.0330949E+00 -4.1065215E-01
-1.6948568E+00 7.4470063E-01 -2.4141448E+00 -8.1326307E-01 -3.1340229E+00 -3.7429605E-01
-1.7151021E+00 8.2456352E-01 -2.5262113E+00 -7.2953036E-01 -3.2694059E+00 -2.5334998E-01
-1.7140516E+00 8.2610901E-01 -2.5406362E+00 -7.3580388E-01 -3.2722914E+00 -2.5499196E-01
-1.7178772E+00 8.5591174E-01 -2.5959144E+00 -7.2700837E-01 -3.3260413E+00 -1.9658596E-01
