-9.6857657E-01 1.6074588E-01 -1.1281289E+00 -8.0551680E-01 -1.2794819E+00 -6.5257403E-01
-9.6536099E-01 1.3297288E-01 -1.0978897E+00 -8.3126926E-01 -1.2247671E+00 -7.0681594E-01
-9.6670811E-01 1.2641263E-01 -1.0922860E+00 -8.4172600E-01 -1.2167842E+00 -7.1905521E-01
-9.5212570E-01 1.0710697E-01 -1.0582352E+00 -8.4593919E-01 -1.1608418E+00 -7.4029304E-01
-9.1570068E-01 1.4428660E-01 -1.0589870E+00 -7.7236204E-01 -1.2039509E+00 -6.3814743E-01
-8.9272270E-01 1.6727368E-01 -1.0368784E+00 -7.1440435E-01 -1.2593673E+00 -5.8377174E-01
-9.0082811E-01 1.7965714E-01 -1.0509514E+00 -7.0429645E-01 -1.2658452E+00 -5.5845917E-01
-9.1805208E-01 1.7873262E-01 -1.0649648E+00 -7.2052074E-01 -1.2754297E+00 -5.7869810E-01
-9.7862514E-01 1.8853485E-01 -1.1335830E+00 -7.7071816E-01 -1.3586982E+00 -6.2130967E-01
-1.0083409E+00 2.0718807E-01 -1.1832210E+00 -7.8386753E-01 -1.4212428E+00 -6.0746154E-01
-1.1628175E+00 2.2661415E-01 -1.3608037E+00 -9.1612862E-01 -1.6349848E+00 -7.5026426E-01
-1.5080204E+00 3.2063589E-01 -1.8054326E+00 -1.1673948E+00 -2.1603687E+00 -9.0371792E-01
-1.8326241E+00 4.3007023E-01 -2.2709002E+00 -1.3899011E+00 -2.6738651E+00 -1.0157193E+00
-2.1124864E+00 5.5460678E-01 -2.7384354E+00 -1.5909694E+00 -3.1401318E+00 -1.0238759E+00
-2.2163897E+00 6.2258546E-01 -2.9682443E+00 -1.6856374E+00 -3.3810717E+00 -1.0373272E+00
-2.2137071E+00 6.2476538E-01 -2.9705096E+00 -1.6829702E+00 -3.3710716E+00 -1.0315348E+00
-2.2495438E+00 6.8053541E-01 -3.1673754E+00 -1.7876434E+00 -3.3968158E+00 -9.6090346E-01
-2.2621938E+00 7.5730103E-01 -3.3464441E+00 -1.8401947E+00 -3.4880007E+00 -8.7614091E-01
-2.2607774E+00 7.5936673E-01 -3.3673182E+00 -1.8631930E+00 -3.4639887E+00 -8.5398091E-01
-2.2615676E+00 7.8962132E-01 -3.4314814E+00 -1.8664521E+00 -3.5000000E+00 -8.1658441E-01
