-9.6119659E-01 1.7812658E-01 -1.1367644E+00 -7.8230348E-01 -1.3163076E+00 -6.1575648E-01
-9.7043917E-01 1.5301976E-01 -1.1223816E+00 -8.1708476E-01 -1.2798027E+00 -6.7746015E-01
-9.7318681E-01 1.4787184E-01 -1.1141238E+00 -8.1856844E-01 -1.2697534E+00 -6.9036611E-01
-1.0139845E+00 1.3839020E-01 -1.1408278E+00 -8.6952608E-01 -1.2874307E+00 -7.4307821E-01
-1.0932801E+00 1.9157738E-01 -1.2533881E+00 -8.9265571E-01 -1.4726568E+00 -7.2498120E-01
-1.1551462E+00 2.3848389E-01 -1.3341740E+00 -8.9468743E-01 -1.6313376E+00 -7.1182557E-01
-1.1721963E+00 2.6191033E-01 -1.3607723E+00 -8.7425743E-01 -1.7064933E+00 -7.0401803E-01
-1.1693362E+00 2.6449135E-01 -1.3566642E+00 -8.6161708E-01 -1.7130753E+00 -7.0250012E-01
-1.1609549E+00 2.6910645E-01 -1.3633270E+00 -8.5064545E-01 -1.7021677E+00 -6.7568129E-01
-1.1579246E+00 2.8044407E-01 -1.3813533E+00 -8.3992511E-01 -1.7122524E+00 -6.3624987E-01
-1.1251367E+00 2.6931617E-01 -1.3662957E+00 -8.3640912E-01 -1.6944782E+00 -6.3607241E-01
-1.0418590E+00 3.2651047E-01 -1.3687485E+00 -7.1865196E-01 -1.6884275E+00 -4.1916365E-01
-9.5905819E-01 4.3119563E-01 -1.3625744E+00 -5.0779333E-01 -1.8553642E+00 -1.4370781E-01
-8.9609753E-01 5.5299650E-01 -1.3487938E+00 -2.7584103E-01 -2.0360416E+00 1.3946685E-01
-8.8655283E-01 6.1347566E-01 -1.3457485E+00 -1.7132641E-01 -2.1478803E+00 2.2576603E-01
-8.8895731E-01 6.1231836E-01 -1.3376872E+00 -1.6776586E-01 -2.1508535E+00 2.1270637E-01
-9.2856362E-01 6.5075090E-01 -1.3004965E+00 -1.2197304E-01 -2.2926341E+00 1.0984177E-01
-9.7402789E-01 7.1265050E-01 -1.2923280E+00 -6.6208889E-02 -2.4388131E+00 5.0578162E-02
-9.7926125E-01 7.1213443E-01 -1.2731142E+00 -5.8112263E-02 -2.4306836E+00 1.2649104E-02
-9.9055969E-01 7.3501641E-01 -1.2618246E+00 -7.5443490E-03 -2.4665452E+00 2.0620808E-02
