-1.2558976E+00 1.7896076E-01 -1.4314115E+00 -1.0792979E+00 -1.6157724E+00 -9.1373059E-01
-1.2534378E+00 1.5631677E-01 -1.3973017E+00 -1.0902788E+00 -1.5737269E+00 -9.6176882E-01
-1.2532006E+00 1.5124274E-01 -1.3908481E+00 -1.0935398E+00 -1.5624990E+00 -9.7204071E-01
-1.2424053E+00 1.3822190E-01 -1.3621760E+00 -1.0944114E+00 -1.5153980E+00 -9.7780034E-01
-1.1959476E+00 1.7132063E-01 -1.3423231E+00 -1.0106278E+00 -1.5447823E+00 -8.7033321E-01
-1.1202369E+00 2.1020390E-01 -1.2864034E+00 -8.8483732E-01 -1.5540455E+00 -7.3100432E-01
-1.0696436E+00 2.3611943E-01 -1.2482144E+00 -8.0332717E-01 -1.5523006E+00 -6.3376944E-01
-1.0482903E+00 2.4172103E-01 -1.2293701E+00 -7.8123517E-01 -1.5435542E+00 -6.0047576E-01
-1.0099023E+00 2.5157986E-01 -1.1977017E+00 -7.3481120E-01 -1.5284047E+00 -5.4161992E-01
-9.9124661E-01 2.6595111E-01 -1.1905343E+00 -6.9481869E-01 -1.5317194E+00 -4.8749271E-01
-9.6012330E-01 2.6094936E-01 -1.1810092E+00 -6.8209259E-01 -1.4923270E+00 -4.6394455E-01
-9.3795031E-01 3.2047720E-01 -1.2539485E+00 -6.1828267E-01 -1.5776577E+00 -3.2646080E-01
-9.6877208E-01 4.2160615E-01 -1.3531958E+00 -5.1748824E-01 -1.8430368E+00 -1.8205930E-01
-1.0465528E+00 5.4849138E-01 -1.5086932E+00 -4.4129300E-01 -2.1654906E+00 -1.8150200E-02
-1.1033500E+00 6.2141059E-01 -1.5796529E+00 -3.7545635E-01 -2.3727008E+00 2.2488660E-02
-1.1073117E+00 6.2357252E-01 -1.5790417E+00 -3.7081290E-01 -2.3806075E+00 1.4038488E-02
-1.1793936E+00 6.8360058E-01 -1.6307366E+00 -3.0652450E-01 -2.5454860E+00 -4.2125278E-02
-1.2429601E+00 7.6142602E-01 -1.6907768E+00 -1.9771288E-01 -2.7277155E+00 -2.5436829E-02
-1.2452780E+00 7.6214750E-01 -1.6736165E+00 -1.7965257E-01 -2.7172583E+00 -3.6220451E-02
-1.2640584E+00 7.8711944E-01 -1.7083616E+00 -1.2521771E-01 -2.7613053E+00 -1.7870994E-02
