-1.0714043E+00 1.8228367E-01 -1.2539636E+00 -8.9078093E-01 -1.4345871E+00 -7.1741308E-01
-1.0861163E+00 1.5689399E-01 -1.2350259E+00 -9.2401858E-01 -1.4003698E+00 -7.8511237E-01
-1.0926448E+00 1.5117625E-01 -1.2357628E+00 -9.3639285E-01 -1.3975284E+00 -8.0480642E-01
-1.1516119E+00 1.3525577E-01 -1.2719105E+00 -1.0078270E+00 -1.4336917E+00 -9.0132729E-01
-1.2497275E+00 1.7709450E-01 -1.4046659E+00 -1.0596470E+00 -1.6097298E+00 -9.1084621E-01
-1.2925514E+00 2.2786243E-01 -1.4718489E+00 -1.0308792E+00 -1.7602077E+00 -8.7678154E-01
-1.2785701E+00 2.5713940E-01 -1.4746105E+00 -9.8198314E-01 -1.8100604E+00 -8.1656777E-01
-1.2505915E+00 2.6260089E-01 -1.4428874E+00 -9.4173655E-01 -1.8009437E+00 -7.8212494E-01
-1.1913421E+00 2.7449052E-01 -1.3987315E+00 -8.7801469E-01 -1.7725687E+00 -6.9267152E-01
-1.1538586E+00 2.8894666E-01 -1.3810632E+00 -8.2931429E-01 -1.7607973E+00 -6.2370244E-01
-1.0554612E+00 2.8947006E-01 -1.3073685E+00 -7.3701646E-01 -1.6388685E+00 -5.0974890E-01
-9.0595045E-01 3.4556875E-01 -1.2278713E+00 -5.4576166E-01 -1.6145289E+00 -2.6235508E-01
-8.3809708E-01 4.3254278E-01 -1.2258647E+00 -3.9223823E-01 -1.6763714E+00 1.8240542E-02
-8.5695680E-01 5.5446584E-01 -1.2861462E+00 -2.3670496E-01 -1.9810017E+00 1.9992206E-01
-9.1029659E-01 6.2875486E-01 -1.3581333E+00 -1.7667188E-01 -2.2153995E+00 2.2754157E-01
-9.2122940E-01 6.2985278E-01 -1.3618003E+00 -1.7700064E-01 -2.2277942E+00 2.0178628E-01
-1.0148459E+00 6.9120766E-01 -1.4015214E+00 -1.3176304E-01 -2.4478596E+00 7.7541519E-02
-1.0974237E+00 7.7094509E-01 -1.4668540E+00 -8.7388661E-02 -2.6623203E+00 2.3182202E-02
-1.1010689E+00 7.6998165E-01 -1.4466375E+00 -7.7835395E-02 -2.6465362E+00 -5.3823635E-03
-1.1219924E+00 7.9508552E-01 -1.4570997E+00 -4.1912591E-02 -2.6997841E+00 -6.6659765E-03
