-1.3694795E+00 1.8497925E-01 -1.5364396E+00 -1.1714820E+00 -1.7425843E+00 -1.0207466E+00
-1.3378372E+00 1.5864546E-01 -1.4788780E+00 -1.1683312E+00 -1.6716815E+00 -1.0446936E+00
-1.3273545E+00 1.5297087E-01 -1.4635695E+00 -1.1656960E+00 -1.6293632E+00 -1.0339557E+00
-1.2118173E+00 1.3437744E-01 -1.3273625E+00 -1.0730435E+00 -1.4721467E+00 -9.5106747E-01
-9.7115171E-01 1.6162392E-01 -1.1133224E+00 -8.0088385E-01 -1.2908118E+00 -6.5835186E-01
-7.6390327E-01 1.8528866E-01 -9.1669030E-01 -5.6837315E-01 -1.1365196E+00 -4.0824903E-01
-6.9204808E-01 1.9686986E-01 -8.4477000E-01 -4.8120723E-01 -1.0718599E+00 -3.1699001E-01
-6.8537547E-01 1.9617555E-01 -8.3050962E-01 -4.7591745E-01 -1.0746720E+00 -3.1543229E-01
-6.8476323E-01 2.0366191E-01 -8.3350438E-01 -4.6374584E-01 -1.1034865E+00 -3.0130635E-01
-6.8607819E-01 2.1956779E-01 -8.5919354E-01 -4.5002035E-01 -1.1344625E+00 -2.6824211E-01
-7.7153646E-01 2.3082258E-01 -9.7024204E-01 -5.2276317E-01 -1.2292639E+00 -3.3400525E-01
-1.0260768E+00 3.2107846E-01 -1.3269403E+00 -6.9132380E-01 -1.6815651E+00 -4.2913554E-01
-1.3271366E+00 4.3747106E-01 -1.7392542E+00 -8.7052164E-01 -2.2292949E+00 -5.0807013E-01
-1.6492872E+00 5.8523481E-01 -2.2386230E+00 -1.0481182E+00 -2.7811319E+00 -5.0118538E-01
-1.8035761E+00 6.7144413E-01 -2.5572338E+00 -1.1659241E+00 -3.0333221E+00 -4.5795866E-01
-1.8084205E+00 6.7504493E-01 -2.5711505E+00 -1.1717316E+00 -3.0378850E+00 -4.5709045E-01
-1.9197754E+00 7.3691428E-01 -2.8452624E+00 -1.2889970E+00 -3.2213408E+00 -5.1123243E-01
-1.9938133E+00 8.1399907E-01 -3.0685219E+00 -1.3197318E+00 -3.4104652E+00 -5.2826183E-01
-1.9918875E+00 8.1544447E-01 -3.0627511E+00 -1.3066947E+00 -3.3997862E+00 -5.3318004E-01
-2.0087089E+00 8.4144242E-01 -3.0932791E+00 -1.2728926E+00 -3.5000000E+00 -5.4554215E-01
