-1.0216351E+00 1.7622387E-01 -1.1940883E+00 -8.4829233E-01 -1.3721156E+00 -6.7379454E-01
-1.0263722E+00 1.5080049E-01 -1.1758226E+00 -8.7793874E-01 -1.3221847E+00 -7.2985206E-01
-1.0290665E+00 1.4617938E-01 -1.1750362E+00 -8.8376316E-01 -1.3132432E+00 -7.4273359E-01
-1.0474685E+00 1.2676663E-01 -1.1726554E+00 -9.2287768E-01 -1.3038128E+00 -8.0487006E-01
-1.0829920E+00 1.6780973E-01 -1.2361552E+00 -9.0762162E-01 -1.4324684E+00 -7.6825545E-01
-1.1066563E+00 2.0993701E-01 -1.2823296E+00 -8.8020159E-01 -1.5231689E+00 -7.0331410E-01
-1.1074675E+00 2.3323424E-01 -1.2902238E+00 -8.5013668E-01 -1.5853614E+00 -6.7429986E-01
-1.0988873E+00 2.3606028E-01 -1.2815498E+00 -8.3359525E-01 -1.5860909E+00 -6.6904698E-01
-1.0829854E+00 2.4519080E-01 -1.2849165E+00 -8.0731264E-01 -1.5821860E+00 -6.2904004E-01
-1.0745172E+00 2.5947883E-01 -1.2980016E+00 -7.8818019E-01 -1.5946256E+00 -5.8737422E-01
-1.0504571E+00 2.5867925E-01 -1.2808783E+00 -7.7216768E-01 -1.5928150E+00 -5.7226762E-01
-1.0108621E+00 3.1792839E-01 -1.3091333E+00 -6.8132430E-01 -1.6522541E+00 -4.1218005E-01
-9.8947829E-01 4.1865490E-01 -1.3592203E+00 -5.4571226E-01 -1.8734039E+00 -2.1286725E-01
-9.9063322E-01 5.4961853E-01 -1.4040657E+00 -3.6968500E-01 -2.1525831E+00 1.6384988E-02
-1.0064897E+00 6.2131879E-01 -1.4137456E+00 -2.7493722E-01 -2.3311956E+00 7.9594818E-02
-1.0103471E+00 6.2443344E-01 -1.4128276E+00 -2.7015203E-01 -2.3387172E+00 7.6235431E-02
-1.0520749E+00 6.6839450E-01 -1.3924333E+00 -2.1637908E-01 -2.4647359E+00 -5.2150371E-03
-1.0923608E+00 7.2894804E-01 -1.4463760E+00 -1.6252949E-01 -2.6101248E+00 7.9113348E-03
-1.0958824E+00 7.2824201E-01 -1.4320331E+00 -1.4933424E-01 -2.5980620E+00 -1.1343178E-02
-1.1081828E+00 7.5061697E-01 -1.4276661E+00 -9.3332707E-02 -2.6298972E+00 -2.3408080E-03
