-1.2782244E+00 1.7827165E-01 -1.4554149E+00 -1.0997769E+00 -1.6405547E+00 -9.3631430E-01
-1.2598375E+00 1.5768348E-01 -1.4144941E+00 -1.1042212E+00 -1.5838984E+00 -9.5904165E-01
-1.2544790E+00 1.5414210E-01 -1.4040666E+00 -1.1012070E+00 -1.5542880E+00 -9.4847145E-01
-1.1948513E+00 1.3966280E-01 -1.3178081E+00 -1.0498393E+00 -1.4716788E+00 -9.2277503E-01
-1.0687397E+00 1.7686012E-01 -1.2188778E+00 -8.8180479E-01 -1.4294892E+00 -7.2332836E-01
-9.5879664E-01 2.0304826E-01 -1.1190001E+00 -7.4035620E-01 -1.3688226E+00 -5.7168871E-01
-9.2173636E-01 2.1730879E-01 -1.0890959E+00 -6.8052332E-01 -1.3650543E+00 -5.1515179E-01
-9.2077218E-01 2.1880721E-01 -1.0879787E+00 -6.7308094E-01 -1.3596024E+00 -5.1164262E-01
-9.1976123E-01 2.2900431E-01 -1.0956675E+00 -6.5486728E-01 -1.3798851E+00 -4.9362278E-01
-9.2085871E-01 2.4653246E-01 -1.1133581E+00 -6.3975582E-01 -1.4250654E+00 -4.5659918E-01
-9.4665934E-01 2.4905014E-01 -1.1614023E+00 -6.7292537E-01 -1.4386549E+00 -4.7042202E-01
-1.0236937E+00 3.1932506E-01 -1.3381321E+00 -7.0765267E-01 -1.6704670E+00 -4.0816943E-01
-1.1254207E+00 4.3302057E-01 -1.5524870E+00 -6.9790726E-01 -1.9759023E+00 -2.7828738E-01
-1.2522841E+00 5.7698991E-01 -1.7530263E+00 -5.9651061E-01 -2.3890950E+00 -1.7942862E-01
-1.3227708E+00 6.5912899E-01 -1.8704813E+00 -5.2803349E-01 -2.6188470E+00 -1.4672710E-01
-1.3233858E+00 6.6264979E-01 -1.8715664E+00 -5.2033675E-01 -2.6236255E+00 -1.4359941E-01
-1.3909756E+00 7.3679718E-01 -1.9474224E+00 -4.4490935E-01 -2.8593783E+00 -1.4084041E-01
-1.4485281E+00 8.2333524E-01 -2.0392839E+00 -3.3435909E-01 -3.0734366E+00 -8.0661867E-02
-1.4525255E+00 8.2177842E-01 -2.0518404E+00 -3.4581893E-01 -3.0501152E+00 -8.4040547E-02
-1.4682880E+00 8.4965507E-01 -2.0973130E+00 -3.2070120E-01 -3.0515326E+00 6.9618437E-03
