-1.2764774E+00 1.7445291E-01 -1.4504024E+00 -1.1021881E+00 -1.6188254E+00 -9.3804690E-01
-1.2405732E+00 1.4761487E-01 -1.3883386E+00 -1.0935480E+00 -1.5347063E+00 -9.5663208E-01
-1.2296320E+00 1.4095977E-01 -1.3690612E+00 -1.0889241E+00 -1.5103980E+00 -9.5825436E-01
-1.1059844E+00 1.1901969E-01 -1.2159544E+00 -9.8226774E-01 -1.3536780E+00 -8.8329746E-01
-8.5436077E-01 1.4730225E-01 -9.8734191E-01 -7.0073967E-01 -1.1583209E+00 -5.7676957E-01
-6.6773561E-01 1.6596571E-01 -8.1797101E-01 -4.9533256E-01 -1.0161824E+00 -3.5683577E-01
-6.2993682E-01 1.7646524E-01 -7.7562607E-01 -4.4499596E-01 -9.8355040E-01 -2.8811806E-01
-6.5173813E-01 1.7536675E-01 -7.9159283E-01 -4.7082514E-01 -9.9756437E-01 -3.1899977E-01
-7.1126589E-01 1.8653695E-01 -8.6238195E-01 -5.2173963E-01 -1.0649706E+00 -3.5484614E-01
-7.4628472E-01 2.0288753E-01 -9.2005064E-01 -5.3964016E-01 -1.1315595E+00 -3.5454094E-01
-9.0860804E-01 2.2135873E-01 -1.1099656E+00 -6.8015432E-01 -1.3422260E+00 -4.7926405E-01
-1.2697876E+00 3.2378587E-01 -1.5707374E+00 -9.3543537E-01 -1.9403636E+00 -6.5859739E-01
-1.6102625E+00 4.3765815E-01 -2.0457001E+00 -1.1801650E+00 -2.4906530E+00 -7.6144089E-01
-1.9181929E+00 5.6199661E-01 -2.4869263E+00 -1.3536244E+00 -2.9830529E+00 -7.9268336E-01
-2.0450105E+00 6.3119298E-01 -2.7481819E+00 -1.4644557E+00 -3.2488902E+00 -8.3690516E-01
-2.0439347E+00 6.3341894E-01 -2.7551446E+00 -1.4647132E+00 -3.2511628E+00 -8.3895792E-01
-2.1109420E+00 6.9311927E-01 -2.9851307E+00 -1.5426792E+00 -3.3459121E+00 -8.3957782E-01
-2.1489161E+00 7.7020277E-01 -3.2425004E+00 -1.6246988E+00 -3.4512836E+00 -7.7368726E-01
-2.1457861E+00 7.7187743E-01 -3.2641069E+00 -1.6431611E+00 -3.4369750E+00 -7.6117857E-01
-2.1533768E+00 7.9902153E-01 -3.2944224E+00 -1.6096645E+00 -3.5000000E+00 -7.4745093E-01
