-1.1990561E+00 1.7034431E-01 -1.3583784E+00 -1.0176315E+00 -1.5409122E+00 -8.7738622E-01
-1.1779188E+00 1.4341379E-01 -1.3110080E+00 -1.0253348E+00 -1.4681176E+00 -9.0856791E-01
-1.1694364E+00 1.3596310E-01 -1.2971173E+00 -1.0259623E+00 -1.4440588E+00 -9.1415689E-01
-1.0936180E+00 1.1611423E-01 -1.2026814E+00 -9.7388917E-01 -1.3306738E+00 -8.7192709E-01
-9.6363943E-01 1.5360182E-01 -1.1027656E+00 -8.0430715E-01 -1.2689952E+00 -6.6253655E-01
-8.9789752E-01 1.7719203E-01 -1.0486257E+00 -7.1524251E-01 -1.2474246E+00 -5.5573555E-01
-9.0446204E-01 1.8702210E-01 -1.0601155E+00 -7.0992016E-01 -1.2716506E+00 -5.4772010E-01
-9.2775592E-01 1.8580067E-01 -1.0831204E+00 -7.3348484E-01 -1.2862585E+00 -5.7314917E-01
-9.7089147E-01 1.9567479E-01 -1.1361010E+00 -7.6198302E-01 -1.3523150E+00 -6.0061979E-01
-9.9215161E-01 2.1337737E-01 -1.1802540E+00 -7.6609331E-01 -1.4113273E+00 -5.8394426E-01
-1.0736896E+00 2.2914574E-01 -1.2839833E+00 -8.3468485E-01 -1.5518784E+00 -6.4704402E-01
-1.2521317E+00 3.2466018E-01 -1.5486677E+00 -9.2076572E-01 -1.9334266E+00 -6.3764890E-01
-1.4326094E+00 4.4394411E-01 -1.8325512E+00 -9.5874098E-01 -2.3605304E+00 -6.0727451E-01
-1.6183714E+00 5.8501276E-01 -2.1621325E+00 -9.6728667E-01 -2.8016943E+00 -5.5549500E-01
-1.7121826E+00 6.6262281E-01 -2.3517272E+00 -9.6051442E-01 -3.0120161E+00 -5.2204369E-01
-1.7156774E+00 6.6294284E-01 -2.3529955E+00 -9.5698128E-01 -3.0125643E+00 -5.2832745E-01
-1.7929672E+00 7.3029530E-01 -2.5577768E+00 -9.5713522E-01 -3.1404089E+00 -5.0632527E-01
-1.8460202E+00 8.1696814E-01 -2.7755431E+00 -9.4724404E-01 -3.3026910E+00 -3.9027546E-01
-1.8429798E+00 8.1923412E-01 -2.7768123E+00 -9.4244028E-01 -3.3328994E+00 -4.2779399E-01
-1.8535006E+00 8.4763929E-01 -2.8199453E+00 -9.2418913E-01 -3.4444809E+00 -4.3915477E-01
