-1.0066661E+00 1.6780242E-01 -1.1725267E+00 -8.3939241E-01 -1.3348362E+00 -6.7614145E-01
-9.9778747E-01 1.4008641E-01 -1.1372620E+00 -8.5983318E-01 -1.2765013E+00 -7.2489973E-01
-9.9623684E-01 1.3332546E-01 -1.1278559E+00 -8.6475225E-01 -1.2626705E+00 -7.3730675E-01
-9.7659904E-01 1.1228381E-01 -1.0854272E+00 -8.6558250E-01 -1.2016794E+00 -7.5721258E-01
-9.3555024E-01 1.4999621E-01 -1.0754584E+00 -7.7990868E-01 -1.2396144E+00 -6.4940223E-01
-9.0582689E-01 1.8273003E-01 -1.0564655E+00 -7.0735080E-01 -1.2768432E+00 -5.5868495E-01
-9.0516161E-01 1.9920976E-01 -1.0629599E+00 -6.8542990E-01 -1.3167226E+00 -5.3143642E-01
-9.1455019E-01 2.0055984E-01 -1.0717029E+00 -6.9568519E-01 -1.3340546E+00 -5.3471555E-01
-9.4605295E-01 2.0677320E-01 -1.1139617E+00 -7.2077242E-01 -1.3683131E+00 -5.5252435E-01
-9.6307040E-01 2.2061534E-01 -1.1486046E+00 -7.2326946E-01 -1.4024300E+00 -5.4180218E-01
-1.0599557E+00 2.2634955E-01 -1.2639965E+00 -8.1982148E-01 -1.5091181E+00 -6.2279454E-01
-1.2789768E+00 3.3125675E-01 -1.6073237E+00 -9.4878149E-01 -1.9476838E+00 -6.5120624E-01
-1.4916223E+00 4.7683140E-01 -1.9386467E+00 -9.9122942E-01 -2.4574804E+00 -5.7749746E-01
-1.6875442E+00 6.3507392E-01 -2.3456998E+00 -1.0359566E+00 -2.9180128E+00 -4.7763421E-01
-1.7709372E+00 7.1359303E-01 -2.5307764E+00 -1.0207643E+00 -3.1033042E+00 -4.1052481E-01
-1.7700613E+00 7.1289472E-01 -2.5315600E+00 -1.0182791E+00 -3.0933159E+00 -4.1126552E-01
-1.8242303E+00 7.6799213E-01 -2.7385283E+00 -1.0537177E+00 -3.1815585E+00 -4.1275107E-01
-1.8596586E+00 8.4211417E-01 -2.8630419E+00 -9.8010520E-01 -3.3302896E+00 -3.6713254E-01
-1.8581631E+00 8.4347934E-01 -2.8556586E+00 -9.7276104E-01 -3.3375737E+00 -3.4663837E-01
-1.8672797E+00 8.7085641E-01 -2.8922153E+00 -9.5020300E-01 -3.4795784E+00 -4.0693816E-01
