-1.1509677E+00 1.8344838E-01 -1.3312099E+00 -9.6865186E-01 -1.5230800E+00 -8.0189781E-01
-1.1195541E+00 1.5564347E-01 -1.2641975E+00 -9.5681495E-01 -1.4387258E+00 -8.2708785E-01
-1.1055243E+00 1.4925549E-01 -1.2450376E+00 -9.5059065E-01 -1.4081488E+00 -8.2540402E-01
-1.0136406E+00 1.2867056E-01 -1.1298733E+00 -8.7776368E-01 -1.2658714E+00 -7.6465239E-01
-8.6280255E-01 1.5779728E-01 -1.0055110E+00 -6.9686278E-01 -1.1923861E+00 -5.7033805E-01
-7.9708666E-01 1.8427661E-01 -9.4926295E-01 -5.9664008E-01 -1.1703396E+00 -4.5131846E-01
-8.1006990E-01 1.9792353E-01 -9.6552159E-01 -5.9307494E-01 -1.2107611E+00 -4.4248101E-01
-8.3475601E-01 1.9628319E-01 -9.8660776E-01 -6.1977918E-01 -1.2352109E+00 -4.6833311E-01
-8.7423313E-01 2.0487078E-01 -1.0388182E+00 -6.5105785E-01 -1.2853746E+00 -4.8367066E-01
-8.9439357E-01 2.2251641E-01 -1.0783192E+00 -6.5528365E-01 -1.3439710E+00 -4.6376851E-01
-9.4910539E-01 2.2764134E-01 -1.1617533E+00 -7.1391486E-01 -1.4141882E+00 -5.1679211E-01
-1.0634722E+00 3.1261380E-01 -1.3571021E+00 -7.4389907E-01 -1.7061418E+00 -4.7252554E-01
-1.1832795E+00 4.2785007E-01 -1.5726900E+00 -7.2635663E-01 -2.0666486E+00 -3.8322706E-01
-1.3148614E+00 5.6531218E-01 -1.8418461E+00 -7.0152622E-01 -2.4698675E+00 -2.6712431E-01
-1.3853937E+00 6.4296780E-01 -1.9857372E+00 -6.6836568E-01 -2.6782833E+00 -2.1183154E-01
-1.3896688E+00 6.4295784E-01 -1.9857766E+00 -6.6896032E-01 -2.6869420E+00 -2.1620574E-01
-1.4621391E+00 7.0307762E-01 -2.0837558E+00 -6.1676638E-01 -2.8126424E+00 -2.1392439E-01
-1.5189899E+00 7.8283277E-01 -2.1756438E+00 -5.1984201E-01 -2.9882633E+00 -1.4182240E-01
-1.5187993E+00 7.8373877E-01 -2.1568735E+00 -5.0128912E-01 -2.9876797E+00 -1.4092448E-01
-1.5325094E+00 8.0830764E-01 -2.1946884E+00 -4.8188569E-01 -3.0272917E+00 -8.7995668E-02
