-1.1851374E+00 1.7446434E-01 -1.3467067E+00 -1.0067914E+00 -1.5406451E+00 -8.4594314E-01
-1.1716430E+00 1.4658324E-01 -1.3060848E+00 -1.0206613E+00 -1.4757702E+00 -8.9217030E-01
-1.1700905E+00 1.3800048E-01 -1.2994705E+00 -1.0270411E+00 -1.4537815E+00 -9.0889893E-01
-1.1168939E+00 1.2133355E-01 -1.2343938E+00 -9.9571866E-01 -1.3671896E+00 -8.8941747E-01
-9.8831950E-01 1.5902531E-01 -1.1346673E+00 -8.2540312E-01 -1.3229953E+00 -6.8821258E-01
-8.6352948E-01 1.8219492E-01 -1.0172076E+00 -6.7007980E-01 -1.2286284E+00 -5.1554474E-01
-8.1877525E-01 1.9245437E-01 -9.7453055E-01 -6.0784449E-01 -1.2062534E+00 -4.5596757E-01
-8.1824055E-01 1.9027536E-01 -9.7097629E-01 -6.0571946E-01 -1.1993886E+00 -4.6100751E-01
-8.2558223E-01 1.9730926E-01 -9.9020741E-01 -6.0720886E-01 -1.2201598E+00 -4.5352229E-01
-8.3135210E-01 2.1286044E-01 -1.0183245E+00 -5.9984809E-01 -1.2521880E+00 -4.2831096E-01
-9.0146680E-01 2.2446768E-01 -1.1055333E+00 -6.6177947E-01 -1.3612152E+00 -4.8130692E-01
-1.0863107E+00 3.0990994E-01 -1.3706158E+00 -7.7157795E-01 -1.7311051E+00 -4.9515190E-01
-1.2905921E+00 4.2468579E-01 -1.7160167E+00 -8.6760895E-01 -2.1403859E+00 -4.9048755E-01
-1.5019032E+00 5.7271328E-01 -2.0649378E+00 -8.9288400E-01 -2.6287552E+00 -4.1512745E-01
-1.6037043E+00 6.5868249E-01 -2.2601648E+00 -8.8620573E-01 -2.8755621E+00 -3.7969209E-01
-1.6047913E+00 6.6101052E-01 -2.2640084E+00 -8.7887978E-01 -2.8754918E+00 -3.7988688E-01
-1.6919225E+00 7.3416832E-01 -2.4982464E+00 -8.8273451E-01 -3.0562493E+00 -3.7540269E-01
-1.7579372E+00 8.2317886E-01 -2.6691672E+00 -8.4553792E-01 -3.2584609E+00 -2.9345218E-01
-1.7594897E+00 8.2462499E-01 -2.6737178E+00 -8.4656778E-01 -3.2629563E+00 -2.7878722E-01
-1.7763259E+00 8.5487660E-01 -2.7239531E+00 -8.2639729E-01 -3.3331139E+00 -2.3106226E-01
