-9.7705756E-01 1.7217494E-01 -1.1506112E+00 -8.0675739E-01 -1.3179134E+00 -6.4782412E-01
-9.7703478E-01 1.4465693E-01 -1.1158621E+00 -8.2847139E-01 -1.2669590E+00 -7.0111089E-01
-9.7723006E-01 1.3950229E-01 -1.1145416E+00 -8.3822114E-01 -1.2577773E+00 -7.1225057E-01
-9.7364025E-01 1.2260676E-01 -1.0875321E+00 -8.4756564E-01 -1.2214966E+00 -7.3708052E-01
-9.7288016E-01 1.6307216E-01 -1.1175630E+00 -8.0165323E-01 -1.3155824E+00 -6.6789488E-01
-9.9076698E-01 1.9631869E-01 -1.1498465E+00 -7.7701610E-01 -1.3847507E+00 -6.1567680E-01
-1.0148381E+00 2.1364013E-01 -1.1850204E+00 -7.8314252E-01 -1.4382276E+00 -6.1282698E-01
-1.0300301E+00 2.1405711E-01 -1.1918830E+00 -7.8987173E-01 -1.4529311E+00 -6.3365087E-01
-1.0591833E+00 2.2383479E-01 -1.2328862E+00 -8.0908731E-01 -1.5122650E+00 -6.4403256E-01
-1.0714768E+00 2.4023370E-01 -1.2707949E+00 -8.0912791E-01 -1.5611550E+00 -6.1756140E-01
-1.1096773E+00 2.4517666E-01 -1.3400026E+00 -8.5201141E-01 -1.6071514E+00 -6.4726555E-01
-1.1807346E+00 3.2919732E-01 -1.5014007E+00 -8.5349686E-01 -1.8535941E+00 -5.5946539E-01
-1.2413397E+00 4.5329723E-01 -1.6412202E+00 -7.5753182E-01 -2.2003097E+00 -4.0721602E-01
-1.2987751E+00 6.0762739E-01 -1.8100433E+00 -6.1170882E-01 -2.5433267E+00 -1.7089899E-01
-1.3294617E+00 6.9028844E-01 -1.8782667E+00 -5.0484811E-01 -2.7456306E+00 -9.1589409E-02
-1.3315067E+00 6.9004345E-01 -1.8753855E+00 -5.0365755E-01 -2.7428523E+00 -9.9876082E-02
-1.3646725E+00 7.4654208E-01 -1.8704197E+00 -3.9363396E-01 -2.8699404E+00 -1.3754116E-01
-1.3886801E+00 8.2025953E-01 -1.8649983E+00 -2.3573836E-01 -2.9904602E+00 -9.1576470E-02
-1.3885007E+00 8.1902749E-01 -1.8677358E+00 -2.4244940E-01 -2.9804061E+00 -9.5144703E-02
-1.3952663E+00 8.4334930E-01 -1.9354769E+00 -2.5289112E-01 -3.0138650E+00 -5.2276721E-02
