-1.1679426E+00 1.8014540E-01 -1.3403327E+00 -9.9078495E-01 -1.5176675E+00 -8.0787909E-01
-1.1587033E+00 1.5407532E-01 -1.2928928E+00 -9.9801142E-01 -1.4570834E+00 -8.5999308E-01
-1.1565657E+00 1.4699402E-01 -1.2832793E+00 -1.0044444E+00 -1.4417752E+00 -8.7399921E-01
-1.1167928E+00 1.3167908E-01 -1.2258984E+00 -9.8501900E-01 -1.3613552E+00 -8.7070697E-01
-1.0227397E+00 1.6529081E-01 -1.1719956E+00 -8.6674740E-01 -1.3330637E+00 -7.0422559E-01
-9.3025161E-01 1.8595564E-01 -1.0814412E+00 -7.3503370E-01 -1.2927259E+00 -5.7396335E-01
-8.9576799E-01 1.9768491E-01 -1.0527225E+00 -6.8479943E-01 -1.2962672E+00 -5.1523954E-01
-8.9082111E-01 1.9976558E-01 -1.0453671E+00 -6.7501775E-01 -1.3054789E+00 -5.1138759E-01
-8.9725847E-01 2.0787453E-01 -1.0719132E+00 -6.7052792E-01 -1.3605015E+00 -5.2463847E-01
-9.0324131E-01 2.2432445E-01 -1.1033852E+00 -6.6114939E-01 -1.3772635E+00 -4.9166392E-01
-9.7635649E-01 2.3511290E-01 -1.2099626E+00 -7.4081177E-01 -1.4553577E+00 -5.2788342E-01
-1.1694002E+00 3.2647707E-01 -1.4991676E+00 -8.4160430E-01 -1.8176430E+00 -5.3883852E-01
-1.3804438E+00 4.4885409E-01 -1.8300745E+00 -9.3878647E-01 -2.2912460E+00 -5.1473216E-01
-1.5970489E+00 5.9779245E-01 -2.1775810E+00 -9.6737715E-01 -2.7762081E+00 -4.3751302E-01
-1.7010553E+00 6.7992309E-01 -2.4199103E+00 -9.8795309E-01 -2.9875601E+00 -3.9725016E-01
-1.7030286E+00 6.7979129E-01 -2.4243860E+00 -9.9022769E-01 -2.9816289E+00 -4.0562713E-01
-1.7882520E+00 7.5096767E-01 -2.6963120E+00 -1.0328562E+00 -3.1165046E+00 -4.5088146E-01
-1.8515540E+00 8.4093585E-01 -2.8916744E+00 -1.0207259E+00 -3.3423489E+00 -3.5857197E-01
-1.8529452E+00 8.4375002E-01 -2.8927247E+00 -1.0167115E+00 -3.3625536E+00 -3.7782927E-01
-1.8667838E+00 8.7395440E-01 -2.9217256E+00 -9.8836287E-01 -3.4778627E+00 -7.0826014E-02
