-1.1488607E+00 1.7898923E-01 -1.3234458E+00 -9.6931732E-01 -1.5053388E+00 -8.0651419E-01
-1.1251422E+00 1.5213443E-01 -1.2755130E+00 -9.7369072E-01 -1.4299787E+00 -8.3385057E-01
-1.1132464E+00 1.4518733E-01 -1.2557446E+00 -9.6789151E-01 -1.4071478E+00 -8.3858720E-01
-1.0476755E+00 1.2999617E-01 -1.1752359E+00 -9.2076919E-01 -1.3155055E+00 -7.9854010E-01
-9.4743152E-01 1.7343020E-01 -1.0938219E+00 -7.5933113E-01 -1.3241327E+00 -6.2991805E-01
-9.1098753E-01 2.0898983E-01 -1.0723090E+00 -6.8775603E-01 -1.3434174E+00 -5.1649740E-01
-9.2513135E-01 2.2229413E-01 -1.0937257E+00 -6.8477071E-01 -1.3762245E+00 -5.1444443E-01
-9.4506489E-01 2.1916779E-01 -1.1110794E+00 -7.0447182E-01 -1.3864096E+00 -5.4248365E-01
-9.7739893E-01 2.2574765E-01 -1.1547342E+00 -7.2559675E-01 -1.4281959E+00 -5.5902816E-01
-9.9545925E-01 2.4037727E-01 -1.1944692E+00 -7.2948866E-01 -1.4749399E+00 -5.4244548E-01
-1.0275149E+00 2.4718265E-01 -1.2484936E+00 -7.5877878E-01 -1.5446192E+00 -5.7650077E-01
-1.0735127E+00 3.2532721E-01 -1.3786371E+00 -7.3623381E-01 -1.7410613E+00 -4.5172522E-01
-1.1005688E+00 4.3398738E-01 -1.4896949E+00 -6.4114436E-01 -2.0114931E+00 -2.9142098E-01
-1.1252484E+00 5.6726804E-01 -1.5852035E+00 -4.8540432E-01 -2.2976184E+00 -7.1372580E-02
-1.1442401E+00 6.4040291E-01 -1.6277359E+00 -3.9368551E-01 -2.4740855E+00 8.0673627E-03
-1.1452590E+00 6.4105832E-01 -1.6262307E+00 -3.9158081E-01 -2.4769051E+00 3.0735651E-03
-1.1862368E+00 6.9905701E-01 -1.6548042E+00 -3.1471531E-01 -2.6210224E+00 -2.2099346E-02
-1.2277014E+00 7.7804564E-01 -1.6752322E+00 -1.3763794E-01 -2.7680758E+00 2.0019322E-02
-1.2330624E+00 7.7783957E-01 -1.6571284E+00 -1.0578061E-01 -2.7496626E+00 -1.4454863E-02
-1.2470485E+00 8.0428377E-01 -1.6670190E+00 -4.3867200E-02 -2.7915949E+00 -5.2949661E-03
