-1.1575480E+00 1.7638966E-01 -1.3317813E+00 -9.8160226E-01 -1.5155773E+00 -8.2311735E-01
-1.1535002E+00 1.4957919E-01 -1.2934887E+00 -9.9721869E-01 -1.4580838E+00 -8.7211017E-01
-1.1602740E+00 1.4314971E-01 -1.3027463E+00 -1.0176064E+00 -1.4496742E+00 -8.8827462E-01
-1.1328238E+00 1.1992756E-01 -1.2431021E+00 -1.0066129E+00 -1.3794787E+00 -9.0584278E-01
-1.0226931E+00 1.5667021E-01 -1.1647548E+00 -8.6083106E-01 -1.3451609E+00 -7.2858602E-01
-8.6505901E-01 1.8807597E-01 -1.0131064E+00 -6.6675161E-01 -1.2489669E+00 -5.0827006E-01
-7.8122850E-01 2.0422310E-01 -9.2681349E-01 -5.6170391E-01 -1.1963143E+00 -3.9940513E-01
-7.5830854E-01 2.0621190E-01 -9.0149801E-01 -5.3655606E-01 -1.1715389E+00 -3.7914712E-01
-7.4051202E-01 2.1614723E-01 -8.9701816E-01 -5.0938012E-01 -1.1658090E+00 -3.3107163E-01
-7.3305363E-01 2.3128417E-01 -9.1455659E-01 -4.9075947E-01 -1.1804263E+00 -2.9316198E-01
-8.1374922E-01 2.3648502E-01 -1.0252456E+00 -5.7076038E-01 -1.2793727E+00 -3.4923893E-01
-1.0705514E+00 3.1276922E-01 -1.3753953E+00 -7.6385569E-01 -1.7068524E+00 -4.6396673E-01
-1.3743863E+00 4.3381755E-01 -1.7859518E+00 -9.1634938E-01 -2.2442626E+00 -5.6378075E-01
-1.6904225E+00 5.9359227E-01 -2.3014726E+00 -1.0772554E+00 -2.8155094E+00 -5.4238102E-01
-1.8369157E+00 6.8253107E-01 -2.5869244E+00 -1.1679593E+00 -3.1194996E+00 -5.1523127E-01
-1.8406175E+00 6.8494025E-01 -2.5957912E+00 -1.1704313E+00 -3.0853492E+00 -4.5727065E-01
-1.9334135E+00 7.4772441E-01 -2.8258009E+00 -1.2385005E+00 -3.3114909E+00 -5.4973334E-01
-1.9914230E+00 8.1839375E-01 -3.0282040E+00 -1.2571720E+00 -3.4432829E+00 -5.4239552E-01
-1.9885718E+00 8.1803928E-01 -3.0412212E+00 -1.2661570E+00 -3.4255492E+00 -5.3536731E-01
-2.0014435E+00 8.3884092E-01 -3.0843840E+00 -1.2580871E+00 -3.5000000E+00 -5.4501607E-01
