-1.1553306E+00 1.7204818E-01 -1.3171119E+00 -9.7631591E-01 -1.5073011E+00 -8.2728674E-01
-1.1371149E+00 1.4479903E-01 -1.2740336E+00 -9.8920547E-01 -1.4326244E+00 -8.5909733E-01
-1.1312143E+00 1.3825615E-01 -1.2665679E+00 -9.9616205E-01 -1.4141930E+00 -8.6535454E-01
-1.0699068E+00 1.2170231E-01 -1.1868619E+00 -9.5030544E-01 -1.3205396E+00 -8.3784418E-01
-9.5802222E-01 1.6430258E-01 -1.1010174E+00 -7.8979109E-01 -1.2756987E+00 -6.3813716E-01
-8.9065635E-01 1.9401906E-01 -1.0441765E+00 -6.8984511E-01 -1.2743087E+00 -5.2807829E-01
-8.8718700E-01 2.0422743E-01 -1.0441148E+00 -6.6837331E-01 -1.2881264E+00 -5.0802187E-01
-9.0220523E-01 2.0469846E-01 -1.0585676E+00 -6.7929882E-01 -1.3062777E+00 -5.1927837E-01
-9.3425142E-01 2.1456683E-01 -1.1024911E+00 -6.9390533E-01 -1.3791116E+00 -5.4259725E-01
-9.5417294E-01 2.3346490E-01 -1.1494639E+00 -7.0006786E-01 -1.4352153E+00 -5.1422178E-01
-1.0312288E+00 2.4561498E-01 -1.2487025E+00 -7.6961152E-01 -1.5235644E+00 -5.5715674E-01
-1.1910852E+00 3.2854838E-01 -1.5032165E+00 -8.4884589E-01 -1.8601789E+00 -5.6868840E-01
-1.3434863E+00 4.4635298E-01 -1.7694550E+00 -8.7998622E-01 -2.2521057E+00 -5.0359588E-01
-1.4925834E+00 5.9689563E-01 -2.0404395E+00 -8.4510014E-01 -2.6994627E+00 -3.8115041E-01
-1.5636615E+00 6.8002032E-01 -2.1877237E+00 -8.0246245E-01 -2.9213692E+00 -3.1393374E-01
-1.5658174E+00 6.7939404E-01 -2.1892414E+00 -8.0036028E-01 -2.9195552E+00 -3.2510108E-01
-1.6243087E+00 7.4435204E-01 -2.3063617E+00 -7.3199868E-01 -3.0680120E+00 -3.0148963E-01
-1.6673198E+00 8.2690641E-01 -2.4814826E+00 -6.9044566E-01 -3.1801512E+00 -1.7701286E-01
-1.6673582E+00 8.2772383E-01 -2.4829763E+00 -6.8725911E-01 -3.1767701E+00 -1.7975873E-01
-1.6761888E+00 8.5695763E-01 -2.5463560E+00 -6.7590259E-01 -3.2446465E+00 -1.3762941E-01
