-1.0480803E+00 1.6858414E-01 -1.2173340E+00 -8.7882754E-01 -1.3820278E+00 -7.2269376E-01
-1.0527664E+00 1.4101061E-01 -1.1912133E+00 -9.1156018E-01 -1.3390194E+00 -7.8429052E-01
-1.0541047E+00 1.3495621E-01 -1.1879596E+00 -9.2025554E-01 -1.3268963E+00 -7.9838015E-01
-1.0666148E+00 1.1618517E-01 -1.1718502E+00 -9.4680361E-01 -1.2936511E+00 -8.3898447E-01
-1.0771458E+00 1.6275228E-01 -1.2159183E+00 -9.0385439E-01 -1.3933907E+00 -7.6691707E-01
-1.0538565E+00 2.0126961E-01 -1.2031934E+00 -8.3461145E-01 -1.4666548E+00 -6.8151545E-01
-1.0231358E+00 2.2089381E-01 -1.1778113E+00 -7.7954096E-01 -1.4752012E+00 -6.1825341E-01
-1.0012707E+00 2.2275968E-01 -1.1555563E+00 -7.5627968E-01 -1.4605750E+00 -5.9297882E-01
-9.7578610E-01 2.3162898E-01 -1.1435080E+00 -7.2167595E-01 -1.4546660E+00 -5.4478851E-01
-9.6088329E-01 2.4576877E-01 -1.1518690E+00 -6.9288134E-01 -1.4598954E+00 -4.9859972E-01
-9.8845060E-01 2.4417876E-01 -1.2032136E+00 -7.2915384E-01 -1.4775435E+00 -5.2025276E-01
-1.1153698E+00 3.1403776E-01 -1.4087593E+00 -7.9152755E-01 -1.7548706E+00 -5.1696562E-01
-1.2937046E+00 4.4033595E-01 -1.7308674E+00 -8.5780711E-01 -2.1740432E+00 -4.4910071E-01
-1.5084355E+00 6.0098821E-01 -2.1153204E+00 -9.0428542E-01 -2.6533985E+00 -3.0923421E-01
-1.6254827E+00 6.8453777E-01 -2.3318227E+00 -9.2304267E-01 -2.9044580E+00 -2.6422135E-01
-1.6333968E+00 6.8426768E-01 -2.3423640E+00 -9.2955368E-01 -2.9094500E+00 -2.7997269E-01
-1.7314599E+00 7.4754755E-01 -2.5430377E+00 -9.3537296E-01 -3.1192693E+00 -3.4926701E-01
-1.8019988E+00 8.2367142E-01 -2.7107562E+00 -9.1167939E-01 -3.3383547E+00 -3.3339368E-01
-1.8028876E+00 8.2406363E-01 -2.7121083E+00 -9.1014649E-01 -3.3462322E+00 -2.2192303E-01
-1.8203809E+00 8.4765261E-01 -2.7558349E+00 -8.9668217E-01 -3.4572827E+00 -3.7192571E-01
