-1.3421649E+00 1.9185344E-01 -1.5238046E+00 -1.1404887E+00 -1.7295772E+00 -9.7761733E-01
-1.3171404E+00 1.6668422E-01 -1.4690011E+00 -1.1391423E+00 -1.6594356E+00 -1.0047508E+00
-1.3039593E+00 1.6090001E-01 -1.4487312E+00 -1.1327585E+00 -1.6367639E+00 -1.0029060E+00
-1.2452721E+00 1.4757350E-01 -1.3728892E+00 -1.0851649E+00 -1.5458707E+00 -9.6457102E-01
-1.1672722E+00 1.9804792E-01 -1.3372444E+00 -9.5529328E-01 -1.5629184E+00 -7.8504332E-01
-1.1485666E+00 2.4568100E-01 -1.3405661E+00 -8.8055990E-01 -1.6486246E+00 -6.9115271E-01
-1.1600466E+00 2.6086842E-01 -1.3525672E+00 -8.6681120E-01 -1.6918458E+00 -6.7750517E-01
-1.1744795E+00 2.5710065E-01 -1.3669063E+00 -8.8484977E-01 -1.6943873E+00 -6.9959465E-01
-1.1736531E+00 2.5830993E-01 -1.3784902E+00 -8.8272075E-01 -1.6919208E+00 -6.9743299E-01
-1.1706958E+00 2.6943585E-01 -1.3895042E+00 -8.6513160E-01 -1.7072123E+00 -6.6917763E-01
-1.1129553E+00 2.7330842E-01 -1.3480834E+00 -8.0483440E-01 -1.6618150E+00 -5.9660227E-01
-9.7027978E-01 3.3238118E-01 -1.2997911E+00 -6.3247159E-01 -1.6246629E+00 -3.2703891E-01
-8.3600021E-01 4.0761290E-01 -1.2380748E+00 -4.2997108E-01 -1.6473418E+00 -5.4370845E-02
-7.2964383E-01 4.9377963E-01 -1.1580591E+00 -1.9619589E-01 -1.6805505E+00 2.1521313E-01
-7.0202523E-01 5.3549889E-01 -1.1126179E+00 -1.0604275E-01 -1.7473370E+00 3.0109817E-01
-7.0635091E-01 5.3392270E-01 -1.1079424E+00 -1.0943827E-01 -1.7527971E+00 2.8719227E-01
-7.3142675E-01 5.4639711E-01 -1.0461820E+00 -9.8594104E-02 -1.8392483E+00 1.6950633E-01
-7.6490752E-01 5.9292378E-01 -9.9602595E-01 -4.0827524E-02 -2.0000704E+00 9.0027302E-02
-7.6879193E-01 5.9211413E-01 -9.7998085E-01 -4.2776586E-02 -1.9945391E+00 4.8008013E-02
-7.7918378E-01 6.1186850E-01 -9.6514565E-01 -9.2624872E-03 -2.0195115E+00 1.8429172E-02
