-1.1201417E+00 1.9152915E-01 -1.2993269E+00 -9.2206985E-01 -1.5102612E+00 -7.5482612E-01
-1.1180433E+00 1.6519527E-01 -1.2687897E+00 -9.4860596E-01 -1.4579373E+00 -8.0600566E-01
-1.1172483E+00 1.6005303E-01 -1.2614087E+00 -9.5094741E-01 -1.4532798E+00 -8.1659280E-01
-1.1194913E+00 1.4619128E-01 -1.2456202E+00 -9.6318599E-01 -1.4160350E+00 -8.3681952E-01
-1.1221198E+00 1.9491385E-01 -1.2794046E+00 -9.1058195E-01 -1.5119674E+00 -7.5741191E-01
-1.1202466E+00 2.4902582E-01 -1.2952551E+00 -8.4220860E-01 -1.6147666E+00 -6.6578677E-01
-1.1135877E+00 2.7517947E-01 -1.3033854E+00 -8.0021918E-01 -1.6758490E+00 -6.1164158E-01
-1.1073462E+00 2.7598114E-01 -1.2937830E+00 -7.8755373E-01 -1.6741626E+00 -6.0157472E-01
-1.0876659E+00 2.7772866E-01 -1.2821674E+00 -7.6528609E-01 -1.6820458E+00 -5.8760277E-01
-1.0752732E+00 2.8753352E-01 -1.2888468E+00 -7.4417107E-01 -1.6880111E+00 -5.5707792E-01
-1.0212084E+00 2.7443394E-01 -1.2558195E+00 -7.1879318E-01 -1.6053251E+00 -5.2563349E-01
-9.2902134E-01 3.2861699E-01 -1.2309037E+00 -5.7170890E-01 -1.5724188E+00 -3.0269822E-01
-8.7967892E-01 4.3889894E-01 -1.2686415E+00 -4.2066964E-01 -1.8089682E+00 -5.8602069E-02
-8.8121945E-01 5.7282948E-01 -1.3478344E+00 -2.7186355E-01 -2.0036652E+00 2.9977832E-01
-9.0940522E-01 6.3996586E-01 -1.4185855E+00 -2.1285508E-01 -2.1565058E+00 3.7662860E-01
-9.1454201E-01 6.3911369E-01 -1.4158920E+00 -2.1009187E-01 -2.1683208E+00 3.4686745E-01
-9.8011000E-01 6.7777470E-01 -1.4445781E+00 -1.7010533E-01 -2.3278840E+00 2.0397492E-01
-1.0442853E+00 7.3717643E-01 -1.3721071E+00 -9.5633196E-03 -2.5139370E+00 6.3625566E-02
-1.0510786E+00 7.3718485E-01 -1.3714110E+00 -1.8594559E-02 -2.4904365E+00 4.0982731E-02
-1.0715112E+00 7.6084802E-01 -1.3731272E+00 -2.3916593E-03 -2.5718514E+00 1.2581651E-02
