-1.2717036E+00 1.7954438E-01 -1.4474785E+00 -1.0951942E+00 -1.6359292E+00 -9.2871695E-01
-1.2492961E+00 1.5559766E-01 -1.3884807E+00 -1.0857732E+00 -1.5753991E+00 -9.5805775E-01
-1.2436805E+00 1.4832192E-01 -1.3778580E+00 -1.0882182E+00 -1.5558677E+00 -9.6726812E-01
-1.1459412E+00 1.2843619E-01 -1.2575328E+00 -1.0105049E+00 -1.4140469E+00 -9.0896708E-01
-9.4654925E-01 1.6543871E-01 -1.0922413E+00 -7.7228143E-01 -1.2860994E+00 -6.4084754E-01
-7.9698297E-01 2.0215434E-01 -9.5126891E-01 -5.8120790E-01 -1.1969247E+00 -4.1950231E-01
-7.6657587E-01 2.1996069E-01 -9.2089355E-01 -5.3466054E-01 -1.2013907E+00 -3.6111847E-01
-7.8513229E-01 2.1913972E-01 -9.3403730E-01 -5.5376076E-01 -1.2104554E+00 -3.8789518E-01
-8.2662832E-01 2.2617696E-01 -9.8737056E-01 -5.9213072E-01 -1.2529532E+00 -4.0807168E-01
-8.5440812E-01 2.4146289E-01 -1.0370753E+00 -6.0576135E-01 -1.3023711E+00 -3.9984009E-01
-9.6260306E-01 2.4049932E-01 -1.1778170E+00 -7.1454494E-01 -1.4150823E+00 -4.9835069E-01
-1.1872628E+00 3.2655516E-01 -1.4923916E+00 -8.4710366E-01 -1.8469994E+00 -5.6123846E-01
-1.3863296E+00 4.6604570E-01 -1.8199256E+00 -8.8859811E-01 -2.3335780E+00 -5.1158267E-01
-1.5592514E+00 6.3932834E-01 -2.1693170E+00 -8.6218743E-01 -2.8261645E+00 -3.4030371E-01
-1.6301860E+00 7.2919455E-01 -2.3480022E+00 -8.2950545E-01 -3.0392495E+00 -2.3720310E-01
-1.6285717E+00 7.3126276E-01 -2.3483132E+00 -8.2201005E-01 -3.0385900E+00 -2.2962052E-01
-1.6748471E+00 7.9406587E-01 -2.4457046E+00 -7.2957660E-01 -3.1896634E+00 -2.8056821E-01
-1.7072002E+00 8.6466726E-01 -2.6737235E+00 -7.4804954E-01 -3.2718340E+00 -1.8646048E-01
-1.7085681E+00 8.6231641E-01 -2.6730956E+00 -7.5074525E-01 -3.2662425E+00 -1.9399882E-01
-1.7167556E+00 8.8780387E-01 -2.7083981E+00 -7.3025671E-01 -3.3234233E+00 -1.3313460E-01
