-1.0966875E+00 1.6743196E-01 -1.2622960E+00 -9.2956337E-01 -1.4356335E+00 -7.7614746E-01
-1.0875385E+00 1.4178948E-01 -1.2198997E+00 -9.3838744E-01 -1.3764574E+00 -8.1930737E-01
-1.0840295E+00 1.3596073E-01 -1.2107063E+00 -9.4072400E-01 -1.3604183E+00 -8.2923623E-01
-1.0513044E+00 1.1896582E-01 -1.1696274E+00 -9.3386446E-01 -1.2893494E+00 -8.2414317E-01
-1.0048255E+00 1.5800754E-01 -1.1464247E+00 -8.3768307E-01 -1.3386576E+00 -7.1202799E-01
-1.0042323E+00 1.9139844E-01 -1.1537278E+00 -7.9913649E-01 -1.3992755E+00 -6.4399572E-01
-1.0341031E+00 2.0813427E-01 -1.1972840E+00 -8.1211370E-01 -1.4457408E+00 -6.4131933E-01
-1.0600538E+00 2.0695265E-01 -1.2183805E+00 -8.3525540E-01 -1.4741417E+00 -6.7387080E-01
-1.1102820E+00 2.1728979E-01 -1.2745498E+00 -8.7381059E-01 -1.5382092E+00 -7.0094256E-01
-1.1361707E+00 2.3580745E-01 -1.3189733E+00 -8.8239412E-01 -1.6003751E+00 -6.8778399E-01
-1.2099649E+00 2.5384627E-01 -1.4177512E+00 -9.3747304E-01 -1.7409714E+00 -7.3547162E-01
-1.3336039E+00 3.4390967E-01 -1.6561666E+00 -9.7232960E-01 -2.0169086E+00 -6.8025897E-01
-1.4268230E+00 4.5480258E-01 -1.8321462E+00 -9.4139070E-01 -2.3710493E+00 -5.7826167E-01
-1.5028108E+00 5.9634543E-01 -2.0047592E+00 -8.1619806E-01 -2.7645773E+00 -4.4138257E-01
-1.5357185E+00 6.7929215E-01 -2.1140678E+00 -7.2718827E-01 -2.9001532E+00 -3.2194475E-01
-1.5357936E+00 6.8179724E-01 -2.1200019E+00 -7.2077446E-01 -2.8892254E+00 -3.1762268E-01
-1.5627213E+00 7.5543302E-01 -2.1848702E+00 -5.9138221E-01 -3.0143125E+00 -2.6717451E-01
-1.5801061E+00 8.4232883E-01 -2.2740688E+00 -4.5196012E-01 -3.1576515E+00 -1.4027579E-01
-1.5781553E+00 8.4201855E-01 -2.2558792E+00 -4.3215604E-01 -3.1226938E+00 -1.1058911E-01
-1.5802778E+00 8.7006083E-01 -2.3513093E+00 -4.6538823E-01 -3.3191774E+00 -1.4910768E-02
