-1.3047049E+00 1.8668353E-01 -1.4865653E+00 -1.1221234E+00 -1.6826456E+00 -9.4507847E-01
-1.2788211E+00 1.6213199E-01 -1.4302862E+00 -1.1146687E+00 -1.6114456E+00 -9.7066208E-01
-1.2694101E+00 1.5797531E-01 -1.4130495E+00 -1.1063040E+00 -1.5805189E+00 -9.6019656E-01
-1.1852263E+00 1.4222226E-01 -1.3071129E+00 -1.0370515E+00 -1.4762606E+00 -9.0917330E-01
-1.0278170E+00 1.7688728E-01 -1.1811056E+00 -8.3868915E-01 -1.4047397E+00 -7.0499995E-01
-9.1870390E-01 2.0800349E-01 -1.0871483E+00 -6.8866637E-01 -1.3359557E+00 -5.2669275E-01
-8.9609268E-01 2.2300045E-01 -1.0694153E+00 -6.4670386E-01 -1.3479728E+00 -4.8246633E-01
-9.0471759E-01 2.2387384E-01 -1.0801723E+00 -6.5349305E-01 -1.3551950E+00 -4.9230622E-01
-9.1150067E-01 2.3225087E-01 -1.0963749E+00 -6.5379881E-01 -1.3828267E+00 -4.8232107E-01
-9.1695261E-01 2.4678714E-01 -1.1196283E+00 -6.4620776E-01 -1.4209282E+00 -4.5341495E-01
-9.3455290E-01 2.5021796E-01 -1.1544080E+00 -6.6203631E-01 -1.4419158E+00 -4.6053412E-01
-9.7756874E-01 3.2031955E-01 -1.2772350E+00 -6.4571703E-01 -1.6309191E+00 -3.7295624E-01
-1.0283534E+00 4.2686869E-01 -1.4108140E+00 -5.7801221E-01 -1.8760627E+00 -2.0149285E-01
-1.0955524E+00 5.6797537E-01 -1.5733799E+00 -4.7443059E-01 -2.3166842E+00 -5.3861738E-02
-1.1415906E+00 6.4659798E-01 -1.6605667E+00 -4.0397070E-01 -2.5510255E+00 1.3726116E-02
-1.1452884E+00 6.4713045E-01 -1.6657321E+00 -4.0794066E-01 -2.4838452E+00 6.8429467E-02
-1.2099499E+00 7.0597287E-01 -1.7117308E+00 -3.2872636E-01 -2.6687804E+00 7.9392569E-04
-1.2667695E+00 7.8420415E-01 -1.6838027E+00 -1.4906548E-01 -2.8272958E+00 -3.9236010E-03
-1.2706344E+00 7.8661991E-01 -1.6598672E+00 -1.3333786E-01 -2.8214610E+00 -3.2463074E-02
-1.2889646E+00 8.1537223E-01 -1.6665706E+00 -1.0174955E-01 -2.8827863E+00 -3.6170067E-02
