-1.3195704E+00 1.7646906E-01 -1.4972118E+00 -1.1447834E+00 -1.6753982E+00 -9.8608606E-01
-1.2904043E+00 1.5217851E-01 -1.4322804E+00 -1.1297571E+00 -1.6029273E+00 -1.0073238E+00
-1.2850801E+00 1.4608543E-01 -1.4214429E+00 -1.1320483E+00 -1.5862945E+00 -1.0119176E+00
-1.1782281E+00 1.2684576E-01 -1.2950488E+00 -1.0442228E+00 -1.4405952E+00 -9.4106643E-01
-9.3312755E-01 1.5399999E-01 -1.0707558E+00 -7.6803040E-01 -1.2379800E+00 -6.3592565E-01
-7.0966123E-01 1.7141557E-01 -8.5515629E-01 -5.2548634E-01 -1.0571120E+00 -3.8446784E-01
-6.3508457E-01 1.7940388E-01 -7.7956249E-01 -4.3714713E-01 -1.0294940E+00 -3.1658127E-01
-6.3835013E-01 1.7681811E-01 -7.8181060E-01 -4.4602491E-01 -1.0122996E+00 -3.0564290E-01
-6.6318158E-01 1.8247421E-01 -8.1040987E-01 -4.6182165E-01 -1.0460163E+00 -3.2142098E-01
-6.8186700E-01 1.9851198E-01 -8.4989606E-01 -4.6544011E-01 -1.0894223E+00 -3.0434824E-01
-8.1483710E-01 2.1082689E-01 -1.0088671E+00 -5.9197719E-01 -1.2441510E+00 -4.1611646E-01
-1.1362689E+00 3.1385561E-01 -1.4433908E+00 -8.2431463E-01 -1.7695173E+00 -5.2743478E-01
-1.4562465E+00 4.4416023E-01 -1.8918244E+00 -1.0093201E+00 -2.3549508E+00 -5.9512737E-01
-1.7541659E+00 5.9339959E-01 -2.3582011E+00 -1.1575931E+00 -2.8947527E+00 -5.6496545E-01
-1.8815430E+00 6.7480596E-01 -2.6311724E+00 -1.2252665E+00 -3.1153574E+00 -5.3429787E-01
-1.8823957E+00 6.7533009E-01 -2.6385666E+00 -1.2264577E+00 -3.1095456E+00 -5.2968296E-01
-1.9569375E+00 7.4194466E-01 -2.8909469E+00 -1.3147004E+00 -3.2497267E+00 -5.3352135E-01
-2.0015756E+00 8.2447841E-01 -3.1027580E+00 -1.3365097E+00 -3.4364597E+00 -4.8461869E-01
-1.9985447E+00 8.2456177E-01 -3.1017193E+00 -1.3298159E+00 -3.4196744E+00 -2.7398490E-01
-2.0071353E+00 8.4932393E-01 -3.1160249E+00 -1.2870842E+00 -3.5000000E+00 -4.9313584E-01
