-1.3150652E+00 1.8062760E-01 -1.4839016E+00 -1.1267941E+00 -1.6796626E+00 -9.7472755E-01
-1.2899503E+00 1.5661099E-01 -1.4328152E+00 -1.1241038E+00 -1.6092985E+00 -1.0001105E+00
-1.2835702E+00 1.5192438E-01 -1.4233611E+00 -1.1237120E+00 -1.5941801E+00 -1.0042085E+00
-1.2048391E+00 1.3246380E-01 -1.3266984E+00 -1.0677633E+00 -1.4617535E+00 -9.4668107E-01
-1.0502112E+00 1.7046902E-01 -1.2053069E+00 -8.7299620E-01 -1.3860568E+00 -7.1621617E-01
-9.4019350E-01 2.0433534E-01 -1.1092253E+00 -7.1945499E-01 -1.3493150E+00 -5.5287356E-01
-9.1768946E-01 2.1874678E-01 -1.0892389E+00 -6.7412171E-01 -1.3616610E+00 -5.0751722E-01
-9.2789533E-01 2.1682120E-01 -1.0957178E+00 -6.8559071E-01 -1.3747193E+00 -5.2441642E-01
-9.4794313E-01 2.2407703E-01 -1.1186588E+00 -7.0010300E-01 -1.4194583E+00 -5.3229026E-01
-9.6266299E-01 2.3916752E-01 -1.1519964E+00 -7.0351073E-01 -1.4604294E+00 -5.0809024E-01
-1.0100376E+00 2.4518978E-01 -1.2287599E+00 -7.5083108E-01 -1.5213267E+00 -5.5449662E-01
-1.1036188E+00 3.3404398E-01 -1.4230452E+00 -7.6360018E-01 -1.7758061E+00 -4.5787863E-01
-1.1815479E+00 4.5863109E-01 -1.5924808E+00 -6.8710839E-01 -2.1399960E+00 -3.3997785E-01
-1.2490547E+00 6.0733934E-01 -1.7414160E+00 -5.4048793E-01 -2.4973750E+00 -1.5009802E-01
-1.2831949E+00 6.8616251E-01 -1.8225287E+00 -4.5653032E-01 -2.6977837E+00 -6.9534379E-02
-1.2845087E+00 6.8562298E-01 -1.8282381E+00 -4.6240420E-01 -2.6946043E+00 -7.2827866E-02
-1.3276940E+00 7.4625433E-01 -1.8612305E+00 -3.7754392E-01 -2.8418679E+00 -8.6098178E-02
-1.3652516E+00 8.2396741E-01 -1.8407863E+00 -1.9364514E-01 -2.9834012E+00 -4.0924176E-02
-1.3661818E+00 8.2562129E-01 -1.8271204E+00 -1.8612425E-01 -2.9758172E+00 -5.1784209E-02
-1.3729910E+00 8.5448307E-01 -1.8360195E+00 -3.3179069E-02 -2.9864443E+00 -8.4869797E-03
