-1.0520730E+00 1.8529786E-01 -1.2371952E+00 -8.6753203E-01 -1.4153204E+00 -6.9570601E-01
-1.0570230E+00 1.6125356E-01 -1.2153073E+00 -8.9817998E-01 -1.3833908E+00 -7.4909325E-01
-1.0587728E+00 1.5757657E-01 -1.2057793E+00 -8.9705242E-01 -1.3785245E+00 -7.6213507E-01
-1.0789655E+00 1.4319291E-01 -1.2038622E+00 -9.2559033E-01 -1.3842801E+00 -8.1817799E-01
-1.1169392E+00 1.8868046E-01 -1.2651052E+00 -9.1061655E-01 -1.5086486E+00 -7.5879448E-01
-1.1375825E+00 2.3806757E-01 -1.3130747E+00 -8.6607399E-01 -1.6343305E+00 -7.1225493E-01
-1.1338516E+00 2.6473161E-01 -1.3258049E+00 -8.2467360E-01 -1.6871572E+00 -6.6360785E-01
-1.1250698E+00 2.6716209E-01 -1.3120804E+00 -8.1264241E-01 -1.6882100E+00 -6.5438046E-01
-1.0969300E+00 2.7525105E-01 -1.2901994E+00 -7.7295812E-01 -1.6720070E+00 -6.1216342E-01
-1.0775837E+00 2.8581322E-01 -1.2860359E+00 -7.4446089E-01 -1.6692756E+00 -5.6267117E-01
-1.0103059E+00 2.7288171E-01 -1.2355398E+00 -7.1142094E-01 -1.5776375E+00 -4.9296923E-01
-8.9235035E-01 3.1393878E-01 -1.1967648E+00 -5.7864350E-01 -1.5119964E+00 -2.8233447E-01
-8.1915686E-01 4.0377513E-01 -1.1888786E+00 -3.9884027E-01 -1.6638576E+00 -6.3613068E-02
-7.9998514E-01 5.2666735E-01 -1.2349852E+00 -2.0530461E-01 -1.8516570E+00 1.8504977E-01
-8.2290101E-01 5.9309134E-01 -1.2422331E+00 -9.9776672E-02 -2.0283754E+00 2.4933650E-01
-8.2996765E-01 5.9374378E-01 -1.2473167E+00 -1.0793609E-01 -2.0429755E+00 2.3975179E-01
-8.9210503E-01 6.3402205E-01 -1.2523221E+00 -1.0041309E-01 -2.2211774E+00 1.3103526E-01
-9.5173422E-01 6.9931783E-01 -1.2667529E+00 -4.1691479E-02 -2.3826597E+00 7.9185350E-02
-9.5538140E-01 6.9888502E-01 -1.2441467E+00 -3.5242124E-02 -2.3731354E+00 4.8964672E-02
-9.7062525E-01 7.2141490E-01 -1.2767221E+00 -4.2950424E-03 -2.4095699E+00 1.5974559E-02
