-1.0896345E+00 1.7224147E-01 -1.2613473E+00 -9.1986706E-01 -1.4349537E+00 -7.5787628E-01
-1.0745184E+00 1.4404948E-01 -1.2176999E+00 -9.3193919E-01 -1.3663230E+00 -7.9863646E-01
-1.0684691E+00 1.3624242E-01 -1.2017273E+00 -9.3471111E-01 -1.3477164E+00 -8.0822581E-01
-1.0245828E+00 1.1477856E-01 -1.1327063E+00 -9.0469208E-01 -1.2557454E+00 -8.0900244E-01
-9.4286138E-01 1.4991399E-01 -1.0883736E+00 -7.9323845E-01 -1.2399506E+00 -6.4787905E-01
-8.8684441E-01 1.7843940E-01 -1.0399306E+00 -6.9771711E-01 -1.2320590E+00 -5.4229777E-01
-8.7870769E-01 1.9646275E-01 -1.0292010E+00 -6.6982155E-01 -1.2760126E+00 -5.0975323E-01
-8.8487303E-01 1.9986677E-01 -1.0255146E+00 -6.6950956E-01 -1.2914033E+00 -5.1891883E-01
-9.0800475E-01 2.1566825E-01 -1.0627614E+00 -6.7454190E-01 -1.3507092E+00 -5.1239742E-01
-9.1610018E-01 2.3541408E-01 -1.0964971E+00 -6.6338110E-01 -1.4014680E+00 -4.7703240E-01
-1.0018172E+00 2.4545596E-01 -1.2110842E+00 -7.3942238E-01 -1.5418896E+00 -5.5466567E-01
-1.2259668E+00 3.2833979E-01 -1.5218942E+00 -8.7080594E-01 -1.8982160E+00 -6.1419258E-01
-1.4713431E+00 4.4657150E-01 -1.9011206E+00 -1.0041282E+00 -2.3755721E+00 -6.2695955E-01
-1.7197217E+00 6.0481976E-01 -2.3388507E+00 -1.1009785E+00 -2.8782247E+00 -5.4273283E-01
-1.8350620E+00 6.9537329E-01 -2.5991265E+00 -1.1608200E+00 -3.1089577E+00 -4.1738074E-01
-1.8380635E+00 6.9843995E-01 -2.6148885E+00 -1.1670931E+00 -3.1622731E+00 -4.7847480E-01
-1.9182691E+00 7.6490440E-01 -2.8678876E+00 -1.2525164E+00 -3.2991617E+00 -4.8429235E-01
-1.9706564E+00 8.4020257E-01 -3.0871907E+00 -1.2813428E+00 -3.4322083E+00 -2.4667081E-01
-1.9687806E+00 8.3930340E-01 -3.0951715E+00 -1.2869514E+00 -3.4178561E+00 -4.2409782E-01
-1.9807081E+00 8.6451343E-01 -3.1571631E+00 -1.2941054E+00 -3.5000000E+00 -4.3484852E-01
