-1.1080464E+00 1.8178363E-01 -1.2834867E+00 -9.2959843E-01 -1.4766454E+00 -7.5682678E-01
-1.1029002E+00 1.5692137E-01 -1.2448484E+00 -9.4207624E-01 -1.4347444E+00 -8.0853878E-01
-1.1013848E+00 1.5206085E-01 -1.2370032E+00 -9.4133732E-01 -1.4230426E+00 -8.2022517E-01
-1.0708373E+00 1.3513476E-01 -1.1812936E+00 -9.2427146E-01 -1.3455973E+00 -8.1303438E-01
-1.0071211E+00 1.7708860E-01 -1.1580629E+00 -8.1295407E-01 -1.3833549E+00 -6.8582644E-01
-9.5618510E-01 2.1400459E-01 -1.1230411E+00 -7.2469836E-01 -1.4103679E+00 -5.5767378E-01
-9.4443061E-01 2.2918559E-01 -1.1161519E+00 -6.9347410E-01 -1.4350805E+00 -5.2803817E-01
-9.5166572E-01 2.3186878E-01 -1.1161855E+00 -6.9325835E-01 -1.4453114E+00 -5.2835480E-01
-9.5900363E-01 2.3848596E-01 -1.1381352E+00 -6.9738206E-01 -1.4543836E+00 -5.2058727E-01
-9.6233058E-01 2.5246144E-01 -1.1639322E+00 -6.8773444E-01 -1.4774398E+00 -4.8941955E-01
-9.8314286E-01 2.5140376E-01 -1.2006996E+00 -7.1679460E-01 -1.5225575E+00 -5.2157542E-01
-1.0373436E+00 3.2384356E-01 -1.3556025E+00 -7.1234211E-01 -1.6815769E+00 -4.1442410E-01
-1.1034284E+00 4.4421591E-01 -1.5175778E+00 -6.4067932E-01 -2.0024201E+00 -2.6150559E-01
-1.1882474E+00 5.9552481E-01 -1.7189270E+00 -5.3211055E-01 -2.4296383E+00 -9.4465749E-02
-1.2412402E+00 6.7481594E-01 -1.8251012E+00 -4.5961260E-01 -2.6540622E+00 -5.7308766E-02
-1.2444606E+00 6.7562245E-01 -1.8365721E+00 -4.6655293E-01 -2.6110919E+00 -2.1673817E-02
-1.3070329E+00 7.3496267E-01 -1.8805484E+00 -3.7766745E-01 -2.7470107E+00 -4.4323513E-02
-1.3597633E+00 8.0882062E-01 -1.9062473E+00 -2.4364063E-01 -2.8888754E+00 -1.0622387E-02
-1.3628164E+00 8.0841867E-01 -1.8914744E+00 -2.2980986E-01 -2.8877952E+00 -2.7532809E-02
-1.3775717E+00 8.3055707E-01 -1.9161994E+00 -2.0749655E-01 -2.9241428E+00 -2.0370301E-02
