-9.9836214E-01 1.6880005E-01 -1.1650865E+00 -8.3260752E-01 -1.3330004E+00 -6.6893786E-01
-9.9245261E-01 1.4159871E-01 -1.1346124E+00 -8.5159759E-01 -1.2684390E+00 -7.1608058E-01
-9.8676821E-01 1.3526368E-01 -1.1228915E+00 -8.5351227E-01 -1.2473283E+00 -7.2022232E-01
-9.8192550E-01 1.2085836E-01 -1.1016061E+00 -8.6310749E-01 -1.2234513E+00 -7.4939958E-01
-1.0000628E+00 1.6605166E-01 -1.1492623E+00 -8.2154754E-01 -1.3379848E+00 -6.9352264E-01
-1.0490958E+00 1.9808126E-01 -1.2086094E+00 -8.2412771E-01 -1.4563533E+00 -6.8694571E-01
-1.0818354E+00 2.1547232E-01 -1.2472192E+00 -8.3957041E-01 -1.5335393E+00 -6.8244488E-01
-1.0907136E+00 2.1729703E-01 -1.2574377E+00 -8.4973721E-01 -1.5443809E+00 -6.8957124E-01
-1.1061989E+00 2.2665847E-01 -1.2836931E+00 -8.5474394E-01 -1.5691263E+00 -6.8603868E-01
-1.1109136E+00 2.4379298E-01 -1.3130591E+00 -8.4691902E-01 -1.5981568E+00 -6.4463703E-01
-1.1252536E+00 2.5022718E-01 -1.3525222E+00 -8.7063716E-01 -1.6200211E+00 -6.3127516E-01
-1.1566094E+00 3.3495701E-01 -1.4683097E+00 -8.0634226E-01 -1.8416735E+00 -5.2419840E-01
-1.1992056E+00 4.5336321E-01 -1.5995444E+00 -7.1397660E-01 -2.1441684E+00 -3.4747906E-01
-1.2618271E+00 5.8992144E-01 -1.7771875E+00 -6.0794831E-01 -2.4470438E+00 -1.5078271E-01
-1.3036603E+00 6.6166886E-01 -1.8575267E+00 -5.2235373E-01 -2.6239864E+00 -9.7467836E-02
-1.3065070E+00 6.6240506E-01 -1.8576215E+00 -5.1940693E-01 -2.6255096E+00 -1.0611755E-01
-1.3546427E+00 7.1449649E-01 -1.8941204E+00 -4.4345448E-01 -2.7560344E+00 -1.2736126E-01
-1.3941332E+00 7.8518224E-01 -1.9609548E+00 -3.7029580E-01 -2.9383490E+00 -8.6623972E-02
-1.3948246E+00 7.8656971E-01 -1.9567328E+00 -3.6574722E-01 -2.9129733E+00 -6.1780300E-02
-1.4070372E+00 8.0991827E-01 -1.9887759E+00 -3.4469458E-01 -2.9338782E+00 -2.0523792E-02
