-1.3635211E+00 1.6818123E-01 -1.5312062E+00 -1.1967513E+00 -1.6941682E+00 -1.0346173E+00
-1.3379632E+00 1.4255937E-01 -1.4785868E+00 -1.1978168E+00 -1.6236139E+00 -1.0618292E+00
-1.3324056E+00 1.3644076E-01 -1.4649986E+00 -1.1988954E+00 -1.6085784E+00 -1.0705425E+00
-1.2465014E+00 1.1984555E-01 -1.3568585E+00 -1.1222866E+00 -1.4917530E+00 -1.0217181E+00
-1.0488305E+00 1.5760673E-01 -1.1900443E+00 -8.8378975E-01 -1.3627280E+00 -7.4245344E-01
-8.5778717E-01 1.8242701E-01 -1.0108297E+00 -6.6470500E-01 -1.2151676E+00 -5.1114192E-01
-7.8422877E-01 1.8982283E-01 -9.3670082E-01 -5.8048761E-01 -1.1513644E+00 -4.2657624E-01
-7.7623455E-01 1.8730012E-01 -9.2315281E-01 -5.7285160E-01 -1.1413983E+00 -4.2864968E-01
-7.7998211E-01 1.9532347E-01 -9.3429385E-01 -5.6622209E-01 -1.1656288E+00 -4.2018910E-01
-7.8469584E-01 2.1152560E-01 -9.5661655E-01 -5.5573056E-01 -1.2078560E+00 -3.9624446E-01
-8.8104522E-01 2.2435505E-01 -1.0855236E+00 -6.4733746E-01 -1.3236964E+00 -4.6229612E-01
-1.1479689E+00 3.1919013E-01 -1.4585967E+00 -8.3224170E-01 -1.7941731E+00 -5.3597059E-01
-1.4490945E+00 4.4633366E-01 -1.8854778E+00 -1.0041358E+00 -2.3434414E+00 -5.8932674E-01
-1.7601761E+00 5.9225871E-01 -2.3574633E+00 -1.1760067E+00 -2.9326280E+00 -6.1122364E-01
-1.9050632E+00 6.6584496E-01 -2.6259255E+00 -1.2801770E+00 -3.2096983E+00 -6.5101620E-01
-1.9070635E+00 6.6681875E-01 -2.6307298E+00 -1.2821673E+00 -3.2160071E+00 -6.6172180E-01
-2.0060367E+00 7.1462382E-01 -2.8721436E+00 -1.3900181E+00 -3.3246633E+00 -6.9533877E-01
-2.0730430E+00 7.8118067E-01 -3.0851792E+00 -1.4337397E+00 -3.4631691E+00 -6.7079249E-01
-2.0713253E+00 7.8320157E-01 -3.0927348E+00 -1.4344490E+00 -3.4392797E+00 -6.6014442E-01
-2.0848542E+00 8.0847024E-01 -3.1506391E+00 -1.4376829E+00 -3.5000000E+00 -6.6019274E-01
