-1.0629425E+00 1.6862010E-01 -1.2272022E+00 -8.9383559E-01 -1.3968786E+00 -7.3096600E-01
-1.0509580E+00 1.4251792E-01 -1.1905776E+00 -9.0752885E-01 -1.3302618E+00 -7.7139514E-01
-1.0446540E+00 1.3662685E-01 -1.1792866E+00 -9.0729152E-01 -1.3106862E+00 -7.7684671E-01
-1.0086028E+00 1.1753511E-01 -1.1223519E+00 -8.9412465E-01 -1.2473485E+00 -7.8644744E-01
-9.5286139E-01 1.5318980E-01 -1.0918597E+00 -7.9120043E-01 -1.2693447E+00 -6.6949789E-01
-9.2767870E-01 1.8013181E-01 -1.0764639E+00 -7.3107322E-01 -1.3007369E+00 -5.8558001E-01
-9.3349190E-01 1.9400572E-01 -1.0837492E+00 -7.1984090E-01 -1.3472696E+00 -5.6999368E-01
-9.4267863E-01 1.9385789E-01 -1.0923370E+00 -7.3095075E-01 -1.3553434E+00 -5.8008962E-01
-9.6717325E-01 2.0159523E-01 -1.1283407E+00 -7.4316183E-01 -1.3845293E+00 -5.8673376E-01
-9.7703943E-01 2.1790116E-01 -1.1599648E+00 -7.3901882E-01 -1.4254126E+00 -5.6500703E-01
-1.0418546E+00 2.3260079E-01 -1.2474113E+00 -7.9173857E-01 -1.5239713E+00 -6.1043433E-01
-1.2028132E+00 3.2459539E-01 -1.5079097E+00 -8.6845817E-01 -1.8624175E+00 -5.8087915E-01
-1.3772638E+00 4.4471420E-01 -1.7870043E+00 -9.1122176E-01 -2.2835608E+00 -5.3577624E-01
-1.5616185E+00 5.9219878E-01 -2.1439152E+00 -9.3629691E-01 -2.7185540E+00 -4.4931568E-01
-1.6532385E+00 6.7557705E-01 -2.3657582E+00 -9.4735640E-01 -2.9322809E+00 -3.6920442E-01
-1.6560323E+00 6.7765712E-01 -2.3746145E+00 -9.4766727E-01 -2.9342996E+00 -3.7853673E-01
-1.7302621E+00 7.4456176E-01 -2.5565091E+00 -9.3266952E-01 -3.0940195E+00 -3.7258316E-01
-1.7834167E+00 8.2658104E-01 -2.6577234E+00 -8.3324534E-01 -3.2746190E+00 -2.8663808E-01
-1.7833706E+00 8.2757222E-01 -2.6491270E+00 -8.2499356E-01 -3.2789557E+00 -2.8085704E-01
-1.7954160E+00 8.5578956E-01 -2.6944886E+00 -8.0541786E-01 -3.4152424E+00 -3.3574889E-01
