-1.1188586E+00 1.6323375E-01 -1.2827233E+00 -9.5752972E-01 -1.4376287E+00 -8.0180589E-01
-1.0898822E+00 1.3515436E-01 -1.2244464E+00 -9.5453211E-01 -1.3531007E+00 -8.2800451E-01
-1.0733618E+00 1.2898742E-01 -1.2014388E+00 -9.4438793E-01 -1.3252447E+00 -8.2125267E-01
-9.9364059E-01 1.1372392E-01 -1.1050008E+00 -8.8113545E-01 -1.2202935E+00 -7.7134839E-01
-8.8234642E-01 1.4654678E-01 -1.0267521E+00 -7.3698042E-01 -1.1760934E+00 -6.0153468E-01
-8.6618887E-01 1.6326103E-01 -1.0272241E+00 -7.0227615E-01 -1.1800728E+00 -5.4732478E-01
-9.1074027E-01 1.7229572E-01 -1.0659371E+00 -7.3000746E-01 -1.2676353E+00 -5.8961369E-01
-9.5183137E-01 1.7038981E-01 -1.1003811E+00 -7.7030333E-01 -1.3151926E+00 -6.3816292E-01
-1.0404917E+00 1.8189118E-01 -1.2001988E+00 -8.5021548E-01 -1.4286080E+00 -7.0661766E-01
-1.0854485E+00 2.0049164E-01 -1.2641925E+00 -8.7802772E-01 -1.4890960E+00 -6.9781892E-01
-1.2457766E+00 2.2675069E-01 -1.4530238E+00 -1.0091844E+00 -1.6959074E+00 -8.0652354E-01
-1.5584293E+00 3.4333308E-01 -1.8748603E+00 -1.1941389E+00 -2.2694963E+00 -9.2224510E-01
-1.8116818E+00 4.6597581E-01 -2.2641702E+00 -1.3230505E+00 -2.7472310E+00 -9.4128029E-01
-2.0020431E+00 5.9800055E-01 -2.6233558E+00 -1.3845568E+00 -3.1334362E+00 -8.2775664E-01
-2.0650610E+00 6.6946644E-01 -2.7973551E+00 -1.3913212E+00 -3.3491361E+00 -8.2796576E-01
-2.0599026E+00 6.7175161E-01 -2.8047352E+00 -1.3892737E+00 -3.3462104E+00 -8.2721412E-01
-2.0804449E+00 7.2950326E-01 -3.0186432E+00 -1.4522070E+00 -3.3742963E+00 -7.6200692E-01
-2.0871633E+00 7.9883004E-01 -3.1907638E+00 -1.4660940E+00 -3.4670209E+00 -6.7471126E-01
-2.0861499E+00 7.9688618E-01 -3.1954896E+00 -1.4711738E+00 -3.4424151E+00 -6.6280176E-01
-2.0864245E+00 8.1906874E-01 -3.2290587E+00 -1.4550823E+00 -3.5000000E+00 -6.4328152E-01
