-1.0618256E+00 1.5978637E-01 -1.2214794E+00 -9.0376274E-01 -1.3717263E+00 -7.4610384E-01
-1.0351105E+00 1.3270832E-01 -1.1681424E+00 -9.0324674E-01 -1.2961930E+00 -7.7548903E-01
-1.0192855E+00 1.2787901E-01 -1.1469232E+00 -8.9165844E-01 -1.2711673E+00 -7.7286294E-01
-9.4353781E-01 1.1125637E-01 -1.0539163E+00 -8.3329701E-01 -1.1645087E+00 -7.2748799E-01
-8.5807029E-01 1.4657227E-01 -9.9421976E-01 -7.0532684E-01 -1.1527788E+00 -5.7939312E-01
-8.8626239E-01 1.6862321E-01 -1.0398238E+00 -7.1081639E-01 -1.2442911E+00 -5.7085456E-01
-9.5749442E-01 1.8147109E-01 -1.1164374E+00 -7.6484740E-01 -1.3145051E+00 -6.0680516E-01
-1.0053178E+00 1.8234461E-01 -1.1565477E+00 -8.0813771E-01 -1.3672192E+00 -6.5761377E-01
-1.1026912E+00 1.9507229E-01 -1.2615405E+00 -8.9201376E-01 -1.4892341E+00 -7.2661509E-01
-1.1502787E+00 2.1204978E-01 -1.3281813E+00 -9.2379081E-01 -1.5797962E+00 -7.4052806E-01
-1.2977874E+00 2.2738237E-01 -1.5207413E+00 -1.0732578E+00 -1.7599036E+00 -8.6118429E-01
-1.5666806E+00 3.3222641E-01 -1.8973524E+00 -1.2385489E+00 -2.2292376E+00 -9.1438817E-01
-1.7740501E+00 4.6240419E-01 -2.2202372E+00 -1.3036710E+00 -2.6792677E+00 -8.8042531E-01
-1.9309332E+00 6.0803240E-01 -2.5561987E+00 -1.3322429E+00 -3.1269219E+00 -7.9959633E-01
-1.9849380E+00 6.8309035E-01 -2.7030293E+00 -1.2896411E+00 -3.3180554E+00 -7.5477744E-01
-1.9819689E+00 6.8471714E-01 -2.7040439E+00 -1.2827114E+00 -3.3088148E+00 -7.5636228E-01
-1.9993824E+00 7.4045351E-01 -2.8987159E+00 -1.2957147E+00 -3.3494318E+00 -6.9828117E-01
-2.0016331E+00 8.1209083E-01 -3.0761058E+00 -1.2859340E+00 -3.4321021E+00 -5.8856961E-01
-1.9968641E+00 8.1128985E-01 -3.0715300E+00 -1.2801021E+00 -3.4081525E+00 -5.8083282E-01
-1.9951157E+00 8.3496324E-01 -3.0709663E+00 -1.2296494E+00 -3.4837397E+00 -5.5778464E-01
