-1.2181935E+00 1.7493339E-01 -1.3899259E+00 -1.0445141E+00 -1.5696525E+00 -8.8822550E-01
-1.1980668E+00 1.4955898E-01 -1.3376616E+00 -1.0452385E+00 -1.4981300E+00 -9.1522539E-01
-1.1916277E+00 1.4600084E-01 -1.3331212E+00 -1.0465720E+00 -1.4840963E+00 -9.1720790E-01
-1.1186210E+00 1.2983071E-01 -1.2357707E+00 -9.8621650E-01 -1.3691910E+00 -8.6816416E-01
-9.7919313E-01 1.6412347E-01 -1.1227061E+00 -8.1280593E-01 -1.2962981E+00 -6.6154027E-01
-8.8122678E-01 1.9482582E-01 -1.0281408E+00 -6.7529334E-01 -1.2757887E+00 -5.1684436E-01
-8.6216711E-01 2.1016094E-01 -1.0100797E+00 -6.3577809E-01 -1.2986237E+00 -4.6605634E-01
-8.7002066E-01 2.0958995E-01 -1.0176232E+00 -6.4613351E-01 -1.3011223E+00 -4.7394732E-01
-8.9262653E-01 2.1554253E-01 -1.0524642E+00 -6.5879412E-01 -1.3267962E+00 -4.8318189E-01
-9.0606734E-01 2.3017893E-01 -1.0912120E+00 -6.5948420E-01 -1.3724458E+00 -4.6677896E-01
-9.7882021E-01 2.4017827E-01 -1.1889261E+00 -7.2470289E-01 -1.4614119E+00 -5.0908211E-01
-1.1558068E+00 3.3158185E-01 -1.4612856E+00 -8.0864549E-01 -1.8369568E+00 -5.2482834E-01
-1.3445811E+00 4.5489268E-01 -1.7937469E+00 -8.9487547E-01 -2.2761652E+00 -4.6511091E-01
-1.5439950E+00 6.0349582E-01 -2.1296243E+00 -9.1381744E-01 -2.7392871E+00 -3.6600552E-01
-1.6437507E+00 6.8834044E-01 -2.3335696E+00 -9.1215274E-01 -2.9665651E+00 -3.1506093E-01
-1.6476287E+00 6.9117470E-01 -2.3429739E+00 -9.1007489E-01 -2.9721428E+00 -3.1660806E-01
-1.7217269E+00 7.5422039E-01 -2.4885752E+00 -8.6112200E-01 -3.1410832E+00 -3.8326451E-01
-1.7731268E+00 8.3459362E-01 -2.6405853E+00 -7.9030296E-01 -3.3249919E+00 -3.5072284E-01
-1.7731107E+00 8.3447503E-01 -2.6356723E+00 -7.8418567E-01 -3.3310468E+00 -3.6892128E-01
-1.7871406E+00 8.5980260E-01 -2.6857165E+00 -7.7245785E-01 -3.3950056E+00 -3.3895859E-01
