-1.2644767E+00 1.7914845E-01 -1.4354198E+00 -1.0794980E+00 -1.6246042E+00 -9.2707834E-01
-1.2450642E+00 1.5389185E-01 -1.3870849E+00 -1.0802677E+00 -1.5585543E+00 -9.6006423E-01
-1.2366975E+00 1.4892396E-01 -1.3706426E+00 -1.0765317E+00 -1.5436614E+00 -9.6190885E-01
-1.1794451E+00 1.3051864E-01 -1.2960904E+00 -1.0419167E+00 -1.4422908E+00 -9.2751484E-01
-1.0674901E+00 1.6734201E-01 -1.2210720E+00 -8.9052316E-01 -1.3951651E+00 -7.4398618E-01
-9.7792430E-01 2.0750424E-01 -1.1468859E+00 -7.4615780E-01 -1.4003568E+00 -5.8916353E-01
-9.4913495E-01 2.2692277E-01 -1.1263658E+00 -6.8976388E-01 -1.4216733E+00 -5.3516235E-01
-9.4720223E-01 2.2522090E-01 -1.1214683E+00 -6.8494103E-01 -1.4087291E+00 -5.4091525E-01
-9.4416320E-01 2.2939078E-01 -1.1239614E+00 -6.7710941E-01 -1.4082911E+00 -5.3036136E-01
-9.4487677E-01 2.4157876E-01 -1.1457942E+00 -6.6975235E-01 -1.4371663E+00 -5.0201855E-01
-9.6208568E-01 2.4288806E-01 -1.1777812E+00 -6.9639302E-01 -1.4701411E+00 -5.1737622E-01
-1.0134659E+00 3.1803420E-01 -1.3142093E+00 -6.8678887E-01 -1.6501416E+00 -4.0742938E-01
-1.0766286E+00 4.3446058E-01 -1.4570667E+00 -6.0478280E-01 -1.9705209E+00 -2.7099372E-01
-1.1580156E+00 5.7744544E-01 -1.6365429E+00 -5.1103413E-01 -2.3891231E+00 -1.2391525E-01
-1.2096205E+00 6.5450544E-01 -1.7197500E+00 -4.4528210E-01 -2.6271175E+00 -8.7360770E-02
-1.2136464E+00 6.5582471E-01 -1.7149030E+00 -4.3779529E-01 -2.6395342E+00 -1.0461471E-01
-1.2745580E+00 7.1499002E-01 -1.7327535E+00 -3.3305066E-01 -2.7469639E+00 -9.5761208E-02
-1.3237435E+00 7.9285373E-01 -1.7634698E+00 -2.1791441E-01 -2.8862294E+00 -6.2320071E-02
-1.3233103E+00 7.9359252E-01 -1.7444446E+00 -2.0062364E-01 -2.8739378E+00 -7.2428307E-02
-1.3318200E+00 8.2142339E-01 -1.7717501E+00 -1.6094944E-01 -2.9157645E+00 -3.4307346E-02
