-1.0022170E+00 1.7839242E-01 -1.1781484E+00 -8.2498094E-01 -1.3624919E+00 -6.5934357E-01
-1.0032833E+00 1.5068084E-01 -1.1436539E+00 -8.4748104E-01 -1.3125146E+00 -7.1801711E-01
-1.0063265E+00 1.4439316E-01 -1.1392817E+00 -8.5884998E-01 -1.3102805E+00 -7.3453111E-01
-1.0133845E+00 1.2767712E-01 -1.1265475E+00 -8.8373404E-01 -1.2624277E+00 -7.6377171E-01
-1.0224551E+00 1.7272139E-01 -1.1666905E+00 -8.3586794E-01 -1.3695029E+00 -6.9422234E-01
-1.0252689E+00 2.1076274E-01 -1.1906819E+00 -7.9636766E-01 -1.4664758E+00 -6.2932303E-01
-1.0245737E+00 2.2651335E-01 -1.1942928E+00 -7.6700731E-01 -1.4911658E+00 -6.0509320E-01
-1.0215069E+00 2.2599273E-01 -1.1878642E+00 -7.6242208E-01 -1.4896199E+00 -6.0914394E-01
-1.0227122E+00 2.3274198E-01 -1.1921175E+00 -7.5639296E-01 -1.5162606E+00 -6.0846999E-01
-1.0224601E+00 2.4988926E-01 -1.2105946E+00 -7.3908679E-01 -1.5398676E+00 -5.7157012E-01
-1.0408456E+00 2.4561248E-01 -1.2606329E+00 -7.7810413E-01 -1.5583372E+00 -5.9417711E-01
-1.0997865E+00 3.1980249E-01 -1.4099532E+00 -7.8490375E-01 -1.7453042E+00 -4.7471828E-01
-1.1816890E+00 4.5602606E-01 -1.5784207E+00 -6.9491710E-01 -2.1502907E+00 -3.2463272E-01
-1.2872769E+00 6.1703251E-01 -1.8219993E+00 -6.0496715E-01 -2.5321304E+00 -1.2004397E-01
-1.3484951E+00 6.9901040E-01 -1.9417056E+00 -5.3568242E-01 -2.7580646E+00 -7.2278345E-02
-1.3533501E+00 6.9874266E-01 -1.9395026E+00 -5.3431693E-01 -2.7634538E+00 -8.7268014E-02
-1.4114426E+00 7.6384197E-01 -1.9625087E+00 -3.9827365E-01 -2.9372662E+00 -1.3282281E-01
-1.4552455E+00 8.4405042E-01 -2.0064461E+00 -2.4863711E-01 -3.0713465E+00 -5.0148371E-02
-1.4556225E+00 8.4390831E-01 -2.0070072E+00 -2.4142414E-01 -3.0368785E+00 -3.7090033E-02
-1.4665413E+00 8.6806528E-01 -2.0829150E+00 -2.6804536E-01 -3.0733444E+00 -8.2429032E-03
