-1.0636902E+00 1.6566956E-01 -1.2281129E+00 -8.9850447E-01 -1.3920839E+00 -7.4619160E-01
-1.0579573E+00 1.3896073E-01 -1.1949651E+00 -9.1888740E-01 -1.3353494E+00 -7.9225131E-01
-1.0579959E+00 1.3156126E-01 -1.1880441E+00 -9.2729392E-01 -1.3191407E+00 -8.0509785E-01
-1.0406413E+00 1.1147038E-01 -1.1462863E+00 -9.2738095E-01 -1.2647641E+00 -8.2521486E-01
-9.9060466E-01 1.4932313E-01 -1.1274708E+00 -8.3419675E-01 -1.2967929E+00 -7.1022243E-01
-9.2944173E-01 1.7205746E-01 -1.0764673E+00 -7.4086292E-01 -1.2929758E+00 -6.1628128E-01
-9.0131714E-01 1.8306616E-01 -1.0518254E+00 -6.9861678E-01 -1.2788043E+00 -5.5913658E-01
-8.9490387E-01 1.8425497E-01 -1.0382944E+00 -6.9043407E-01 -1.2689984E+00 -5.4967271E-01
-9.0366442E-01 1.9432282E-01 -1.0614387E+00 -6.9287347E-01 -1.2958368E+00 -5.3152483E-01
-9.0749235E-01 2.1120849E-01 -1.0892624E+00 -6.8254350E-01 -1.3317278E+00 -4.9452366E-01
-1.0002001E+00 2.2807538E-01 -1.2119657E+00 -7.6158158E-01 -1.4715422E+00 -5.7175346E-01
-1.2535510E+00 3.2119306E-01 -1.5502303E+00 -9.1242214E-01 -1.9076517E+00 -6.4847532E-01
-1.5353913E+00 4.3932191E-01 -1.9771129E+00 -1.0944664E+00 -2.4151216E+00 -7.0397565E-01
-1.8178794E+00 5.7808777E-01 -2.4391311E+00 -1.2495350E+00 -2.9115894E+00 -6.9899991E-01
-1.9456337E+00 6.5129303E-01 -2.6905167E+00 -1.3265425E+00 -3.1304232E+00 -6.7945702E-01
-1.9491285E+00 6.5153725E-01 -2.6936719E+00 -1.3271423E+00 -3.1345445E+00 -6.8228399E-01
-2.0278922E+00 7.1206336E-01 -2.9371896E+00 -1.4098247E+00 -3.2691134E+00 -6.9617292E-01
-2.0768624E+00 7.9255251E-01 -3.2033737E+00 -1.5006790E+00 -3.4246893E+00 -6.6649249E-01
-2.0766096E+00 7.9456448E-01 -3.2062120E+00 -1.4995079E+00 -3.4170763E+00 -6.6218421E-01
-2.0895236E+00 8.2175347E-01 -3.2455704E+00 -1.4794872E+00 -3.5000000E+00 -6.6573593E-01
