-1.1981358E+00 1.7336008E-01 -1.3664070E+00 -1.0273854E+00 -1.5505326E+00 -8.6833173E-01
-1.1847180E+00 1.4989462E-01 -1.3221929E+00 -1.0286819E+00 -1.4904782E+00 -9.0422616E-01
-1.1823516E+00 1.4272956E-01 -1.3116451E+00 -1.0329947E+00 -1.4794722E+00 -9.1597656E-01
-1.1364342E+00 1.2400422E-01 -1.2455420E+00 -1.0035420E+00 -1.3868487E+00 -8.9999663E-01
-1.0322341E+00 1.5799817E-01 -1.1866015E+00 -8.7661328E-01 -1.3442503E+00 -7.3563293E-01
-9.3810069E-01 1.8921081E-01 -1.0971463E+00 -7.4453779E-01 -1.3061829E+00 -5.7647526E-01
-9.0509558E-01 2.0844055E-01 -1.0616886E+00 -6.8344098E-01 -1.3252251E+00 -5.0956515E-01
-9.0132387E-01 2.1157152E-01 -1.0557829E+00 -6.7686792E-01 -1.3190194E+00 -4.9926234E-01
-9.0740329E-01 2.2071720E-01 -1.0708364E+00 -6.7012940E-01 -1.3428982E+00 -4.8919408E-01
-9.1198096E-01 2.3606022E-01 -1.0965169E+00 -6.5843315E-01 -1.3749981E+00 -4.6568505E-01
-9.7710902E-01 2.3841156E-01 -1.1889489E+00 -7.2722176E-01 -1.4467674E+00 -5.1405422E-01
-1.1552339E+00 3.2769355E-01 -1.4544212E+00 -8.1552555E-01 -1.8324716E+00 -5.3970349E-01
-1.3569489E+00 4.6619995E-01 -1.7807423E+00 -8.6598898E-01 -2.3201786E+00 -4.8815283E-01
-1.5696130E+00 6.2868062E-01 -2.2087657E+00 -9.3861753E-01 -2.8263521E+00 -3.6738988E-01
-1.6722503E+00 7.1176568E-01 -2.4130145E+00 -9.4620163E-01 -3.0469113E+00 -2.8235238E-01
-1.6733753E+00 7.1387228E-01 -2.4188555E+00 -9.4430588E-01 -3.0462787E+00 -2.8589281E-01
-1.7487000E+00 7.7127056E-01 -2.6251766E+00 -9.6114358E-01 -3.1522223E+00 -3.1174935E-01
-1.8032151E+00 8.4077228E-01 -2.7789584E+00 -9.1772196E-01 -3.3140710E+00 -3.1615532E-01
-1.8031253E+00 8.4094217E-01 -2.7378423E+00 -8.6943783E-01 -3.3271343E+00 -3.3433372E-01
-1.8155857E+00 8.6533497E-01 -2.7755720E+00 -8.5057319E-01 -3.4077688E+00 -3.2598469E-01
