-1.0342867E+00 1.7716764E-01 -1.2107824E+00 -8.5638265E-01 -1.3910123E+00 -6.9706111E-01
-1.0233335E+00 1.5325783E-01 -1.1698499E+00 -8.6372706E-01 -1.3324238E+00 -7.3538338E-01
-1.0140404E+00 1.4741321E-01 -1.1630149E+00 -8.6764870E-01 -1.3093508E+00 -7.3573697E-01
-1.0021596E+00 1.3368242E-01 -1.1229037E+00 -8.5739680E-01 -1.2761246E+00 -7.5676281E-01
-1.0234868E+00 1.7836943E-01 -1.1773582E+00 -8.2788378E-01 -1.3822494E+00 -6.8245818E-01
-1.1004642E+00 2.1847621E-01 -1.2815438E+00 -8.5594150E-01 -1.5711666E+00 -7.1279871E-01
-1.1577753E+00 2.3806897E-01 -1.3532132E+00 -8.9299833E-01 -1.6500840E+00 -7.1387950E-01
-1.1814140E+00 2.3820519E-01 -1.3765063E+00 -9.2019614E-01 -1.6696138E+00 -7.3199887E-01
-1.2117896E+00 2.4893028E-01 -1.4146049E+00 -9.3774622E-01 -1.7157377E+00 -7.4311798E-01
-1.2224307E+00 2.6496488E-01 -1.4388144E+00 -9.2711556E-01 -1.7649883E+00 -7.2677314E-01
-1.2040748E+00 2.6886366E-01 -1.4334979E+00 -9.0398063E-01 -1.7521169E+00 -7.0098083E-01
-1.1273801E+00 3.2783293E-01 -1.4293593E+00 -7.8910682E-01 -1.8042522E+00 -5.0002782E-01
-1.0361014E+00 4.2201330E-01 -1.4065046E+00 -5.9371042E-01 -1.9350594E+00 -2.5872279E-01
-9.5335991E-01 5.4106787E-01 -1.3636780E+00 -3.4937321E-01 -2.0795247E+00 4.9554898E-02
-9.2923502E-01 6.0597662E-01 -1.3377301E+00 -2.3137606E-01 -2.2133200E+00 1.4354477E-01
-9.3165304E-01 6.0759440E-01 -1.3308568E+00 -2.2911871E-01 -2.2217697E+00 1.3637457E-01
-9.4886500E-01 6.5174927E-01 -1.2526093E+00 -1.5884564E-01 -2.3421505E+00 6.3898363E-02
-9.7484801E-01 7.1766291E-01 -1.2471853E+00 -8.2010371E-02 -2.4847092E+00 4.7452260E-02
-9.7752631E-01 7.1727615E-01 -1.2361496E+00 -8.2314631E-02 -2.4831144E+00 1.9770087E-02
-9.8499625E-01 7.3995388E-01 -1.1991959E+00 -2.0254888E-02 -2.5420969E+00 1.6335047E-03
