-1.3027061E+00 1.7013303E-01 -1.4716512E+00 -1.1330524E+00 -1.6330114E+00 -9.6892671E-01
-1.2682874E+00 1.4340388E-01 -1.4101431E+00 -1.1275817E+00 -1.5541336E+00 -9.9035689E-01
-1.2561174E+00 1.3741439E-01 -1.3909585E+00 -1.1203815E+00 -1.5344833E+00 -9.9288510E-01
-1.1432157E+00 1.1903869E-01 -1.2544253E+00 -1.0172611E+00 -1.3853897E+00 -9.1856894E-01
-9.3121242E-01 1.5043010E-01 -1.0762264E+00 -7.7499441E-01 -1.2308404E+00 -6.4375199E-01
-7.9361268E-01 1.6615995E-01 -9.5218453E-01 -6.2234692E-01 -1.1278753E+00 -4.7832455E-01
-7.7816255E-01 1.7355469E-01 -9.4016544E-01 -5.9725364E-01 -1.1317798E+00 -4.4842155E-01
-8.0203141E-01 1.7330737E-01 -9.6199231E-01 -6.1990637E-01 -1.1447608E+00 -4.6278809E-01
-8.5153597E-01 1.8708420E-01 -1.0170920E+00 -6.5085446E-01 -1.2203248E+00 -4.9380962E-01
-8.7878984E-01 2.0682860E-01 -1.0646210E+00 -6.6290179E-01 -1.2882978E+00 -4.7688968E-01
-9.9806652E-01 2.2830887E-01 -1.2100662E+00 -7.6334201E-01 -1.4710554E+00 -5.6857381E-01
-1.2577993E+00 3.2715405E-01 -1.5681134E+00 -9.2014989E-01 -1.9298802E+00 -6.4531989E-01
-1.5032243E+00 4.4159259E-01 -1.9188281E+00 -1.0420786E+00 -2.4033396E+00 -6.6713526E-01
-1.7297494E+00 5.7635673E-01 -2.2727716E+00 -1.0879999E+00 -2.8649335E+00 -6.5058380E-01
-1.8261159E+00 6.5152685E-01 -2.4796093E+00 -1.1056311E+00 -3.0720826E+00 -6.1551330E-01
-1.8246401E+00 6.5451735E-01 -2.5216023E+00 -1.1300392E+00 -3.0730691E+00 -6.0683391E-01
-1.8867474E+00 7.1506707E-01 -2.6978647E+00 -1.1610452E+00 -3.1644231E+00 -5.1672822E-01
-1.9292984E+00 7.9459563E-01 -2.8776045E+00 -1.1572422E+00 -3.3855471E+00 -4.8800372E-01
-1.9289611E+00 7.9543690E-01 -2.8867018E+00 -1.1603216E+00 -3.3867815E+00 -5.0186588E-01
-1.9395496E+00 8.2360680E-01 -2.9498652E+00 -1.1610245E+00 -3.5000000E+00 -5.2171427E-01
