-1.4508531E+00 1.8880948E-01 -1.6382501E+00 -1.2621806E+00 -1.8350284E+00 -1.0959428E+00
-1.4274690E+00 1.6640037E-01 -1.5816720E+00 -1.2521970E+00 -1.7519918E+00 -1.1080939E+00
-1.4251321E+00 1.6137671E-01 -1.5718422E+00 -1.2534287E+00 -1.7420238E+00 -1.1162666E+00
-1.3220696E+00 1.4244694E-01 -1.4490878E+00 -1.1727856E+00 -1.6022506E+00 -1.0419052E+00
-1.0673334E+00 1.7562774E-01 -1.2130315E+00 -8.7490748E-01 -1.4277563E+00 -7.3472211E-01
-8.1119348E-01 2.0153609E-01 -9.7193926E-01 -5.9173351E-01 -1.2173474E+00 -4.2636111E-01
-7.0708072E-01 2.1347318E-01 -8.7354331E-01 -4.7308776E-01 -1.1356388E+00 -3.0884172E-01
-6.9597454E-01 2.1176520E-01 -8.5592207E-01 -4.6251230E-01 -1.1257801E+00 -3.0580347E-01
-6.8148918E-01 2.1258545E-01 -8.4226160E-01 -4.4262225E-01 -1.1214593E+00 -2.9064373E-01
-6.8036272E-01 2.2443346E-01 -8.6077696E-01 -4.2704828E-01 -1.1435603E+00 -2.6734632E-01
-7.3917526E-01 2.2907316E-01 -9.4576209E-01 -4.9405707E-01 -1.2157152E+00 -3.1635108E-01
-9.2064599E-01 3.2551498E-01 -1.2255382E+00 -5.7759371E-01 -1.5777885E+00 -3.0156209E-01
-1.1346306E+00 4.6334388E-01 -1.5661818E+00 -6.4153209E-01 -2.0792816E+00 -2.6771203E-01
-1.3543789E+00 6.2679619E-01 -1.9406389E+00 -6.6869571E-01 -2.6428557E+00 -2.1349656E-01
-1.4558120E+00 7.1322520E-01 -2.1144948E+00 -6.3268244E-01 -2.8484079E+00 -1.5978141E-01
-1.4569726E+00 7.1382436E-01 -2.1067788E+00 -6.1889401E-01 -2.8479992E+00 -1.6736792E-01
-1.5304679E+00 7.8452456E-01 -2.1405827E+00 -4.6413957E-01 -3.0167586E+00 -2.0733995E-01
-1.5817036E+00 8.6918534E-01 -2.1763844E+00 -2.8614658E-01 -3.1713664E+00 -1.4146084E-01
-1.5815914E+00 8.6969688E-01 -2.2624480E+00 -3.6797096E-01 -3.1621026E+00 -1.2615878E-01
-1.5930524E+00 8.9681684E-01 -2.3317405E+00 -3.7853231E-01 -3.2081033E+00 -6.2518026E-02
