-1.3231933E+00 1.7055687E-01 -1.4929132E+00 -1.1541783E+00 -1.6659257E+00 -9.9493898E-01
-1.2929066E+00 1.4345469E-01 -1.4290326E+00 -1.1434337E+00 -1.5806780E+00 -1.0201094E+00
-1.2870579E+00 1.3736584E-01 -1.4239839E+00 -1.1497967E+00 -1.5643474E+00 -1.0283941E+00
-1.1861487E+00 1.1905825E-01 -1.2922794E+00 -1.0593059E+00 -1.4374866E+00 -9.6636294E-01
-9.4903614E-01 1.4463362E-01 -1.0939198E+00 -8.0619604E-01 -1.2373455E+00 -6.7178863E-01
-7.1579451E-01 1.5306313E-01 -8.5582852E-01 -5.5740888E-01 -1.0362784E+00 -4.2608580E-01
-6.2639682E-01 1.5715249E-01 -7.6744426E-01 -4.6081551E-01 -9.5824650E-01 -3.3283965E-01
-6.1737088E-01 1.5396356E-01 -7.5523568E-01 -4.5410405E-01 -9.3851458E-01 -3.3078900E-01
-6.2975366E-01 1.6465023E-01 -7.8085788E-01 -4.5461814E-01 -9.6592607E-01 -3.2230417E-01
-6.4122617E-01 1.8463026E-01 -8.1527520E-01 -4.4878872E-01 -1.0117887E+00 -2.9426279E-01
-7.9600624E-01 2.0593266E-01 -1.0004222E+00 -5.9213025E-01 -1.2068002E+00 -3.9830285E-01
-1.1968161E+00 3.0314858E-01 -1.4836387E+00 -8.8559183E-01 -1.8131624E+00 -6.1675354E-01
-1.6208827E+00 4.1327739E-01 -2.0276186E+00 -1.2115798E+00 -2.4458115E+00 -8.1213193E-01
-2.0339465E+00 5.2764033E-01 -2.6034434E+00 -1.5389777E+00 -3.0151005E+00 -9.4758460E-01
-2.2153153E+00 5.8455635E-01 -2.8849231E+00 -1.6993645E+00 -3.3236952E+00 -1.0846208E+00
-2.2158849E+00 5.8521207E-01 -2.8900231E+00 -1.7038619E+00 -3.3185746E+00 -1.0856119E+00
-2.3193985E+00 6.2051428E-01 -3.1179311E+00 -1.8772332E+00 -3.3833711E+00 -1.1150570E+00
-2.3843399E+00 6.8214370E-01 -3.3327156E+00 -1.9977665E+00 -3.4908572E+00 -1.1014825E+00
-2.3821254E+00 6.8404731E-01 -3.3512668E+00 -2.0181702E+00 -3.4661580E+00 -1.0763476E+00
-2.3958726E+00 7.0869520E-01 -3.4267877E+00 -2.0384181E+00 -3.5000000E+00 -1.0632149E+00
