-1.1404907E+00 1.9156014E-01 -1.3309211E+00 -9.4747470E-01 -1.5225158E+00 -7.8136062E-01
-1.1525359E+00 1.6885410E-01 -1.3114122E+00 -9.7302049E-01 -1.4918910E+00 -8.3789438E-01
-1.1588018E+00 1.6482222E-01 -1.3097970E+00 -9.8379731E-01 -1.4825186E+00 -8.4130698E-01
-1.1919254E+00 1.5319502E-01 -1.3245593E+00 -1.0353084E+00 -1.4909461E+00 -8.9313748E-01
-1.2370299E+00 2.0499207E-01 -1.4074670E+00 -1.0194622E+00 -1.6428228E+00 -8.4394094E-01
-1.2308709E+00 2.4828670E-01 -1.4259206E+00 -9.5168763E-01 -1.7239250E+00 -7.7733416E-01
-1.1959204E+00 2.6402006E-01 -1.3990127E+00 -8.9547151E-01 -1.7240276E+00 -7.1822472E-01
-1.1690318E+00 2.6373003E-01 -1.3707501E+00 -8.6449948E-01 -1.6924651E+00 -6.8778170E-01
-1.1073247E+00 2.6849426E-01 -1.3231636E+00 -7.9636751E-01 -1.6485839E+00 -6.1097235E-01
-1.0740939E+00 2.8147430E-01 -1.3069436E+00 -7.5113376E-01 -1.6439914E+00 -5.5459151E-01
-9.7004274E-01 2.8074316E-01 -1.2086697E+00 -6.4951898E-01 -1.5428120E+00 -4.6739718E-01
-7.9021376E-01 3.2391553E-01 -1.1111030E+00 -4.6960082E-01 -1.4363214E+00 -1.6280163E-01
-6.7703242E-01 3.8926964E-01 -1.0599056E+00 -2.8068193E-01 -1.4542001E+00 6.7750360E-02
-6.4463388E-01 4.8009769E-01 -1.1023703E+00 -1.3253617E-01 -1.5656191E+00 2.9556244E-01
-6.7612333E-01 5.3210156E-01 -1.1292492E+00 -6.9937003E-02 -1.7072235E+00 3.4088976E-01
-6.8571885E-01 5.3070359E-01 -1.1367550E+00 -8.4370281E-02 -1.7213684E+00 3.2063688E-01
-7.7849228E-01 5.6539301E-01 -1.1415872E+00 -8.1100008E-02 -1.9166373E+00 1.6989429E-01
-8.6771161E-01 6.3123623E-01 -1.1610757E+00 -4.8384650E-02 -2.1252691E+00 6.2902803E-02
-8.7267043E-01 6.3203324E-01 -1.1342759E+00 -3.7764917E-02 -2.1163111E+00 2.8689504E-02
-8.9551505E-01 6.5855461E-01 -1.1621021E+00 -5.5870959E-03 -2.1992597E+00 7.5025835E-03
