-1.4394399E+00 1.9976918E-01 -1.6118936E+00 -1.2233271E+00 -1.8400322E+00 -1.0560196E+00
-1.4109516E+00 1.7774861E-01 -1.5607875E+00 -1.2174725E+00 -1.7686551E+00 -1.0737576E+00
-1.4036070E+00 1.7459190E-01 -1.5478531E+00 -1.2108350E+00 -1.7555019E+00 -1.0752420E+00
-1.3062387E+00 1.5743434E-01 -1.4368082E+00 -1.1338908E+00 -1.6254371E+00 -1.0087810E+00
-1.0914542E+00 1.8914631E-01 -1.2553568E+00 -8.8668211E-01 -1.4743660E+00 -7.3057499E-01
-8.9637713E-01 2.2325802E-01 -1.0626429E+00 -6.4426056E-01 -1.3624020E+00 -4.8379267E-01
-8.2332079E-01 2.3639665E-01 -9.9805787E-01 -5.6002348E-01 -1.3087894E+00 -3.9031609E-01
-8.1572595E-01 2.3402402E-01 -9.8358483E-01 -5.5220810E-01 -1.3015159E+00 -3.8972593E-01
-7.9069699E-01 2.3784766E-01 -9.6758669E-01 -5.2966194E-01 -1.2897528E+00 -3.5473219E-01
-7.8119823E-01 2.5195888E-01 -9.7965363E-01 -5.0689643E-01 -1.2908924E+00 -2.9879214E-01
-7.7327283E-01 2.5110292E-01 -9.9288490E-01 -5.0966794E-01 -1.2783980E+00 -2.8562055E-01
-8.0126262E-01 3.2009405E-01 -1.1014455E+00 -4.6891153E-01 -1.4542044E+00 -1.9186835E-01
-8.8203966E-01 4.3700718E-01 -1.2932517E+00 -4.0956346E-01 -1.7579590E+00 -7.4206311E-02
-1.0156259E+00 5.8615517E-01 -1.5483422E+00 -3.5908322E-01 -2.1784282E+00 9.0265328E-02
-1.1053034E+00 6.6584141E-01 -1.6814665E+00 -3.4715009E-01 -2.4517064E+00 1.3141419E-01
-1.1126325E+00 6.6780439E-01 -1.6810476E+00 -3.4817598E-01 -2.4738523E+00 1.1977644E-01
-1.2114831E+00 7.2644211E-01 -1.7143982E+00 -2.8711281E-01 -2.6975206E+00 1.1256511E-02
-1.2888248E+00 8.0270190E-01 -1.7460553E+00 -1.8650603E-01 -2.8877315E+00 -2.8709371E-02
-1.2901313E+00 8.0388987E-01 -1.7435517E+00 -1.8302896E-01 -2.8818898E+00 -3.5175579E-02
-1.3093091E+00 8.3193837E-01 -1.7468317E+00 -7.7368505E-02 -2.9138256E+00 -2.2249250E-02
