-1.1837327E+00 1.7796575E-01 -1.3599764E+00 -1.0095446E+00 -1.5379641E+00 -8.2990839E-01
-1.1875709E+00 1.5312847E-01 -1.3382898E+00 -1.0389202E+00 -1.4954633E+00 -8.8846127E-01
-1.1934932E+00 1.4705948E-01 -1.3315012E+00 -1.0432116E+00 -1.4909104E+00 -9.1029481E-01
-1.1959904E+00 1.3262312E-01 -1.3138409E+00 -1.0563600E+00 -1.4719213E+00 -9.5336118E-01
-1.1710379E+00 1.8001044E-01 -1.3244799E+00 -9.8295917E-01 -1.5457014E+00 -8.2318127E-01
-1.1109648E+00 2.1738124E-01 -1.2892246E+00 -8.6860068E-01 -1.5608085E+00 -7.0538269E-01
-1.0691983E+00 2.3117526E-01 -1.2535544E+00 -8.0455976E-01 -1.5372399E+00 -6.3653376E-01
-1.0554882E+00 2.2801906E-01 -1.2377973E+00 -7.9863288E-01 -1.5169302E+00 -6.3255028E-01
-1.0256948E+00 2.3235821E-01 -1.2118510E+00 -7.6682545E-01 -1.4896873E+00 -5.8847865E-01
-1.0122730E+00 2.4581545E-01 -1.2162922E+00 -7.4205823E-01 -1.5000251E+00 -5.3926560E-01
-9.8250028E-01 2.5038735E-01 -1.2025752E+00 -7.1502441E-01 -1.4764632E+00 -5.0016991E-01
-9.4226729E-01 3.3216875E-01 -1.2649275E+00 -6.1640379E-01 -1.6147274E+00 -3.0285660E-01
-9.3299491E-01 4.4746873E-01 -1.3428735E+00 -4.7913432E-01 -1.8565259E+00 -6.9473627E-02
-9.6392658E-01 5.7405420E-01 -1.4702192E+00 -3.4736154E-01 -2.1048793E+00 1.4524419E-01
-1.0048856E+00 6.3017524E-01 -1.5254130E+00 -2.9168167E-01 -2.2506361E+00 1.8061606E-01
-1.0118560E+00 6.2617180E-01 -1.5281360E+00 -2.9949241E-01 -2.2516597E+00 1.5806960E-01
-1.0883616E+00 6.5813498E-01 -1.5235712E+00 -2.6093712E-01 -2.4272132E+00 2.9341163E-02
-1.1578083E+00 7.1977156E-01 -1.5552624E+00 -2.1248059E-01 -2.6323026E+00 -2.1482295E-02
-1.1614358E+00 7.2033422E-01 -1.5337339E+00 -1.9702464E-01 -2.6213440E+00 -3.8530358E-02
-1.1812336E+00 7.4338840E-01 -1.5430677E+00 -1.6846240E-01 -2.6685675E+00 -3.5083234E-02
