-1.1525886E+00 1.6629254E-01 -1.3171811E+00 -9.8757868E-01 -1.4821156E+00 -8.2924083E-01
-1.1288362E+00 1.4073380E-01 -1.2680955E+00 -9.9025925E-01 -1.4094278E+00 -8.5522300E-01
-1.1219460E+00 1.3538253E-01 -1.2505761E+00 -9.8387804E-01 -1.3931178E+00 -8.6145287E-01
-1.0331727E+00 1.1605053E-01 -1.1422654E+00 -9.1344069E-01 -1.2688589E+00 -8.1171036E-01
-8.5529993E-01 1.5096802E-01 -1.0045344E+00 -7.0599953E-01 -1.1598453E+00 -5.6689443E-01
-7.2591888E-01 1.7360209E-01 -8.7717558E-01 -5.4418289E-01 -1.0785658E+00 -3.8774241E-01
-7.0326878E-01 1.8195779E-01 -8.5777161E-01 -5.1056438E-01 -1.0752235E+00 -3.5424371E-01
-7.1986892E-01 1.7888222E-01 -8.6889491E-01 -5.2671687E-01 -1.0812389E+00 -3.7819540E-01
-7.7233369E-01 1.8342155E-01 -9.3079385E-01 -5.7125736E-01 -1.1372701E+00 -4.2700463E-01
-8.0411616E-01 1.9850944E-01 -9.7964882E-01 -5.8774942E-01 -1.2144474E+00 -4.4364949E-01
-9.6585583E-01 2.1450101E-01 -1.1779489E+00 -7.5217835E-01 -1.3968887E+00 -5.5618532E-01
-1.3205897E+00 3.2061766E-01 -1.6375504E+00 -1.0011664E+00 -1.9618107E+00 -7.0207245E-01
-1.6460732E+00 4.4995320E-01 -2.1048242E+00 -1.1966506E+00 -2.5152500E+00 -7.7320356E-01
-1.9241724E+00 5.9632026E-01 -2.5940377E+00 -1.3621436E+00 -3.0228367E+00 -7.3382453E-01
-2.0313563E+00 6.7653613E-01 -2.8379545E+00 -1.4358744E+00 -3.2650124E+00 -7.0396627E-01
-2.0293251E+00 6.7870971E-01 -2.8413058E+00 -1.4352480E+00 -3.2647916E+00 -7.0020646E-01
-2.0837048E+00 7.4234544E-01 -3.0783874E+00 -1.5492662E+00 -3.3407149E+00 -6.4491853E-01
-2.1143369E+00 8.2180789E-01 -3.2938080E+00 -1.6154035E+00 -3.4534092E+00 -3.3697627E-01
-2.1118581E+00 8.2337350E-01 -3.3142271E+00 -1.6312781E+00 -3.4395637E+00 -2.8749809E-01
-2.1167491E+00 8.5278803E-01 -3.3635701E+00 -1.6109321E+00 -3.5000000E+00 -5.1464755E-01
