-9.8238987E-01 1.6887300E-01 -1.1512480E+00 -8.1268945E-01 -1.3151590E+00 -6.5640133E-01
-9.7040949E-01 1.4304273E-01 -1.1133995E+00 -8.2654390E-01 -1.2532138E+00 -6.9573662E-01
-9.6187341E-01 1.3675700E-01 -1.0982310E+00 -8.2483103E-01 -1.2331119E+00 -6.9978352E-01
-9.3558701E-01 1.1644818E-01 -1.0421049E+00 -8.1260704E-01 -1.1729784E+00 -7.1561251E-01
-9.2124436E-01 1.5651904E-01 -1.0620599E+00 -7.5731488E-01 -1.2485768E+00 -6.3347685E-01
-9.5741917E-01 1.8861541E-01 -1.1143521E+00 -7.6079848E-01 -1.3386450E+00 -5.8573985E-01
-9.9519017E-01 2.0299545E-01 -1.1538143E+00 -7.7288276E-01 -1.4122842E+00 -6.0708390E-01
-1.0128905E+00 2.0372005E-01 -1.1678521E+00 -7.8814564E-01 -1.4417844E+00 -6.3487298E-01
-1.0493904E+00 2.1398911E-01 -1.2144579E+00 -8.1202627E-01 -1.5075965E+00 -6.5615017E-01
-1.0646140E+00 2.3145701E-01 -1.2463265E+00 -8.0661836E-01 -1.5518583E+00 -6.3473695E-01
-1.1251647E+00 2.4052735E-01 -1.3307428E+00 -8.6097026E-01 -1.6113790E+00 -6.6896152E-01
-1.2544485E+00 3.2909165E-01 -1.5528426E+00 -9.0309552E-01 -1.9344272E+00 -6.4205091E-01
-1.3862539E+00 4.6203653E-01 -1.8050212E+00 -8.8605771E-01 -2.3367249E+00 -5.4114127E-01
-1.5265141E+00 6.2604696E-01 -2.1112975E+00 -8.2969050E-01 -2.7835704E+00 -3.6760775E-01
-1.5990946E+00 7.1058081E-01 -2.2831304E+00 -7.9501081E-01 -2.9937284E+00 -3.0479632E-01
-1.6031497E+00 7.1146614E-01 -2.2893123E+00 -7.9731947E-01 -2.9987909E+00 -3.1452718E-01
-1.6652610E+00 7.7037944E-01 -2.3864332E+00 -7.2403117E-01 -3.1289892E+00 -3.1224259E-01
-1.7130608E+00 8.4003507E-01 -2.4704695E+00 -6.0865451E-01 -3.2765586E+00 -2.8675500E-01
-1.7149408E+00 8.3859430E-01 -2.4746040E+00 -6.1308048E-01 -3.2756793E+00 -2.8693644E-01
-1.7279096E+00 8.6202398E-01 -2.5179770E+00 -6.0017688E-01 -3.3315622E+00 -2.6825217E-01
