-1.0713878E+00 1.6808701E-01 -1.2367795E+00 -9.0418176E-01 -1.4053387E+00 -7.4514891E-01
-1.0552067E+00 1.4077094E-01 -1.1964086E+00 -9.1597491E-01 -1.3305330E+00 -7.8152310E-01
-1.0460172E+00 1.3329178E-01 -1.1797029E+00 -9.1320541E-01 -1.3073069E+00 -7.8794968E-01
-1.0130605E+00 1.1984460E-01 -1.1310884E+00 -8.9224871E-01 -1.2567487E+00 -7.8406471E-01
-9.8739895E-01 1.7071199E-01 -1.1386003E+00 -8.1358696E-01 -1.3267023E+00 -6.4868201E-01
-1.0204727E+00 2.0476721E-01 -1.1829134E+00 -7.9666882E-01 -1.4467030E+00 -6.3239069E-01
-1.0619463E+00 2.1556250E-01 -1.2331239E+00 -8.1723295E-01 -1.5057461E+00 -6.6508161E-01
-1.0838748E+00 2.1505286E-01 -1.2554177E+00 -8.4033867E-01 -1.5265479E+00 -6.8884620E-01
-1.1212048E+00 2.2165499E-01 -1.3005965E+00 -8.7115479E-01 -1.5793597E+00 -7.1281337E-01
-1.1376028E+00 2.3634523E-01 -1.3359113E+00 -8.7044752E-01 -1.6213281E+00 -6.9589039E-01
-1.1837575E+00 2.4550643E-01 -1.4268371E+00 -9.3498137E-01 -1.6906254E+00 -7.2459717E-01
-1.2655751E+00 3.3451896E-01 -1.5821344E+00 -9.2321452E-01 -1.9366510E+00 -6.2101671E-01
-1.3299825E+00 4.5469855E-01 -1.7334840E+00 -8.3277843E-01 -2.2700177E+00 -4.9723885E-01
-1.3848430E+00 6.0359248E-01 -1.9248495E+00 -7.0018822E-01 -2.5865738E+00 -2.8631158E-01
-1.4128186E+00 6.8624960E-01 -2.0086503E+00 -5.9997355E-01 -2.7662816E+00 -1.8451958E-01
-1.4148595E+00 6.8679913E-01 -2.0001663E+00 -5.8878666E-01 -2.7720234E+00 -1.9675493E-01
-1.4422030E+00 7.5297874E-01 -2.0008259E+00 -4.3921953E-01 -2.9276785E+00 -1.9104109E-01
-1.4650010E+00 8.3379903E-01 -2.0677006E+00 -3.2154026E-01 -3.0563308E+00 -8.6833853E-02
-1.4645809E+00 8.3277354E-01 -2.0594435E+00 -3.1490389E-01 -3.0520541E+00 -9.1908499E-02
-1.4709131E+00 8.5610802E-01 -2.0586962E+00 -2.5301512E-01 -3.0354753E+00 -2.7620149E-02
