-1.3028098E+00 1.9628643E-01 -1.4926996E+00 -1.1097973E+00 -1.7064433E+00 -9.2620002E-01
-1.2945982E+00 1.7209673E-01 -1.4515713E+00 -1.1156046E+00 -1.6579193E+00 -9.7147657E-01
-1.2905991E+00 1.6747520E-01 -1.4411785E+00 -1.1142024E+00 -1.6438315E+00 -9.7981208E-01
-1.2691330E+00 1.5597176E-01 -1.4074694E+00 -1.0972115E+00 -1.5943650E+00 -9.8531185E-01
-1.2274958E+00 2.0084242E-01 -1.4050064E+00 -1.0061824E+00 -1.6247118E+00 -8.5169801E-01
-1.1917365E+00 2.4361474E-01 -1.3904367E+00 -9.1155640E-01 -1.6891882E+00 -7.4624128E-01
-1.1749291E+00 2.6296107E-01 -1.3884296E+00 -8.7356648E-01 -1.7158719E+00 -6.9198806E-01
-1.1702558E+00 2.6183395E-01 -1.3855053E+00 -8.7347678E-01 -1.7058589E+00 -6.8898884E-01
-1.1425422E+00 2.6279603E-01 -1.3587518E+00 -8.4844617E-01 -1.6779123E+00 -6.5681252E-01
-1.1303603E+00 2.7104758E-01 -1.3601190E+00 -8.2993820E-01 -1.6748460E+00 -6.2369897E-01
-1.0542459E+00 2.6651843E-01 -1.2976455E+00 -7.6907945E-01 -1.6072222E+00 -5.6612482E-01
-8.8212081E-01 3.2164984E-01 -1.2021211E+00 -5.5738685E-01 -1.5129055E+00 -2.6064624E-01
-7.2712197E-01 3.9553152E-01 -1.1172898E+00 -3.2765548E-01 -1.5194569E+00 2.6886479E-02
-6.1157244E-01 4.7054198E-01 -1.0294466E+00 -1.0686080E-01 -1.5428312E+00 3.0217303E-01
-5.8822131E-01 5.0272231E-01 -9.7577966E-01 -1.7555703E-02 -1.5926517E+00 3.7320103E-01
-5.9496116E-01 5.0086424E-01 -9.7384357E-01 -2.1971526E-02 -1.5990309E+00 3.5336989E-01
-6.3818087E-01 5.0802901E-01 -9.1979407E-01 -2.6597074E-02 -1.7034658E+00 1.9437773E-01
-6.9058243E-01 5.5079839E-01 -9.4048367E-01 -2.0590686E-02 -1.8155020E+00 9.9970633E-02
-6.9846564E-01 5.4800253E-01 -9.2581552E-01 -2.7147613E-02 -1.8065379E+00 5.4841907E-02
-7.1860220E-01 5.6506739E-01 -9.2351324E-01 -1.9094613E-02 -1.8273522E+00 9.5129708E-03
