-1.3414568E+00 1.7001361E-01 -1.5112756E+00 -1.1723056E+00 -1.6730515E+00 -1.0077423E+00
-1.3143255E+00 1.4278689E-01 -1.4577120E+00 -1.1727362E+00 -1.5935374E+00 -1.0352330E+00
-1.3093571E+00 1.3619505E-01 -1.4469523E+00 -1.1730110E+00 -1.5756138E+00 -1.0457127E+00
-1.2012741E+00 1.1983746E-01 -1.3141383E+00 -1.0749037E+00 -1.4443004E+00 -9.7619658E-01
-9.5896897E-01 1.5122911E-01 -1.1106487E+00 -8.0736749E-01 -1.2619875E+00 -6.7036110E-01
-7.4314162E-01 1.6789047E-01 -8.9492722E-01 -5.6642606E-01 -1.0960964E+00 -4.3102270E-01
-6.7436529E-01 1.7680950E-01 -8.3110297E-01 -4.8544354E-01 -1.0264391E+00 -3.3600541E-01
-6.8087065E-01 1.7387986E-01 -8.2498509E-01 -4.8963257E-01 -1.0276907E+00 -3.5025044E-01
-7.1155435E-01 1.8166069E-01 -8.6821709E-01 -5.2010545E-01 -1.0678691E+00 -3.6239758E-01
-7.3200905E-01 1.9700732E-01 -9.0862450E-01 -5.2679777E-01 -1.1211310E+00 -3.4875245E-01
-8.7080123E-01 2.1788263E-01 -1.0676207E+00 -6.3958876E-01 -1.3304308E+00 -4.6553632E-01
-1.2124157E+00 3.2635301E-01 -1.5318987E+00 -8.9138925E-01 -1.8810602E+00 -5.8565765E-01
-1.5583743E+00 4.4373591E-01 -2.0003997E+00 -1.1124688E+00 -2.4448492E+00 -7.0096861E-01
-1.8759186E+00 5.7198662E-01 -2.4651794E+00 -1.2795490E+00 -2.9630915E+00 -7.6326023E-01
-2.0029434E+00 6.4256853E-01 -2.7243072E+00 -1.3808543E+00 -3.2071077E+00 -7.7295946E-01
-2.0011886E+00 6.4507122E-01 -2.7285752E+00 -1.3759487E+00 -3.2052772E+00 -7.7306033E-01
-2.0667706E+00 7.0414058E-01 -2.9688303E+00 -1.4760855E+00 -3.2980472E+00 -7.3938403E-01
-2.1040497E+00 7.8439523E-01 -3.1911204E+00 -1.5247216E+00 -3.4477747E+00 -6.6547341E-01
-2.1013301E+00 7.8702248E-01 -3.1938583E+00 -1.5210028E+00 -3.4361283E+00 -6.5957849E-01
-2.1074957E+00 8.1740611E-01 -3.2494090E+00 -1.5116073E+00 -3.5000000E+00 -6.4557072E-01
