-1.5102323E+00 1.8353641E-01 -1.6925472E+00 -1.3274415E+00 -1.8839320E+00 -1.1662721E+00
-1.4611356E+00 1.6150696E-01 -1.6121305E+00 -1.2917636E+00 -1.7807548E+00 -1.1505401E+00
-1.4470608E+00 1.5774229E-01 -1.5927073E+00 -1.2815759E+00 -1.7595398E+00 -1.1426225E+00
-1.2846325E+00 1.4551146E-01 -1.4062459E+00 -1.1261299E+00 -1.5956624E+00 -1.0219208E+00
-9.4910613E-01 1.8212235E-01 -1.0948914E+00 -7.5293295E-01 -1.3299609E+00 -6.0014052E-01
-6.8106805E-01 2.1031379E-01 -8.3452497E-01 -4.4948098E-01 -1.1168425E+00 -2.9223029E-01
-6.0665709E-01 2.2048984E-01 -7.6351505E-01 -3.6649730E-01 -1.0667425E+00 -1.9818790E-01
-6.2357235E-01 2.1873370E-01 -7.6474047E-01 -3.7770378E-01 -1.0749436E+00 -2.1775276E-01
-6.5348583E-01 2.1873336E-01 -8.0540229E-01 -4.0620382E-01 -1.1191410E+00 -2.5054030E-01
-6.7890822E-01 2.2935526E-01 -8.6073395E-01 -4.2447903E-01 -1.1633240E+00 -2.5200327E-01
-7.7418810E-01 2.3373468E-01 -9.8964887E-01 -5.2636205E-01 -1.2603294E+00 -3.4352735E-01
-9.7514898E-01 3.2820542E-01 -1.2839677E+00 -6.3725029E-01 -1.6457975E+00 -3.4865447E-01
-1.1561771E+00 4.7113794E-01 -1.5935467E+00 -6.6076941E-01 -2.1305921E+00 -2.7742064E-01
-1.3138163E+00 6.3608757E-01 -1.8424273E+00 -5.7892605E-01 -2.6538118E+00 -1.4638384E-01
-1.3792382E+00 7.1815576E-01 -1.9954359E+00 -5.4624504E-01 -2.8921315E+00 -1.0694294E-01
-1.3796735E+00 7.1821928E-01 -1.9975083E+00 -5.4152027E-01 -2.8861137E+00 -1.1443085E-01
-1.4319940E+00 7.7643412E-01 -2.0142690E+00 -4.0785347E-01 -2.9818723E+00 -1.1238631E-01
-1.4710291E+00 8.5070008E-01 -2.0588376E+00 -2.8558416E-01 -3.1515427E+00 -9.8958197E-02
-1.4726137E+00 8.5078283E-01 -2.0683933E+00 -2.9953507E-01 -3.1043040E+00 -7.4665992E-02
-1.4835834E+00 8.7562646E-01 -2.0885980E+00 -1.9770016E-01 -3.1187635E+00 -9.7877704E-03
