-1.1117099E+00 1.6894551E-01 -1.2802450E+00 -9.4526141E-01 -1.4514122E+00 -7.8624753E-01
-1.0926351E+00 1.4316468E-01 -1.2355649E+00 -9.5060596E-01 -1.3793490E+00 -8.1766061E-01
-1.0798268E+00 1.3652172E-01 -1.2153260E+00 -9.4278786E-01 -1.3521773E+00 -8.1788824E-01
-1.0261318E+00 1.1590041E-01 -1.1399264E+00 -9.1156893E-01 -1.2653308E+00 -8.0758870E-01
-9.5445242E-01 1.5831461E-01 -1.1100574E+00 -7.9777717E-01 -1.2735490E+00 -6.5471480E-01
-9.3690748E-01 1.9336018E-01 -1.0935763E+00 -7.2009199E-01 -1.3343043E+00 -5.8101061E-01
-9.5224256E-01 2.0936487E-01 -1.1134233E+00 -7.2290976E-01 -1.3856585E+00 -5.6086732E-01
-9.6603122E-01 2.0987179E-01 -1.1232145E+00 -7.3766157E-01 -1.3939970E+00 -5.6911039E-01
-9.9402698E-01 2.1875093E-01 -1.1555489E+00 -7.5949752E-01 -1.4302477E+00 -5.7380006E-01
-1.0040801E+00 2.3488935E-01 -1.1869588E+00 -7.5797229E-01 -1.4810040E+00 -5.5171990E-01
-1.0651204E+00 2.4557747E-01 -1.2725508E+00 -8.1046392E-01 -1.5571793E+00 -5.8584475E-01
-1.2101813E+00 3.3638531E-01 -1.5224911E+00 -8.5940125E-01 -1.8962393E+00 -5.7900748E-01
-1.3650135E+00 4.6294933E-01 -1.7745982E+00 -8.7368952E-01 -2.3431058E+00 -4.9616096E-01
-1.5267006E+00 6.1894314E-01 -2.0941576E+00 -8.5291804E-01 -2.8098979E+00 -3.8884736E-01
-1.6058515E+00 7.0416686E-01 -2.2768750E+00 -8.2556795E-01 -3.0052940E+00 -3.0316601E-01
-1.6087290E+00 7.0597877E-01 -2.2808804E+00 -8.2057276E-01 -3.0044724E+00 -2.9566474E-01
-1.6718587E+00 7.7096196E-01 -2.3932594E+00 -7.2653019E-01 -3.1682707E+00 -3.5591950E-01
-1.7180275E+00 8.4866979E-01 -2.5489094E+00 -6.5529828E-01 -3.2738774E+00 -2.6068773E-01
-1.7182786E+00 8.4785744E-01 -2.5163965E+00 -6.1932544E-01 -3.2750231E+00 -2.6205580E-01
-1.7290521E+00 8.7458336E-01 -2.5585454E+00 -6.0206289E-01 -3.3322613E+00 -2.4131566E-01
