-1.0412353E+00 1.8005724E-01 -1.2119508E+00 -8.5304047E-01 -1.4065176E+00 -7.0028272E-01
-1.0395606E+00 1.5464256E-01 -1.1825783E+00 -8.7815448E-01 -1.3567423E+00 -7.4793149E-01
-1.0373370E+00 1.4713792E-01 -1.1736188E+00 -8.8433329E-01 -1.3392971E+00 -7.6043439E-01
-1.0350981E+00 1.3032467E-01 -1.1474438E+00 -8.9623700E-01 -1.3002261E+00 -7.8420527E-01
-1.0388892E+00 1.7177112E-01 -1.1826766E+00 -8.5341474E-01 -1.3899468E+00 -7.1020845E-01
-1.0533994E+00 2.0524827E-01 -1.2234652E+00 -8.3456109E-01 -1.4659208E+00 -6.6094038E-01
-1.0650823E+00 2.1997278E-01 -1.2429272E+00 -8.2422723E-01 -1.5038893E+00 -6.4833055E-01
-1.0710598E+00 2.2000913E-01 -1.2456955E+00 -8.2681035E-01 -1.5158027E+00 -6.5578604E-01
-1.0839754E+00 2.2728242E-01 -1.2600937E+00 -8.2660862E-01 -1.5617700E+00 -6.6664325E-01
-1.0918040E+00 2.4232504E-01 -1.2896640E+00 -8.2257572E-01 -1.5914422E+00 -6.3958614E-01
-1.1047157E+00 2.4929399E-01 -1.3209544E+00 -8.3179721E-01 -1.6274018E+00 -6.4826413E-01
-1.1228942E+00 3.3255237E-01 -1.4286362E+00 -7.8164826E-01 -1.8031781E+00 -4.9710353E-01
-1.1431962E+00 4.5300003E-01 -1.5538855E+00 -6.8928027E-01 -2.0962623E+00 -2.9369903E-01
-1.1780299E+00 5.9118911E-01 -1.6496686E+00 -5.0010247E-01 -2.4449187E+00 -1.2208099E-01
-1.2089605E+00 6.6043627E-01 -1.7218239E+00 -4.2334115E-01 -2.5780329E+00 -3.4241386E-02
-1.2122265E+00 6.6047034E-01 -1.7254224E+00 -4.2277340E-01 -2.5807759E+00 -4.4535117E-02
-1.2595511E+00 7.1362877E-01 -1.7534699E+00 -3.4523949E-01 -2.7216453E+00 -7.3947162E-02
-1.3056774E+00 7.8730484E-01 -1.7749093E+00 -2.0530516E-01 -2.8431971E+00 -3.0911988E-02
-1.3108347E+00 7.8532668E-01 -1.7396400E+00 -1.7704499E-01 -2.8303615E+00 -5.5288354E-02
-1.3217665E+00 8.1057951E-01 -1.7246995E+00 -1.0233300E-01 -2.8689883E+00 -3.3661712E-02
