-1.3546993E+00 2.0066631E-01 -1.5330212E+00 -1.1429916E+00 -1.7775510E+00 -9.7752813E-01
-1.3521217E+00 1.7695495E-01 -1.5050194E+00 -1.1646762E+00 -1.7116704E+00 -1.0120271E+00
-1.3585191E+00 1.7118731E-01 -1.5057585E+00 -1.1771665E+00 -1.7061034E+00 -1.0304985E+00
-1.3358875E+00 1.6328113E-01 -1.4595577E+00 -1.1620565E+00 -1.6651213E+00 -1.0269080E+00
-1.2186847E+00 2.0583478E-01 -1.3576226E+00 -9.9143088E-01 -1.6580942E+00 -8.3472038E-01
-1.0241378E+00 2.4167714E-01 -1.1769916E+00 -7.5190708E-01 -1.5514727E+00 -5.9726462E-01
-9.0557956E-01 2.5892490E-01 -1.0746405E+00 -6.1224483E-01 -1.4562917E+00 -4.4786484E-01
-8.6242425E-01 2.6049715E-01 -1.0368057E+00 -5.6230988E-01 -1.4018423E+00 -3.9973295E-01
-7.8269352E-01 2.6614887E-01 -9.7594086E-01 -4.7962540E-01 -1.3337765E+00 -3.0528679E-01
-7.4474510E-01 2.7792832E-01 -9.5913888E-01 -4.3478719E-01 -1.3160587E+00 -2.3466256E-01
-6.9004767E-01 2.6340400E-01 -9.1791023E-01 -4.0698847E-01 -1.2126303E+00 -1.8317874E-01
-6.7470060E-01 3.1043971E-01 -9.6438846E-01 -3.4982672E-01 -1.3105375E+00 -9.1794898E-02
-7.6516295E-01 4.3257998E-01 -1.1462232E+00 -3.0693026E-01 -1.6806991E+00 3.9717811E-02
-9.4403775E-01 6.0582248E-01 -1.4805208E+00 -2.8175042E-01 -2.1802519E+00 1.8438692E-01
-1.0677328E+00 7.0125590E-01 -1.6503554E+00 -2.3946925E-01 -2.4689866E+00 2.1635991E-01
-1.0795200E+00 7.0171381E-01 -1.6566018E+00 -2.4682247E-01 -2.4808087E+00 2.0157513E-01
-1.2138604E+00 7.7506291E-01 -1.7299067E+00 -1.8705933E-01 -2.7511886E+00 6.7684353E-02
-1.3222507E+00 8.5771194E-01 -1.7459376E+00 -8.8954825E-02 -3.0077758E+00 -1.6638526E-02
-1.3236308E+00 8.5993193E-01 -1.7309522E+00 -7.2421200E-02 -2.9950818E+00 -1.7574778E-02
-1.3498544E+00 8.8787066E-01 -1.7436775E+00 -4.6793754E-02 -3.0618123E+00 -2.1197967E-02
