-1.1086883E+00 1.8185390E-01 -1.2793056E+00 -9.1731068E-01 -1.4791072E+00 -7.6496637E-01
-1.1175629E+00 1.5526456E-01 -1.2569999E+00 -9.5070184E-01 -1.4419710E+00 -8.3315013E-01
-1.1275589E+00 1.5093793E-01 -1.2575237E+00 -9.6229794E-01 -1.4501062E+00 -8.5302125E-01
-1.1424303E+00 1.3605243E-01 -1.2570635E+00 -9.9449491E-01 -1.4165362E+00 -8.8221072E-01
-1.1195526E+00 1.7443045E-01 -1.2671235E+00 -9.3275000E-01 -1.4709123E+00 -7.8567861E-01
-1.0342194E+00 2.0568186E-01 -1.1899461E+00 -8.0905741E-01 -1.4624563E+00 -6.4777339E-01
-9.6979155E-01 2.2366175E-01 -1.1370254E+00 -7.1915476E-01 -1.4404478E+00 -5.6089667E-01
-9.4188845E-01 2.2701269E-01 -1.1091313E+00 -6.8363852E-01 -1.4136362E+00 -5.2774458E-01
-8.9647205E-01 2.3513821E-01 -1.0748958E+00 -6.3007589E-01 -1.3734744E+00 -4.6849762E-01
-8.7294044E-01 2.4905522E-01 -1.0706841E+00 -5.9701076E-01 -1.3790915E+00 -4.1333273E-01
-8.5874363E-01 2.4391874E-01 -1.0795527E+00 -6.0334181E-01 -1.3479788E+00 -3.8432867E-01
-9.0178511E-01 3.0277080E-01 -1.1998993E+00 -6.0179189E-01 -1.5101267E+00 -3.1859508E-01
-1.0162407E+00 4.2283423E-01 -1.3995560E+00 -5.6281990E-01 -1.8949092E+00 -2.3581969E-01
-1.1866878E+00 5.7864366E-01 -1.6945416E+00 -5.3513789E-01 -2.3828553E+00 -1.3125958E-01
-1.2881931E+00 6.6260508E-01 -1.8642269E+00 -5.0931751E-01 -2.6001332E+00 -8.0791526E-02
-1.2954160E+00 6.6470549E-01 -1.8677142E+00 -5.0616838E-01 -2.6560316E+00 -1.2349965E-01
-1.3943502E+00 7.2997445E-01 -1.9710236E+00 -4.4671035E-01 -2.8071295E+00 -1.5278152E-01
-1.4714926E+00 8.0937135E-01 -2.0367228E+00 -3.3201168E-01 -3.0123731E+00 -1.1674577E-01
-1.4721161E+00 8.0954739E-01 -2.0286201E+00 -3.2596615E-01 -3.0108377E+00 -1.1564402E-01
-1.4928893E+00 8.3400626E-01 -2.0796718E+00 -3.2295465E-01 -3.0472770E+00 -7.2412386E-02
