-9.7990769E-01 1.7269401E-01 -1.1492096E+00 -8.0673470E-01 -1.3191280E+00 -6.3939610E-01
-9.8024652E-01 1.4385270E-01 -1.1205673E+00 -8.3645252E-01 -1.2645416E+00 -6.9904332E-01
-9.8276430E-01 1.3718015E-01 -1.1168879E+00 -8.4659016E-01 -1.2543153E+00 -7.1492906E-01
-9.6999652E-01 1.1457231E-01 -1.0807906E+00 -8.5828862E-01 -1.1994068E+00 -7.4569769E-01
-9.3180893E-01 1.5004567E-01 -1.0796371E+00 -7.8405212E-01 -1.2351732E+00 -6.4447110E-01
-9.0010749E-01 1.7461545E-01 -1.0600108E+00 -7.2065494E-01 -1.2432639E+00 -5.6043499E-01
-8.9889521E-01 1.8452036E-01 -1.0662544E+00 -7.0209507E-01 -1.2619466E+00 -5.4807165E-01
-9.0870506E-01 1.8495659E-01 -1.0745727E+00 -7.0979638E-01 -1.2758289E+00 -5.5708683E-01
-9.4957981E-01 1.9891302E-01 -1.1295722E+00 -7.3539384E-01 -1.3439444E+00 -5.7527788E-01
-9.7356494E-01 2.1825086E-01 -1.1727171E+00 -7.3842350E-01 -1.4070088E+00 -5.5622199E-01
-1.0753877E+00 2.3262413E-01 -1.2911761E+00 -8.2749419E-01 -1.5531857E+00 -6.4237563E-01
-1.2873577E+00 3.2846765E-01 -1.6209215E+00 -9.5682040E-01 -1.9334202E+00 -6.5766098E-01
-1.4785562E+00 4.5503451E-01 -1.9370042E+00 -1.0223927E+00 -2.3893684E+00 -6.0854306E-01
-1.6467221E+00 6.0208897E-01 -2.2313227E+00 -9.9691723E-01 -2.8458060E+00 -5.3435053E-01
-1.7166110E+00 6.7744835E-01 -2.3557673E+00 -9.3645590E-01 -3.0473680E+00 -4.9561047E-01
-1.7170981E+00 6.7791153E-01 -2.3580569E+00 -9.3302476E-01 -3.0451260E+00 -5.0290761E-01
-1.7594807E+00 7.3305624E-01 -2.4205849E+00 -8.3017276E-01 -3.1441018E+00 -4.8160584E-01
-1.7863887E+00 8.0529685E-01 -2.5282983E+00 -7.6666960E-01 -3.2901772E+00 -3.9925665E-01
-1.7870944E+00 8.0402992E-01 -2.5253748E+00 -7.6475928E-01 -3.2890721E+00 -4.0976062E-01
-1.7958495E+00 8.2658700E-01 -2.5566703E+00 -7.4599275E-01 -3.3774337E+00 -4.1642195E-01
