-1.1249602E+00 1.7931583E-01 -1.3053003E+00 -9.4550836E-01 -1.4787847E+00 -7.8117727E-01
-1.1290843E+00 1.5385419E-01 -1.2807538E+00 -9.7678669E-01 -1.4399323E+00 -8.4028585E-01
-1.1311839E+00 1.4823908E-01 -1.2741464E+00 -9.8561691E-01 -1.4192952E+00 -8.3870546E-01
-1.1453023E+00 1.3477130E-01 -1.2568643E+00 -1.0091453E+00 -1.4099983E+00 -8.8683668E-01
-1.1647765E+00 1.7412711E-01 -1.3143905E+00 -9.8916939E-01 -1.5054874E+00 -8.2858075E-01
-1.1609530E+00 2.1143790E-01 -1.3228499E+00 -9.2145485E-01 -1.5894787E+00 -7.7492129E-01
-1.1435011E+00 2.3440739E-01 -1.3137266E+00 -8.7120940E-01 -1.6445906E+00 -7.2010588E-01
-1.1285824E+00 2.4115279E-01 -1.3097329E+00 -8.5712687E-01 -1.6257062E+00 -6.8318850E-01
-1.1034189E+00 2.5267023E-01 -1.2941327E+00 -8.1854464E-01 -1.6105442E+00 -6.3682305E-01
-1.0867180E+00 2.6784719E-01 -1.2973091E+00 -7.9031950E-01 -1.6254935E+00 -5.8583689E-01
-1.0655857E+00 2.6502189E-01 -1.2863178E+00 -7.7859723E-01 -1.6035247E+00 -5.6546881E-01
-1.0582780E+00 3.3313242E-01 -1.3628721E+00 -7.1498986E-01 -1.7498467E+00 -4.2766102E-01
-1.0913884E+00 4.4975934E-01 -1.4889167E+00 -6.1319332E-01 -2.0271048E+00 -2.6238925E-01
-1.1673943E+00 5.9978441E-01 -1.6927420E+00 -5.2138361E-01 -2.3778088E+00 -2.2821698E-02
-1.2252284E+00 6.8112173E-01 -1.7919478E+00 -4.4809208E-01 -2.6222909E+00 4.1295532E-02
-1.2286028E+00 6.8453681E-01 -1.8006258E+00 -4.4770167E-01 -2.6294957E+00 4.0021028E-02
-1.3028544E+00 7.4220292E-01 -1.8598053E+00 -3.8046344E-01 -2.8034155E+00 -1.3295197E-02
-1.3687026E+00 8.1629794E-01 -1.9427182E+00 -2.9256189E-01 -2.9760872E+00 -5.1179107E-03
-1.3732444E+00 8.1440690E-01 -1.9295773E+00 -2.8555789E-01 -2.9595898E+00 -2.1767290E-02
-1.3910494E+00 8.4019547E-01 -1.9416061E+00 -2.3406518E-01 -3.0059642E+00 -1.7075120E-02
