-1.1070415E+00 2.3479876E-01 -1.3400743E+00 -8.7274888E-01 -1.5700818E+00 -6.5354871E-01
-1.0901328E+00 1.7670247E-01 -1.2645871E+00 -9.1406060E-01 -1.4409859E+00 -7.4557530E-01
-1.0538976E+00 1.1390008E-01 -1.1667386E+00 -9.4163233E-01 -1.2834042E+00 -8.3457425E-01
-1.0157139E+00 1.2150920E-01 -1.1364657E+00 -8.9497391E-01 -1.2558402E+00 -7.7877903E-01
-9.9206724E-01 1.3803808E-01 -1.1286098E+00 -8.5593642E-01 -1.2659822E+00 -7.2317851E-01
-9.8455059E-01 1.3668190E-01 -1.1203309E+00 -8.5067713E-01 -1.2548718E+00 -7.1587422E-01
-9.8238730E-01 1.3563954E-01 -1.1169627E+00 -8.4914598E-01 -1.2519434E+00 -7.1912950E-01
-9.7451463E-01 1.4510385E-01 -1.1199991E+00 -8.2905054E-01 -1.2627660E+00 -6.9719906E-01
-9.5654841E-01 1.6128568E-01 -1.1165184E+00 -7.9505092E-01 -1.2780245E+00 -6.4771472E-01
-9.3954891E-01 1.7591931E-01 -1.1029131E+00 -7.5658772E-01 -1.2990524E+00 -6.0964735E-01
-9.4418327E-01 1.9750938E-01 -1.1209678E+00 -7.3851544E-01 -1.3599671E+00 -5.7474614E-01
-9.9104537E-01 2.3015500E-01 -1.1871107E+00 -7.4212323E-01 -1.4533801E+00 -5.5343816E-01
-1.0874603E+00 2.6635667E-01 -1.3093140E+00 -8.0140630E-01 -1.6289789E+00 -5.8017214E-01
-1.2210937E+00 3.0309773E-01 -1.4636670E+00 -8.8914927E-01 -1.8387447E+00 -6.5112386E-01
-1.3673121E+00 3.5080848E-01 -1.6362733E+00 -9.7430661E-01 -2.0781023E+00 -7.1998457E-01
-1.5007157E+00 4.2396603E-01 -1.8361106E+00 -1.0181803E+00 -2.3574841E+00 -7.2100289E-01
-1.6022968E+00 5.3737458E-01 -2.0840163E+00 -9.8893388E-01 -2.6619449E+00 -6.1330536E-01
-1.6675653E+00 6.8271926E-01 -2.3564279E+00 -9.1466484E-01 -2.9583478E+00 -3.8794510E-01
-1.6995938E+00 8.1432807E-01 -2.5885996E+00 -8.4569767E-01 -3.2590545E+00 -2.3489035E-01
-1.7098571E+00 8.7629676E-01 -2.6682658E+00 -7.9083698E-01 -3.4347431E+00 -1.7821445E-01
