-7.8711259E-01 2.3305184E-01 -1.0188157E+00 -5.5374339E-01 -1.2410106E+00 -3.2839875E-01
-8.2440032E-01 1.7621141E-01 -9.9922405E-01 -6.4926607E-01 -1.1720271E+00 -4.8190699E-01
-9.1763455E-01 1.1237620E-01 -1.0290636E+00 -8.0519850E-01 -1.1411720E+00 -7.0197647E-01
-1.0350245E+00 1.2068884E-01 -1.1562019E+00 -9.1486500E-01 -1.2727494E+00 -8.0006484E-01
-1.1216369E+00 1.4010187E-01 -1.2542553E+00 -9.7787003E-01 -1.4046343E+00 -8.5093404E-01
-1.1393177E+00 1.4078287E-01 -1.2749992E+00 -9.9388067E-01 -1.4204512E+00 -8.7225566E-01
-1.0884239E+00 1.4382957E-01 -1.2310923E+00 -9.4571582E-01 -1.3737362E+00 -8.0826810E-01
-9.9636656E-01 1.5269314E-01 -1.1399949E+00 -8.3674236E-01 -1.3069335E+00 -7.0894792E-01
-9.0656943E-01 1.6281971E-01 -1.0604192E+00 -7.3884577E-01 -1.2369341E+00 -5.9783445E-01
-8.5723051E-01 1.7949575E-01 -1.0309735E+00 -6.8166069E-01 -1.2214062E+00 -5.1242333E-01
-8.7060750E-01 2.0149864E-01 -1.0530021E+00 -6.5880540E-01 -1.2883507E+00 -4.9241237E-01
-9.4808093E-01 2.2771691E-01 -1.1499103E+00 -7.0647994E-01 -1.4242418E+00 -5.2840108E-01
-1.0677107E+00 2.6086727E-01 -1.2928427E+00 -7.8457322E-01 -1.5914189E+00 -5.7411124E-01
-1.1960391E+00 2.9812223E-01 -1.4459490E+00 -8.7578351E-01 -1.7940249E+00 -6.2690161E-01
-1.3011737E+00 3.5054310E-01 -1.5673750E+00 -9.1431541E-01 -2.0129024E+00 -6.4808057E-01
-1.3676418E+00 4.3755266E-01 -1.6838403E+00 -8.6447409E-01 -2.2654505E+00 -5.8249681E-01
-1.3970379E+00 5.6736313E-01 -1.8392180E+00 -7.1783276E-01 -2.5366533E+00 -3.8960931E-01
-1.3997908E+00 7.1987258E-01 -2.0206904E+00 -5.3422184E-01 -2.8108947E+00 -1.1594297E-01
-1.3906580E+00 8.5015497E-01 -2.1734703E+00 -3.7315729E-01 -3.0362257E+00 1.3787923E-01
-1.3852577E+00 9.1050391E-01 -2.2395792E+00 -2.9613333E-01 -3.5000000E+00 5.0000000E-01
