-1.1483732E+00 2.4089900E-01 -1.3906115E+00 -9.0749154E-01 -1.6186420E+00 -6.8101737E-01
-1.1364084E+00 1.8293640E-01 -1.3205371E+00 -9.5238661E-01 -1.4913957E+00 -7.8113023E-01
-1.1048872E+00 1.1362169E-01 -1.2175828E+00 -9.9214282E-01 -1.3299855E+00 -8.8389667E-01
-1.0673573E+00 1.2175560E-01 -1.1877009E+00 -9.4658283E-01 -1.3098614E+00 -8.3090460E-01
-1.0455803E+00 1.4034730E-01 -1.1839951E+00 -9.0682822E-01 -1.3228144E+00 -7.7037224E-01
-1.0481564E+00 1.3892027E-01 -1.1857267E+00 -9.1078099E-01 -1.3258444E+00 -7.7883838E-01
-1.0651608E+00 1.3873179E-01 -1.2036796E+00 -9.2743162E-01 -1.3421384E+00 -7.9789605E-01
-1.0712258E+00 1.4689271E-01 -1.2170241E+00 -9.2502433E-01 -1.3603023E+00 -7.8464304E-01
-1.0467429E+00 1.6315031E-01 -1.2078293E+00 -8.8515136E-01 -1.3731695E+00 -7.3492801E-01
-9.9805260E-01 1.8192471E-01 -1.1678788E+00 -8.0898508E-01 -1.3693938E+00 -6.5507158E-01
-9.5180749E-01 2.0023983E-01 -1.1370650E+00 -7.4061227E-01 -1.3646837E+00 -5.8078685E-01
-9.4152881E-01 2.2537635E-01 -1.1474976E+00 -7.0192855E-01 -1.4042151E+00 -5.2739013E-01
-9.8325369E-01 2.5629712E-01 -1.2148178E+00 -7.1359323E-01 -1.4857226E+00 -4.8533019E-01
-1.0659908E+00 2.8445675E-01 -1.3091223E+00 -7.5895033E-01 -1.6364661E+00 -5.2192661E-01
-1.1642297E+00 3.2318381E-01 -1.4090331E+00 -8.0124605E-01 -1.8340014E+00 -5.6837278E-01
-1.2549533E+00 4.0067295E-01 -1.5451597E+00 -7.8911871E-01 -2.0898581E+00 -5.3797276E-01
-1.3294536E+00 5.3110097E-01 -1.7400076E+00 -6.9943970E-01 -2.4150195E+00 -3.7276647E-01
-1.3836508E+00 6.8850612E-01 -1.9654004E+00 -5.7115270E-01 -2.7667243E+00 -1.4567926E-01
-1.4160179E+00 8.2125686E-01 -2.1588562E+00 -4.6009745E-01 -3.1046121E+00 5.5832547E-02
-1.4277963E+00 8.8125345E-01 -2.2485599E+00 -4.0960408E-01 -3.2214546E+00 1.7180952E-01
