-1.1867903E+00 2.3687792E-01 -1.4206965E+00 -9.5143597E-01 -1.6449653E+00 -7.1285577E-01
-1.1936198E+00 1.8132524E-01 -1.3748819E+00 -1.0140841E+00 -1.5433775E+00 -8.3139717E-01
-1.1978016E+00 1.1684986E-01 -1.3136416E+00 -1.0811245E+00 -1.4262240E+00 -9.6838754E-01
-1.1728014E+00 1.2165676E-01 -1.2945823E+00 -1.0519200E+00 -1.4149780E+00 -9.3995400E-01
-1.0994305E+00 1.3968528E-01 -1.2379775E+00 -9.5993060E-01 -1.3754509E+00 -8.2664534E-01
-9.9009139E-01 1.4163707E-01 -1.1298496E+00 -8.4687034E-01 -1.2685468E+00 -7.1413153E-01
-8.8105112E-01 1.3988122E-01 -1.0196877E+00 -7.4193399E-01 -1.1590190E+00 -6.0919105E-01
-8.1336695E-01 1.4611411E-01 -9.5954624E-01 -6.6734822E-01 -1.1012366E+00 -5.2944370E-01
-8.0996407E-01 1.6057020E-01 -9.6831956E-01 -6.5129966E-01 -1.1318700E+00 -5.0081147E-01
-8.6549596E-01 1.7838024E-01 -1.0340789E+00 -6.7914978E-01 -1.2235492E+00 -5.2739501E-01
-9.6367824E-01 2.0012344E-01 -1.1513319E+00 -7.5396031E-01 -1.3700475E+00 -5.8897777E-01
-1.0829141E+00 2.2929663E-01 -1.2982417E+00 -8.4189949E-01 -1.5487962E+00 -6.5361029E-01
-1.2014952E+00 2.6190425E-01 -1.4409158E+00 -9.2330385E-01 -1.7395129E+00 -7.1856577E-01
-1.2981725E+00 2.9792026E-01 -1.5562994E+00 -9.7524574E-01 -1.8911508E+00 -7.3815462E-01
-1.3554566E+00 3.5373060E-01 -1.6205916E+00 -9.5135053E-01 -2.0728884E+00 -7.1429315E-01
-1.3661725E+00 4.4283831E-01 -1.6893481E+00 -8.5358269E-01 -2.2892356E+00 -5.7903793E-01
-1.3443844E+00 5.7324420E-01 -1.7833636E+00 -6.5548675E-01 -2.5060241E+00 -3.2249018E-01
-1.3097868E+00 7.2524753E-01 -1.8923070E+00 -4.1298336E-01 -2.7508371E+00 -2.9712717E-02
-1.2818551E+00 8.5510349E-01 -2.0295070E+00 -2.3826592E-01 -2.9247828E+00 2.6743618E-01
-1.2711440E+00 9.1394264E-01 -2.1016137E+00 -1.7016891E-01 -3.5000000E+00 5.0000000E-01
