-1.0134412E+00 2.3639321E-01 -1.2512663E+00 -7.7586160E-01 -1.4734394E+00 -5.5591423E-01
-9.9434957E-01 1.7895030E-01 -1.1727920E+00 -8.1649117E-01 -1.3439642E+00 -6.4757917E-01
-9.5319929E-01 1.1218431E-01 -1.0635445E+00 -8.4205976E-01 -1.1744852E+00 -7.3298047E-01
-9.1988497E-01 1.2168765E-01 -1.0401887E+00 -8.0075608E-01 -1.1581894E+00 -6.7911033E-01
-9.2352073E-01 1.3943816E-01 -1.0627578E+00 -7.8326447E-01 -1.1938900E+00 -6.4906923E-01
-9.7558101E-01 1.3831557E-01 -1.1121722E+00 -8.3685001E-01 -1.2427390E+00 -7.0007983E-01
-1.0601599E+00 1.4333257E-01 -1.2035559E+00 -9.1812033E-01 -1.3427904E+00 -7.8121661E-01
-1.1431382E+00 1.5432818E-01 -1.2846904E+00 -9.7820467E-01 -1.4583454E+00 -8.5473181E-01
-1.1925558E+00 1.6647902E-01 -1.3455735E+00 -1.0173491E+00 -1.5332673E+00 -8.7754125E-01
-1.1930292E+00 1.8467488E-01 -1.3626017E+00 -9.9973728E-01 -1.5771795E+00 -8.4947250E-01
-1.1514340E+00 2.1517303E-01 -1.3397975E+00 -9.1677333E-01 -1.6051574E+00 -7.6110772E-01
-1.0912634E+00 2.5367268E-01 -1.3072408E+00 -8.1458321E-01 -1.6013861E+00 -6.1398055E-01
-1.0437355E+00 2.8997897E-01 -1.2757798E+00 -7.2775259E-01 -1.6199248E+00 -5.0040612E-01
-1.0307616E+00 3.1674755E-01 -1.2679527E+00 -6.9076598E-01 -1.6642077E+00 -4.4402735E-01
-1.0567306E+00 3.4714845E-01 -1.2942472E+00 -6.7854444E-01 -1.7584051E+00 -4.2933892E-01
-1.1136622E+00 4.1102549E-01 -1.3812370E+00 -6.4561092E-01 -1.9589412E+00 -3.8835060E-01
-1.1801925E+00 5.2793331E-01 -1.5709109E+00 -5.6703751E-01 -2.2601203E+00 -2.2792220E-01
-1.2363588E+00 6.7832045E-01 -1.8017704E+00 -4.4421651E-01 -2.5992239E+00 -1.0190634E-03
-1.2738520E+00 8.1064096E-01 -2.0034990E+00 -3.2935507E-01 -2.8581052E+00 2.2879656E-01
-1.2891694E+00 8.7296766E-01 -2.0939740E+00 -2.7293447E-01 -2.9442425E+00 3.8474697E-01
