-1.0800821E+00 2.3825039E-01 -1.3190773E+00 -8.4336015E-01 -1.5425178E+00 -6.1079345E-01
-1.0714042E+00 1.7950368E-01 -1.2514785E+00 -8.9135484E-01 -1.4206474E+00 -7.2022717E-01
-1.0500083E+00 1.1252294E-01 -1.1622061E+00 -9.3723233E-01 -1.2726725E+00 -8.3268555E-01
-1.0280153E+00 1.1984934E-01 -1.1462707E+00 -9.0961079E-01 -1.2641888E+00 -7.9214471E-01
-1.0203628E+00 1.3851059E-01 -1.1588342E+00 -8.8139980E-01 -1.2897167E+00 -7.4806738E-01
-1.0340714E+00 1.3676603E-01 -1.1701346E+00 -8.9756058E-01 -1.3038836E+00 -7.6864235E-01
-1.0721259E+00 1.3771431E-01 -1.2091760E+00 -9.3487996E-01 -1.3470529E+00 -8.0700979E-01
-1.1274985E+00 1.5706843E-01 -1.2839417E+00 -9.7097544E-01 -1.4400597E+00 -8.2556159E-01
-1.1767251E+00 1.7740181E-01 -1.3511109E+00 -1.0014859E+00 -1.5326442E+00 -8.3555329E-01
-1.2015051E+00 1.9654812E-01 -1.3786831E+00 -9.9274757E-01 -1.6116537E+00 -8.3749786E-01
-1.1997827E+00 2.2208627E-01 -1.3943100E+00 -9.5826142E-01 -1.6433910E+00 -7.7905682E-01
-1.1789944E+00 2.4883907E-01 -1.4015525E+00 -9.0831894E-01 -1.6693675E+00 -7.0771899E-01
-1.1431350E+00 2.6901657E-01 -1.3898184E+00 -8.5984086E-01 -1.6705052E+00 -6.2542928E-01
-1.0928284E+00 2.8868832E-01 -1.3455177E+00 -7.9264871E-01 -1.6637958E+00 -5.3811561E-01
-1.0270988E+00 3.2443112E-01 -1.2703879E+00 -6.7203440E-01 -1.6823215E+00 -4.3024544E-01
-9.5410187E-01 3.9643294E-01 -1.2337805E+00 -5.0896715E-01 -1.7645758E+00 -2.3557162E-01
-8.8802290E-01 5.1084185E-01 -1.2368313E+00 -2.8448827E-01 -1.9400031E+00 1.0070154E-02
-8.4153914E-01 6.4679599E-01 -1.2498087E+00 -2.0901531E-02 -2.1452950E+00 2.4975142E-01
-8.1814756E-01 7.6597512E-01 -1.2451977E+00 2.2838346E-01 -2.3070857E+00 4.2683525E-01
-8.1263746E-01 8.2221949E-01 -1.2762343E+00 3.3139385E-01 -2.3593836E+00 5.0000000E-01
