-1.0237137E+00 2.3567103E-01 -1.2546274E+00 -7.8769966E-01 -1.4912341E+00 -5.6976591E-01
-1.0331402E+00 1.7846214E-01 -1.2099522E+00 -8.5515177E-01 -1.3889114E+00 -6.9009116E-01
-1.0579568E+00 1.1410713E-01 -1.1730274E+00 -9.4555954E-01 -1.2820808E+00 -8.3701491E-01
-1.0862827E+00 1.2156562E-01 -1.2083226E+00 -9.6443413E-01 -1.3266196E+00 -8.5194325E-01
-1.0970412E+00 1.3963659E-01 -1.2359649E+00 -9.5839063E-01 -1.3698261E+00 -8.2098647E-01
-1.0713884E+00 1.3876432E-01 -1.2084854E+00 -9.3413383E-01 -1.3504103E+00 -8.0281772E-01
-1.0147326E+00 1.3986069E-01 -1.1551122E+00 -8.7688134E-01 -1.2934943E+00 -7.4509938E-01
-9.5502139E-01 1.5130566E-01 -1.1054927E+00 -8.0607595E-01 -1.2577859E+00 -6.6341359E-01
-9.2721096E-01 1.6460007E-01 -1.0893638E+00 -7.6634829E-01 -1.2568663E+00 -6.1075637E-01
-9.5470206E-01 1.8320682E-01 -1.1247211E+00 -7.6563760E-01 -1.3310812E+00 -6.0593125E-01
-1.0364528E+00 2.0697273E-01 -1.2239597E+00 -8.1527406E-01 -1.4652078E+00 -6.5633459E-01
-1.1459539E+00 2.3617147E-01 -1.3567772E+00 -8.8923204E-01 -1.6363711E+00 -7.1700842E-01
-1.2462723E+00 2.6942336E-01 -1.4781082E+00 -9.4990767E-01 -1.7854832E+00 -7.4349327E-01
-1.3088519E+00 3.0746293E-01 -1.5541110E+00 -9.7247004E-01 -1.9227518E+00 -7.3216354E-01
-1.3200034E+00 3.6290665E-01 -1.5688207E+00 -9.1328672E-01 -2.0637396E+00 -6.6632214E-01
-1.2885582E+00 4.5178260E-01 -1.5887297E+00 -7.6763248E-01 -2.2179587E+00 -4.9956767E-01
-1.2383984E+00 5.7847846E-01 -1.6313988E+00 -5.3678548E-01 -2.4275967E+00 -2.4002081E-01
-1.1907539E+00 7.2577456E-01 -1.7079429E+00 -2.6570282E-01 -2.6546268E+00 4.8712945E-02
-1.1596514E+00 8.5312558E-01 -1.8102454E+00 -5.5739051E-02 -2.8138743E+00 3.1973113E-01
-1.1487609E+00 9.1138109E-01 -1.8766291E+00 1.8650427E-02 -2.8113369E+00 5.0000000E-01
