-1.1692691E+00 2.3933512E-01 -1.4081099E+00 -9.3060886E-01 -1.6426297E+00 -7.0517844E-01
-1.1647273E+00 1.8083641E-01 -1.3435702E+00 -9.8356108E-01 -1.5207269E+00 -8.1050989E-01
-1.1565517E+00 1.1433408E-01 -1.2691065E+00 -1.0431564E+00 -1.3844524E+00 -9.3387526E-01
-1.1428992E+00 1.2234786E-01 -1.2641675E+00 -1.0213191E+00 -1.3834184E+00 -9.0449939E-01
-1.1177632E+00 1.4059370E-01 -1.2560809E+00 -9.7981032E-01 -1.3986784E+00 -8.4231703E-01
-1.0781239E+00 1.4089795E-01 -1.2187184E+00 -9.3805585E-01 -1.3600823E+00 -8.0587523E-01
-1.0294839E+00 1.4232027E-01 -1.1699058E+00 -8.8792449E-01 -1.3158486E+00 -7.5610830E-01
-9.8445371E-01 1.5159626E-01 -1.1336882E+00 -8.3516479E-01 -1.2899871E+00 -6.9251924E-01
-9.5448217E-01 1.6336848E-01 -1.1150625E+00 -7.9326232E-01 -1.2852094E+00 -6.4264537E-01
-9.3926645E-01 1.7699750E-01 -1.0970320E+00 -7.5231596E-01 -1.3090335E+00 -6.0996097E-01
-9.2977541E-01 1.9531091E-01 -1.1074464E+00 -7.2853033E-01 -1.3156280E+00 -5.4820663E-01
-9.2364855E-01 2.2415217E-01 -1.1232977E+00 -6.8554826E-01 -1.3748229E+00 -4.9647543E-01
-9.3567162E-01 2.6213897E-01 -1.1588168E+00 -6.4774235E-01 -1.4607673E+00 -4.4177672E-01
-9.8384025E-01 2.9613357E-01 -1.2323254E+00 -6.6559589E-01 -1.5717968E+00 -4.2726758E-01
-1.0706389E+00 3.2610671E-01 -1.3165640E+00 -7.1943900E-01 -1.7135451E+00 -4.6559529E-01
-1.1866450E+00 3.8166458E-01 -1.4502027E+00 -7.6351488E-01 -1.9655642E+00 -5.0075573E-01
-1.3114476E+00 4.9324982E-01 -1.7005673E+00 -7.4935964E-01 -2.3102593E+00 -4.1008300E-01
-1.4167673E+00 6.4623259E-01 -2.0246700E+00 -7.0680385E-01 -2.6864165E+00 -1.9563767E-01
-1.4842316E+00 7.8388120E-01 -2.2742249E+00 -6.4117882E-01 -3.0410783E+00 -7.9181605E-03
-1.5107428E+00 8.4785083E-01 -2.4110388E+00 -6.3185731E-01 -3.1763529E+00 9.9430023E-02
