-9.2876920E-01 2.2794468E-01 -1.1544444E+00 -7.0187408E-01 -1.3781659E+00 -4.7888643E-01
-9.3579941E-01 1.7205337E-01 -1.1057597E+00 -7.6525523E-01 -1.2715102E+00 -5.9570993E-01
-9.6231639E-01 1.1272447E-01 -1.0744736E+00 -8.4968323E-01 -1.1852693E+00 -7.4495305E-01
-1.0147116E+00 1.2186872E-01 -1.1361985E+00 -8.9245726E-01 -1.2525045E+00 -7.7765548E-01
-1.0912221E+00 1.3751610E-01 -1.2284042E+00 -9.5496360E-01 -1.3617523E+00 -8.2469491E-01
-1.1722219E+00 1.3823199E-01 -1.3095414E+00 -1.0332480E+00 -1.4446153E+00 -9.0441772E-01
-1.2127707E+00 1.3761834E-01 -1.3488503E+00 -1.0752346E+00 -1.4834909E+00 -9.4361039E-01
-1.1693171E+00 1.4418319E-01 -1.3146531E+00 -1.0262100E+00 -1.4542046E+00 -8.9272308E-01
-1.0243558E+00 1.5267897E-01 -1.1756671E+00 -8.7262057E-01 -1.3280174E+00 -7.2721915E-01
-8.1331098E-01 1.6315682E-01 -9.7439189E-01 -6.5118278E-01 -1.1398759E+00 -5.0030523E-01
-6.1732810E-01 1.8045448E-01 -7.8562396E-01 -4.2942131E-01 -9.8512042E-01 -2.7854220E-01
-5.2903016E-01 2.0130550E-01 -7.0987408E-01 -3.1623389E-01 -9.4906976E-01 -1.5718082E-01
-6.1021537E-01 2.2464724E-01 -8.0711750E-01 -3.6915462E-01 -1.0525776E+00 -1.8055693E-01
-8.5982577E-01 2.4845208E-01 -1.0743086E+00 -5.9567860E-01 -1.3554934E+00 -3.8617590E-01
-1.2201186E+00 2.7793917E-01 -1.4533879E+00 -9.2033697E-01 -1.7768393E+00 -6.9266058E-01
-1.6055756E+00 3.3461928E-01 -1.8960034E+00 -1.2423683E+00 -2.2730033E+00 -9.6453652E-01
-1.9409176E+00 4.3012323E-01 -2.3713966E+00 -1.5074834E+00 -2.7717872E+00 -1.0836429E+00
-2.1803134E+00 5.5178418E-01 -2.8429467E+00 -1.7325098E+00 -3.1681925E+00 -1.1029493E+00
-2.3124484E+00 6.6485609E-01 -3.2202475E+00 -1.8947680E+00 -3.4179012E+00 -1.0692986E+00
-2.3551098E+00 7.2174321E-01 -3.3999925E+00 -1.9598477E+00 -3.5000000E+00 -1.0509517E+00
