-1.1816436E+00 2.3707185E-01 -1.4178875E+00 -9.4526371E-01 -1.6503588E+00 -7.2229225E-01
-1.1699893E+00 1.8055565E-01 -1.3491080E+00 -9.9220169E-01 -1.5300794E+00 -8.1960548E-01
-1.1344373E+00 1.1452683E-01 -1.2472048E+00 -1.0210497E+00 -1.3618747E+00 -9.1143785E-01
-1.0793340E+00 1.2256701E-01 -1.2007171E+00 -9.5792747E-01 -1.3215735E+00 -8.4076808E-01
-1.0212927E+00 1.4349636E-01 -1.1650362E+00 -8.7826943E-01 -1.3026004E+00 -7.4204997E-01
-9.8844180E-01 1.4476284E-01 -1.1322905E+00 -8.4467873E-01 -1.2761385E+00 -7.1031271E-01
-1.0015064E+00 1.4428906E-01 -1.1406676E+00 -8.5088960E-01 -1.2882537E+00 -7.2795287E-01
-1.0558133E+00 1.5271654E-01 -1.2076875E+00 -9.0612581E-01 -1.3604982E+00 -7.5948322E-01
-1.1182130E+00 1.7168389E-01 -1.2879848E+00 -9.4710939E-01 -1.4590740E+00 -7.8723445E-01
-1.1446947E+00 1.9134497E-01 -1.3255391E+00 -9.4649487E-01 -1.5338715E+00 -7.8167667E-01
-1.1108962E+00 2.1168588E-01 -1.3022995E+00 -8.8694637E-01 -1.5510387E+00 -7.1810563E-01
-1.0254039E+00 2.3670142E-01 -1.2392356E+00 -7.7352220E-01 -1.5227892E+00 -5.8715337E-01
-9.2746782E-01 2.6070318E-01 -1.1624273E+00 -6.4737088E-01 -1.4693340E+00 -4.4713425E-01
-8.5703870E-01 2.7448587E-01 -1.0976796E+00 -5.6113723E-01 -1.4013649E+00 -3.3143840E-01
-8.3816999E-01 2.8744618E-01 -1.0823080E+00 -5.3234767E-01 -1.4112952E+00 -2.8559767E-01
-8.7254688E-01 3.3414772E-01 -1.1431277E+00 -5.0659165E-01 -1.5413692E+00 -2.4030839E-01
-9.4099647E-01 4.4553203E-01 -1.3039963E+00 -4.3976260E-01 -1.8370736E+00 -1.1076154E-01
-1.0161278E+00 5.9950086E-01 -1.5301184E+00 -3.2393265E-01 -2.1847538E+00 9.0293403E-02
-1.0692018E+00 7.3696106E-01 -1.7284701E+00 -2.1448907E-01 -2.4535645E+00 3.0270475E-01
-1.0870508E+00 8.0090357E-01 -1.8170490E+00 -1.6228103E-01 -2.5115959E+00 4.8008102E-01
