-1.2195715E+00 2.3582509E-01 -1.4543442E+00 -9.8675841E-01 -1.6860075E+00 -7.6156272E-01
-1.1927645E+00 1.7772573E-01 -1.3696555E+00 -1.0166039E+00 -1.5441764E+00 -8.4866497E-01
-1.1331879E+00 1.1676348E-01 -1.2494800E+00 -1.0158081E+00 -1.3608408E+00 -9.0564704E-01
-1.0578826E+00 1.2415507E-01 -1.1807192E+00 -9.3465703E-01 -1.3022780E+00 -8.1614480E-01
-9.9047571E-01 1.3839150E-01 -1.1269322E+00 -8.5410560E-01 -1.2650653E+00 -7.2264150E-01
-9.4526035E-01 1.3629850E-01 -1.0804747E+00 -8.1007916E-01 -1.2149305E+00 -6.8068539E-01
-9.2891277E-01 1.4019859E-01 -1.0703286E+00 -7.8908229E-01 -1.2020492E+00 -6.5441628E-01
-9.5104585E-01 1.5078085E-01 -1.1019419E+00 -7.9908838E-01 -1.2467862E+00 -6.6048307E-01
-1.0125462E+00 1.6246170E-01 -1.1735234E+00 -8.5102956E-01 -1.3368810E+00 -7.0036303E-01
-1.0958547E+00 1.8212729E-01 -1.2760302E+00 -9.1447749E-01 -1.4666448E+00 -7.5146589E-01
-1.1714868E+00 2.1230711E-01 -1.3619769E+00 -9.4598052E-01 -1.6105465E+00 -7.6979421E-01
-1.2148980E+00 2.4629479E-01 -1.4375646E+00 -9.5513153E-01 -1.7287231E+00 -7.5808478E-01
-1.2195140E+00 2.7924557E-01 -1.4620096E+00 -9.1861974E-01 -1.7724362E+00 -6.8788389E-01
-1.1978398E+00 3.1093900E-01 -1.4581218E+00 -8.6833798E-01 -1.8197276E+00 -6.0346838E-01
-1.1671587E+00 3.4953738E-01 -1.4277886E+00 -7.7527679E-01 -1.8717900E+00 -5.3020095E-01
-1.1382246E+00 4.1662794E-01 -1.4309738E+00 -6.6002329E-01 -2.0035695E+00 -3.9345960E-01
-1.1155590E+00 5.3069631E-01 -1.4931168E+00 -4.8186493E-01 -2.2113586E+00 -1.7367028E-01
-1.1004845E+00 6.7383147E-01 -1.5951703E+00 -2.6569892E-01 -2.4567996E+00 8.7659156E-02
-1.0924278E+00 8.0145004E-01 -1.7170723E+00 -9.1081860E-02 -2.6397050E+00 3.4372222E-01
-1.0892990E+00 8.6141568E-01 -1.7943708E+00 -2.5381737E-02 -2.6583887E+00 5.0000000E-01
