-9.9058020E-01 2.3636886E-01 -1.2254190E+00 -7.5583912E-01 -1.4517285E+00 -5.2471181E-01
-9.6230009E-01 1.7934495E-01 -1.1414592E+00 -7.8415495E-01 -1.3097666E+00 -6.0912476E-01
-8.9700235E-01 1.1307150E-01 -1.0084661E+00 -7.8493760E-01 -1.1220660E+00 -6.7603134E-01
-8.2877297E-01 1.1877742E-01 -9.4694332E-01 -7.1187224E-01 -1.0657603E+00 -5.9705948E-01
-8.1180312E-01 1.3722954E-01 -9.4535020E-01 -6.7617201E-01 -1.0848514E+00 -5.4186102E-01
-8.8119594E-01 1.4054995E-01 -1.0196482E+00 -7.3990741E-01 -1.1605185E+00 -6.1022566E-01
-1.0238423E+00 1.4003680E-01 -1.1630615E+00 -8.8457863E-01 -1.3015237E+00 -7.5106148E-01
-1.1872256E+00 1.5066637E-01 -1.3363211E+00 -1.0356355E+00 -1.4881893E+00 -9.0009860E-01
-1.3010125E+00 1.7323332E-01 -1.4642511E+00 -1.1214447E+00 -1.6527972E+00 -9.7240810E-01
-1.3173594E+00 1.9964876E-01 -1.5000733E+00 -1.1095718E+00 -1.7297505E+00 -9.4529290E-01
-1.2424343E+00 2.2802759E-01 -1.4424232E+00 -9.9978520E-01 -1.7022755E+00 -8.1064132E-01
-1.1205716E+00 2.5638792E-01 -1.3379264E+00 -8.4246677E-01 -1.6387994E+00 -6.3529081E-01
-1.0060270E+00 2.8539986E-01 -1.2382888E+00 -6.9782520E-01 -1.5774579E+00 -4.7003831E-01
-9.3448416E-01 3.0768440E-01 -1.1725510E+00 -6.0412164E-01 -1.5434941E+00 -3.5931408E-01
-9.1549995E-01 3.2837187E-01 -1.1548349E+00 -5.6358396E-01 -1.5743404E+00 -3.0021532E-01
-9.4155991E-01 3.8098460E-01 -1.2189777E+00 -5.2942144E-01 -1.7289918E+00 -2.3654003E-01
-9.9292704E-01 4.9268491E-01 -1.3644947E+00 -4.3360310E-01 -2.0015581E+00 -9.1239565E-02
-1.0473153E+00 6.3840247E-01 -1.5510944E+00 -2.8740818E-01 -2.3178580E+00 1.1168862E-01
-1.0849928E+00 7.6699610E-01 -1.7220209E+00 -1.6575479E-01 -2.5606767E+00 3.2233508E-01
-1.0968736E+00 8.2663774E-01 -1.8015306E+00 -1.0996419E-01 -2.5827695E+00 5.0000000E-01
