-1.1183105E+00 2.3353953E-01 -1.3500682E+00 -8.8573718E-01 -1.5699481E+00 -6.5229770E-01
-1.0869613E+00 1.7817045E-01 -1.2641560E+00 -9.0930578E-01 -1.4341574E+00 -7.3337284E-01
-1.0194567E+00 1.1505342E-01 -1.1340032E+00 -9.0469427E-01 -1.2436350E+00 -7.9319539E-01
-9.5356432E-01 1.2098571E-01 -1.0727711E+00 -8.3326661E-01 -1.1917299E+00 -7.1578864E-01
-9.3928409E-01 1.3928423E-01 -1.0777943E+00 -8.0125928E-01 -1.2140683E+00 -6.6897499E-01
-9.9179195E-01 1.3978663E-01 -1.1303410E+00 -8.5389723E-01 -1.2680084E+00 -7.1888472E-01
-1.0827249E+00 1.3982746E-01 -1.2217434E+00 -9.4394042E-01 -1.3617979E+00 -8.1378820E-01
-1.1575170E+00 1.5159448E-01 -1.3076413E+00 -1.0081025E+00 -1.4617797E+00 -8.6331925E-01
-1.1742636E+00 1.6964507E-01 -1.3404969E+00 -1.0065437E+00 -1.5196261E+00 -8.4918348E-01
-1.1304514E+00 1.9017193E-01 -1.3022967E+00 -9.2946081E-01 -1.5282289E+00 -7.7560066E-01
-1.0541009E+00 2.1300750E-01 -1.2480899E+00 -8.3209102E-01 -1.4757429E+00 -6.3997107E-01
-9.8278126E-01 2.3765740E-01 -1.1876639E+00 -7.2521014E-01 -1.4543975E+00 -5.2767790E-01
-9.5392576E-01 2.6367879E-01 -1.1801894E+00 -6.6571365E-01 -1.4835243E+00 -4.5681203E-01
-9.8219832E-01 2.8639335E-01 -1.2248240E+00 -6.7288026E-01 -1.5576514E+00 -4.3593505E-01
-1.0629785E+00 3.1442135E-01 -1.3120953E+00 -7.2241971E-01 -1.6994322E+00 -4.7208079E-01
-1.1775323E+00 3.7582681E-01 -1.4622689E+00 -7.5800991E-01 -1.9464603E+00 -4.8311310E-01
-1.3017325E+00 4.9275960E-01 -1.7165893E+00 -7.4832663E-01 -2.2985798E+00 -3.8466965E-01
-1.4113596E+00 6.4585232E-01 -2.0127637E+00 -6.9120764E-01 -2.7167842E+00 -2.2335523E-01
-1.4854203E+00 7.8401235E-01 -2.2570814E+00 -6.2274431E-01 -3.0463651E+00 -1.6360272E-02
-1.5128126E+00 8.5003327E-01 -2.4092985E+00 -6.2162321E-01 -3.1885706E+00 9.3255701E-02
