-1.0398442E+00 2.3804740E-01 -1.2760537E+00 -8.0456830E-01 -1.5095943E+00 -5.7100587E-01
-1.0181792E+00 1.7926871E-01 -1.1960869E+00 -8.3879132E-01 -1.3693012E+00 -6.6565847E-01
-9.8779987E-01 1.1264056E-01 -1.0992294E+00 -8.7615250E-01 -1.2090588E+00 -7.6781098E-01
-9.8259596E-01 1.2059322E-01 -1.1011503E+00 -8.6265744E-01 -1.2249992E+00 -7.5063462E-01
-1.0150387E+00 1.3880215E-01 -1.1518929E+00 -8.7687396E-01 -1.2925618E+00 -7.4549402E-01
-1.0651620E+00 1.3844359E-01 -1.2036318E+00 -9.2690101E-01 -1.3400855E+00 -7.9777468E-01
-1.0887365E+00 1.3910891E-01 -1.2187940E+00 -9.4512858E-01 -1.3698236E+00 -8.2065347E-01
-1.0466082E+00 1.4528082E-01 -1.1919295E+00 -9.0171626E-01 -1.3361710E+00 -7.6834279E-01
-9.4156061E-01 1.5593020E-01 -1.0933189E+00 -7.8810546E-01 -1.2585208E+00 -6.4059011E-01
-8.2117764E-01 1.7406791E-01 -9.7958175E-01 -6.3556575E-01 -1.1784316E+00 -4.9929053E-01
-7.5895712E-01 1.9328597E-01 -9.3135170E-01 -5.5281890E-01 -1.1587408E+00 -4.0485421E-01
-8.0779083E-01 2.1851092E-01 -9.9408296E-01 -5.7208345E-01 -1.2441512E+00 -3.9257843E-01
-9.6790896E-01 2.5330168E-01 -1.1794575E+00 -6.9201117E-01 -1.4761341E+00 -4.8846782E-01
-1.1963736E+00 2.9352219E-01 -1.4414182E+00 -8.7440270E-01 -1.7816991E+00 -6.4847112E-01
-1.4368647E+00 3.4237080E-01 -1.6981364E+00 -1.0457042E+00 -2.1373154E+00 -8.1143742E-01
-1.6445040E+00 4.1796984E-01 -1.9690039E+00 -1.1566205E+00 -2.5052631E+00 -8.9353673E-01
-1.7976526E+00 5.3184390E-01 -2.3043718E+00 -1.2113462E+00 -2.8691439E+00 -8.2403513E-01
-1.8930337E+00 6.7116907E-01 -2.6451413E+00 -1.2243688E+00 -3.1495458E+00 -6.4012963E-01
-1.9395443E+00 7.9188269E-01 -2.8813166E+00 -1.1817847E+00 -3.3836776E+00 -5.1490864E-01
-1.9517782E+00 8.4796723E-01 -2.9768473E+00 -1.1561581E+00 -3.5000000E+00 -4.9699785E-01
