-9.9181056E-01 2.3661515E-01 -1.2275042E+00 -7.5787010E-01 -1.4564251E+00 -5.2445336E-01
-1.0053588E+00 1.7848667E-01 -1.1824853E+00 -8.2931235E-01 -1.3531900E+00 -6.5281071E-01
-1.0448773E+00 1.1383287E-01 -1.1582590E+00 -9.3087257E-01 -1.2694500E+00 -8.2455192E-01
-1.1075679E+00 1.2193595E-01 -1.2300569E+00 -9.8522616E-01 -1.3481828E+00 -8.7265270E-01
-1.1764935E+00 1.4000112E-01 -1.3151428E+00 -1.0370340E+00 -1.4544664E+00 -9.0522933E-01
-1.2192604E+00 1.4242193E-01 -1.3593884E+00 -1.0778407E+00 -1.5064209E+00 -9.4825848E-01
-1.2030706E+00 1.4710091E-01 -1.3477121E+00 -1.0570330E+00 -1.5018481E+00 -9.2016281E-01
-1.1293196E+00 1.5635316E-01 -1.2851571E+00 -9.7462992E-01 -1.4362014E+00 -8.2299131E-01
-1.0356848E+00 1.7044181E-01 -1.2064916E+00 -8.6604852E-01 -1.3739616E+00 -7.0704651E-01
-9.6782766E-01 1.8721447E-01 -1.1421421E+00 -7.6977327E-01 -1.3487605E+00 -6.1559183E-01
-9.5119937E-01 2.0631243E-01 -1.1384611E+00 -7.3506817E-01 -1.3772661E+00 -5.6179188E-01
-9.8095911E-01 2.2880741E-01 -1.1902042E+00 -7.3735159E-01 -1.4544603E+00 -5.5538301E-01
-1.0290148E+00 2.5595075E-01 -1.2626375E+00 -7.5391766E-01 -1.5556736E+00 -5.6026590E-01
-1.0689891E+00 2.8526791E-01 -1.3033878E+00 -7.5930318E-01 -1.6506203E+00 -5.2922090E-01
-1.0879750E+00 3.2789235E-01 -1.3285483E+00 -7.3221272E-01 -1.7589443E+00 -4.7260982E-01
-1.0918994E+00 4.0498086E-01 -1.3778621E+00 -6.4316602E-01 -1.9205945E+00 -3.5959336E-01
-1.0891290E+00 5.2476788E-01 -1.4634726E+00 -4.7921204E-01 -2.1613610E+00 -1.4607993E-01
-1.0869778E+00 6.6684561E-01 -1.5989099E+00 -2.8488451E-01 -2.4208629E+00 1.1308032E-01
-1.0861106E+00 7.8978114E-01 -1.7258633E+00 -1.1702612E-01 -2.5997498E+00 3.4812090E-01
-1.0863405E+00 8.4850141E-01 -1.7960774E+00 -4.8580443E-02 -2.6165822E+00 5.0000000E-01
