-1.0003515E+00 2.3569451E-01 -1.2347288E+00 -7.6689785E-01 -1.4632626E+00 -5.3658330E-01
-9.6595115E-01 1.7721998E-01 -1.1430457E+00 -7.9032154E-01 -1.3148307E+00 -6.1891489E-01
-9.0284425E-01 1.1079965E-01 -1.0118819E+00 -7.9345915E-01 -1.1219709E+00 -6.8599638E-01
-8.6960785E-01 1.1951373E-01 -9.8352493E-01 -7.4621464E-01 -1.1098914E+00 -6.4329825E-01
-9.0922377E-01 1.3779142E-01 -1.0394520E+00 -7.6815861E-01 -1.1864161E+00 -6.4213206E-01
-1.0065421E+00 1.3679485E-01 -1.1415974E+00 -8.6987052E-01 -1.2789317E+00 -7.4242984E-01
-1.0946985E+00 1.3633977E-01 -1.2283078E+00 -9.5965161E-01 -1.3696784E+00 -8.3011941E-01
-1.1080199E+00 1.4619192E-01 -1.2528458E+00 -9.6435815E-01 -1.3988904E+00 -8.2522128E-01
-1.0274136E+00 1.5866487E-01 -1.1845943E+00 -8.7000393E-01 -1.3430211E+00 -7.1874054E-01
-8.9489697E-01 1.7142220E-01 -1.0652790E+00 -7.2229285E-01 -1.2345624E+00 -5.6651171E-01
-7.8502452E-01 1.8992702E-01 -9.6407842E-01 -5.8996889E-01 -1.1698055E+00 -4.2867096E-01
-7.6422475E-01 2.1673090E-01 -9.5261954E-01 -5.3347233E-01 -1.1927271E+00 -3.5057809E-01
-8.5756967E-01 2.4785540E-01 -1.0652685E+00 -5.9098858E-01 -1.3516909E+00 -3.8720436E-01
-1.0505651E+00 2.7967017E-01 -1.2779371E+00 -7.4725189E-01 -1.6058823E+00 -5.1593146E-01
-1.3017482E+00 3.1723384E-01 -1.5463061E+00 -9.5103029E-01 -1.9445338E+00 -7.0630544E-01
-1.5594073E+00 3.8291460E-01 -1.8646283E+00 -1.1270518E+00 -2.3373583E+00 -8.4810682E-01
-1.7797403E+00 4.8628980E-01 -2.2342514E+00 -1.2482988E+00 -2.7682399E+00 -8.8808335E-01
-1.9382651E+00 6.1576712E-01 -2.5896778E+00 -1.2931646E+00 -3.0965005E+00 -7.7629587E-01
-2.0298205E+00 7.3285339E-01 -2.9000202E+00 -1.3465481E+00 -3.3620873E+00 -6.9510122E-01
-2.0614231E+00 7.8989859E-01 -3.0180296E+00 -1.3455451E+00 -3.5000000E+00 -6.8892133E-01
