-9.8388335E-01 2.3577165E-01 -1.2180760E+00 -7.5091497E-01 -1.4527458E+00 -5.2965619E-01
-9.8786921E-01 1.7833435E-01 -1.1636448E+00 -8.1142980E-01 -1.3447132E+00 -6.4307973E-01
-1.0113080E+00 1.1226370E-01 -1.1231414E+00 -8.9854914E-01 -1.2344713E+00 -7.9740176E-01
-1.0467126E+00 1.2155776E-01 -1.1675443E+00 -9.2632375E-01 -1.2902670E+00 -8.1343803E-01
-1.0659931E+00 1.3933636E-01 -1.2061210E+00 -9.2489257E-01 -1.3369259E+00 -7.9560775E-01
-1.0400735E+00 1.3577425E-01 -1.1753667E+00 -9.0546329E-01 -1.3098731E+00 -7.7674909E-01
-9.6502559E-01 1.3346203E-01 -1.0971612E+00 -8.3343649E-01 -1.2308968E+00 -7.0566677E-01
-8.6856949E-01 1.4155043E-01 -1.0101421E+00 -7.2826839E-01 -1.1492710E+00 -5.9678405E-01
-7.9616689E-01 1.5429030E-01 -9.4817601E-01 -6.4193785E-01 -1.1039326E+00 -4.9985112E-01
-7.8937495E-01 1.6881515E-01 -9.5533135E-01 -6.2255988E-01 -1.1265486E+00 -4.6477784E-01
-8.6455893E-01 1.9067218E-01 -1.0339415E+00 -6.6059743E-01 -1.2627603E+00 -5.1333967E-01
-1.0059101E+00 2.2294164E-01 -1.2025483E+00 -7.6818684E-01 -1.4503335E+00 -5.8090048E-01
-1.1837169E+00 2.6596030E-01 -1.4136144E+00 -8.9845383E-01 -1.7147841E+00 -6.7659076E-01
-1.3736808E+00 3.1188696E-01 -1.6262514E+00 -1.0320700E+00 -2.0040465E+00 -7.8493472E-01
-1.5587378E+00 3.6114281E-01 -1.8369334E+00 -1.1562531E+00 -2.3033725E+00 -8.9211696E-01
-1.7211389E+00 4.3152391E-01 -2.0686846E+00 -1.2273160E+00 -2.5943839E+00 -9.2645756E-01
-1.8441130E+00 5.4078721E-01 -2.3609889E+00 -1.2524958E+00 -2.9206026E+00 -8.4243431E-01
-1.9255189E+00 6.7446154E-01 -2.6949352E+00 -1.2709952E+00 -3.1783573E+00 -6.5599231E-01
-1.9698125E+00 7.9356237E-01 -2.9791527E+00 -1.2851071E+00 -3.3952532E+00 -5.3923137E-01
-1.9826622E+00 8.4822350E-01 -3.0578575E+00 -1.2456595E+00 -3.5000000E+00 -5.1345690E-01
