-1.3500577E+00 2.3737381E-01 -1.5814546E+00 -1.1138803E+00 -1.8236905E+00 -8.8708066E-01
-1.2620547E+00 1.7947829E-01 -1.4373596E+00 -1.0834808E+00 -1.6217389E+00 -9.1286320E-01
-1.0711694E+00 1.1444477E-01 -1.1843614E+00 -9.5628078E-01 -1.3008440E+00 -8.5383345E-01
-8.7172847E-01 1.2196748E-01 -9.9128970E-01 -7.4933096E-01 -1.1131706E+00 -6.3369146E-01
-7.6132358E-01 1.4061800E-01 -9.0034607E-01 -6.2240550E-01 -1.0360903E+00 -4.8111046E-01
-7.8586228E-01 1.3925625E-01 -9.2457051E-01 -6.4916635E-01 -1.0595078E+00 -5.1032124E-01
-9.2138906E-01 1.3905626E-01 -1.0580608E+00 -7.8473034E-01 -1.1999687E+00 -6.5176621E-01
-1.0959755E+00 1.4957082E-01 -1.2428743E+00 -9.4925660E-01 -1.4008599E+00 -8.1112316E-01
-1.2372526E+00 1.6511542E-01 -1.3995585E+00 -1.0734743E+00 -1.5668956E+00 -9.2276196E-01
-1.3006684E+00 1.8879862E-01 -1.4831421E+00 -1.1153999E+00 -1.6808421E+00 -9.4290602E-01
-1.2729415E+00 2.2398078E-01 -1.4705253E+00 -1.0392406E+00 -1.7158768E+00 -8.3739818E-01
-1.1783642E+00 2.6663773E-01 -1.4016843E+00 -8.9284555E-01 -1.7114928E+00 -6.6492063E-01
-1.0648233E+00 3.0462548E-01 -1.3082675E+00 -7.3757353E-01 -1.6740261E+00 -4.8354646E-01
-9.8038974E-01 3.2992979E-01 -1.2259732E+00 -6.2676863E-01 -1.6400675E+00 -3.6346782E-01
-9.5572586E-01 3.5282119E-01 -1.1875434E+00 -5.6846524E-01 -1.6768058E+00 -3.2537456E-01
-9.9156871E-01 4.0632046E-01 -1.2618760E+00 -5.4527422E-01 -1.8440645E+00 -2.6677852E-01
-1.0657800E+00 5.1382669E-01 -1.4553005E+00 -4.8306778E-01 -2.1188990E+00 -1.2598674E-01
-1.1454605E+00 6.5714062E-01 -1.6934097E+00 -3.7622242E-01 -2.4442186E+00 6.6580064E-02
-1.2035103E+00 7.8768047E-01 -1.9038655E+00 -2.8049895E-01 -2.7035824E+00 2.7712336E-01
-1.2260773E+00 8.4935323E-01 -1.9987450E+00 -2.3654611E-01 -2.7906327E+00 4.2961474E-01
