-6.4464436E-01 2.3693943E-01 -8.8075724E-01 -4.0771501E-01 -1.1086150E+00 -1.8181144E-01
-7.1867413E-01 1.7908010E-01 -8.9945602E-01 -5.4049276E-01 -1.0681567E+00 -3.7043886E-01
-8.8830395E-01 1.1335693E-01 -9.9836238E-01 -7.7694523E-01 -1.1170917E+00 -6.6799763E-01
-1.0828787E+00 1.2190344E-01 -1.2034667E+00 -9.6261892E-01 -1.3244210E+00 -8.4427886E-01
-1.2198366E+00 1.4150536E-01 -1.3600981E+00 -1.0795765E+00 -1.5008510E+00 -9.4607524E-01
-1.2572447E+00 1.4428725E-01 -1.3981741E+00 -1.1151669E+00 -1.5488891E+00 -9.7867594E-01
-1.2086839E+00 1.4857761E-01 -1.3485650E+00 -1.0553665E+00 -1.5083922E+00 -9.2546051E-01
-1.1182366E+00 1.5852126E-01 -1.2720847E+00 -9.6330811E-01 -1.4401586E+00 -8.1603650E-01
-1.0337777E+00 1.6891959E-01 -1.1891764E+00 -8.6012690E-01 -1.3837992E+00 -7.1506046E-01
-9.8818416E-01 1.8410075E-01 -1.1520662E+00 -7.9336056E-01 -1.3754587E+00 -6.4602576E-01
-9.8900319E-01 2.0968147E-01 -1.1701895E+00 -7.6212263E-01 -1.4098462E+00 -5.8939928E-01
-1.0203862E+00 2.3667876E-01 -1.2253965E+00 -7.6254371E-01 -1.5182792E+00 -5.8893194E-01
-1.0566163E+00 2.6019076E-01 -1.2897280E+00 -7.7977030E-01 -1.5739362E+00 -5.5870535E-01
-1.0787120E+00 2.8633650E-01 -1.3263765E+00 -7.7115673E-01 -1.6509101E+00 -5.3169429E-01
-1.0834629E+00 3.2371104E-01 -1.3331928E+00 -7.2682586E-01 -1.7399175E+00 -4.7703022E-01
-1.0843201E+00 3.9182402E-01 -1.3609780E+00 -6.4282840E-01 -1.9069030E+00 -3.7640171E-01
-1.0944045E+00 5.0910168E-01 -1.4755780E+00 -5.0980972E-01 -2.1406828E+00 -1.6563545E-01
-1.1118150E+00 6.5593416E-01 -1.6289132E+00 -3.2934517E-01 -2.4297069E+00 7.5924968E-02
-1.1252570E+00 7.8506935E-01 -1.7880532E+00 -1.9194651E-01 -2.6402092E+00 3.2348430E-01
-1.1300229E+00 8.4418625E-01 -1.8561229E+00 -1.2677627E-01 -2.6599693E+00 5.0000000E-01
