-1.1380075E+00 2.3807082E-01 -1.3710324E+00 -9.0307131E-01 -1.6156661E+00 -6.7320611E-01
-1.1273256E+00 1.8058869E-01 -1.3045352E+00 -9.4960299E-01 -1.4909032E+00 -7.7358401E-01
-1.0942388E+00 1.1528650E-01 -1.2093872E+00 -9.7915911E-01 -1.3212506E+00 -8.7242823E-01
-1.0426427E+00 1.2229441E-01 -1.1639320E+00 -9.2071422E-01 -1.2828756E+00 -8.0503527E-01
-9.9170737E-01 1.4147877E-01 -1.1323585E+00 -8.5001932E-01 -1.2729962E+00 -7.1911728E-01
-9.6389555E-01 1.4194931E-01 -1.1049353E+00 -8.2267609E-01 -1.2507956E+00 -6.9411060E-01
-9.7106249E-01 1.3954987E-01 -1.1087604E+00 -8.3236460E-01 -1.2524164E+00 -7.0340128E-01
-1.0013965E+00 1.4921264E-01 -1.1501047E+00 -8.5403432E-01 -1.2985191E+00 -7.1289353E-01
-1.0317210E+00 1.6551115E-01 -1.1952581E+00 -8.6752918E-01 -1.3621637E+00 -7.1389139E-01
-1.0496410E+00 1.8429073E-01 -1.2201155E+00 -8.5826772E-01 -1.4286851E+00 -7.0125043E-01
-1.0506657E+00 2.0977471E-01 -1.2349816E+00 -8.2513440E-01 -1.4929939E+00 -6.6825033E-01
-1.0395149E+00 2.4647061E-01 -1.2432331E+00 -7.7151636E-01 -1.5269665E+00 -5.7921517E-01
-1.0288747E+00 2.8537949E-01 -1.2591677E+00 -7.2647562E-01 -1.5879201E+00 -4.9336827E-01
-1.0366983E+00 3.1458421E-01 -1.2819625E+00 -7.0692303E-01 -1.6589667E+00 -4.4662010E-01
-1.0763030E+00 3.4315242E-01 -1.3190970E+00 -7.0381721E-01 -1.7812251E+00 -4.4467418E-01
-1.1454450E+00 4.0187702E-01 -1.4270073E+00 -6.9367040E-01 -1.9722771E+00 -4.1431813E-01
-1.2286250E+00 5.1814441E-01 -1.6381884E+00 -6.3576456E-01 -2.2833387E+00 -2.7767327E-01
-1.3074380E+00 6.7002561E-01 -1.8921819E+00 -5.2904968E-01 -2.6346230E+00 -7.5408267E-02
-1.3638467E+00 8.0328056E-01 -2.1103700E+00 -4.3406179E-01 -2.9820692E+00 1.0084189E-01
-1.3863759E+00 8.6484822E-01 -2.2178376E+00 -3.9927678E-01 -3.1121208E+00 2.0067508E-01
