-1.2660433E+00 2.3823421E-01 -1.5057960E+00 -1.0293092E+00 -1.7250240E+00 -7.9814879E-01
-1.2432212E+00 1.7990333E-01 -1.4234067E+00 -1.0650855E+00 -1.5923377E+00 -8.8725753E-01
-1.1773680E+00 1.1440750E-01 -1.2905091E+00 -1.0633293E+00 -1.4054542E+00 -9.5581902E-01
-1.0828892E+00 1.2329431E-01 -1.2055691E+00 -9.6059723E-01 -1.3286456E+00 -8.4280429E-01
-9.8839408E-01 1.4285212E-01 -1.1306075E+00 -8.4630616E-01 -1.2706011E+00 -7.1122866E-01
-9.2164502E-01 1.4202253E-01 -1.0630164E+00 -7.7850037E-01 -1.2051566E+00 -6.4953977E-01
-9.0158316E-01 1.4030178E-01 -1.0329126E+00 -7.5618212E-01 -1.1863713E+00 -6.3461725E-01
-9.3567766E-01 1.5134518E-01 -1.0841772E+00 -7.8569592E-01 -1.2415899E+00 -6.4443458E-01
-1.0080741E+00 1.6652715E-01 -1.1709466E+00 -8.4443890E-01 -1.3408626E+00 -6.8489013E-01
-1.0920091E+00 1.8325005E-01 -1.2619275E+00 -8.9818077E-01 -1.4641696E+00 -7.4727397E-01
-1.1568971E+00 2.0913467E-01 -1.3428782E+00 -9.3111398E-01 -1.5952348E+00 -7.7640419E-01
-1.1842592E+00 2.4404825E-01 -1.3939591E+00 -9.2095172E-01 -1.6784104E+00 -7.1558408E-01
-1.1716888E+00 2.7950870E-01 -1.4168229E+00 -8.7570855E-01 -1.7272430E+00 -6.2972475E-01
-1.1351049E+00 3.0938955E-01 -1.3946628E+00 -8.0486039E-01 -1.7536643E+00 -5.4578825E-01
-1.0969421E+00 3.4291131E-01 -1.3504091E+00 -7.2121115E-01 -1.7815979E+00 -4.6002363E-01
-1.0723852E+00 4.0830932E-01 -1.3534461E+00 -6.1250592E-01 -1.9080202E+00 -3.3850405E-01
-1.0658171E+00 5.2517878E-01 -1.4453933E+00 -4.6104872E-01 -2.1490093E+00 -1.2595914E-01
-1.0684316E+00 6.7408057E-01 -1.5745541E+00 -2.5524108E-01 -2.4259994E+00 1.3446026E-01
-1.0747960E+00 8.0405070E-01 -1.7073016E+00 -8.2457860E-02 -2.6195303E+00 3.5997551E-01
-1.0781874E+00 8.6435872E-01 -1.7785358E+00 -1.1393397E-02 -2.6557449E+00 5.0000000E-01
