-1.0402496E+00 2.3505079E-01 -1.2730425E+00 -8.0500002E-01 -1.5066856E+00 -5.8405931E-01
-1.0323937E+00 1.8043188E-01 -1.2111871E+00 -8.5173334E-01 -1.3914912E+00 -6.8583949E-01
-1.0138758E+00 1.1648751E-01 -1.1300386E+00 -8.9690912E-01 -1.2460125E+00 -7.8852976E-01
-9.8544125E-01 1.1980257E-01 -1.1040280E+00 -8.6384999E-01 -1.2210510E+00 -7.5317717E-01
-9.5708438E-01 1.3910881E-01 -1.0963235E+00 -8.1854575E-01 -1.2327378E+00 -6.8843907E-01
-9.4340813E-01 1.4006971E-01 -1.0817560E+00 -8.0454907E-01 -1.2225723E+00 -6.7262642E-01
-9.5599469E-01 1.3911821E-01 -1.0940752E+00 -8.1784525E-01 -1.2314874E+00 -6.8519884E-01
-9.9277652E-01 1.4914808E-01 -1.1398845E+00 -8.4524167E-01 -1.2901852E+00 -7.0492968E-01
-1.0425342E+00 1.6450083E-01 -1.2059929E+00 -8.7906002E-01 -1.3688149E+00 -7.2368106E-01
-1.0921046E+00 1.8301277E-01 -1.2664211E+00 -9.0331791E-01 -1.4623174E+00 -7.4603303E-01
-1.1355266E+00 2.1091987E-01 -1.3294226E+00 -9.1570736E-01 -1.5725901E+00 -7.4424202E-01
-1.1719707E+00 2.4765772E-01 -1.3902502E+00 -9.0711492E-01 -1.6947099E+00 -7.1931500E-01
-1.2053765E+00 2.8512319E-01 -1.4521055E+00 -9.0252595E-01 -1.7826619E+00 -6.5782539E-01
-1.2352316E+00 3.1709509E-01 -1.4890981E+00 -8.9348432E-01 -1.8864108E+00 -6.3449850E-01
-1.2593212E+00 3.5921382E-01 -1.5162828E+00 -8.5830669E-01 -2.0007406E+00 -6.0053014E-01
-1.2729877E+00 4.4297502E-01 -1.5765916E+00 -7.5731292E-01 -2.2013875E+00 -4.9138099E-01
-1.2734959E+00 5.7430990E-01 -1.6961148E+00 -5.8416788E-01 -2.4660028E+00 -2.6742378E-01
-1.2658152E+00 7.2777208E-01 -1.8339054E+00 -3.6290140E-01 -2.7294507E+00 3.4450736E-03
-1.2590658E+00 8.5861251E-01 -1.9697254E+00 -1.8575006E-01 -2.9268350E+00 2.8021372E-01
-1.2564960E+00 9.1831568E-01 -2.0379217E+00 -1.1152668E-01 -2.9185178E+00 4.9869501E-01
