-1.1543471E+00 2.3364365E-01 -1.3869657E+00 -9.2402847E-01 -1.6084957E+00 -6.9223191E-01
-1.1391110E+00 1.7727332E-01 -1.3152748E+00 -9.6486500E-01 -1.4866441E+00 -7.8941518E-01
-1.1014543E+00 1.1483230E-01 -1.2158599E+00 -9.8865108E-01 -1.3306387E+00 -8.7861553E-01
-1.0534373E+00 1.2184782E-01 -1.1687337E+00 -9.2776072E-01 -1.2968596E+00 -8.2115465E-01
-1.0075516E+00 1.3775989E-01 -1.1451360E+00 -8.7188228E-01 -1.2795720E+00 -7.3804480E-01
-9.7246549E-01 1.3884303E-01 -1.1099906E+00 -8.3402490E-01 -1.2501552E+00 -7.0479178E-01
-9.5634905E-01 1.4268129E-01 -1.0973464E+00 -8.1404297E-01 -1.2432503E+00 -6.8113252E-01
-9.6688830E-01 1.5659712E-01 -1.1228064E+00 -8.1051876E-01 -1.2802641E+00 -6.6618743E-01
-1.0068035E+00 1.7161328E-01 -1.1749029E+00 -8.3555049E-01 -1.3510950E+00 -6.7905564E-01
-1.0709173E+00 1.8762996E-01 -1.2478132E+00 -8.7555030E-01 -1.4511674E+00 -7.2182177E-01
-1.1425139E+00 2.0875615E-01 -1.3307077E+00 -9.2295614E-01 -1.5754031E+00 -7.5266810E-01
-1.1998957E+00 2.4014501E-01 -1.4134659E+00 -9.5154361E-01 -1.7013666E+00 -7.5580883E-01
-1.2192266E+00 2.7740122E-01 -1.4515489E+00 -9.2674671E-01 -1.7694555E+00 -6.8764113E-01
-1.1921731E+00 3.1474526E-01 -1.4326302E+00 -8.5186975E-01 -1.8226931E+00 -6.0437491E-01
-1.1275176E+00 3.5678172E-01 -1.3723344E+00 -7.3949449E-01 -1.8514952E+00 -4.8073436E-01
-1.0471536E+00 4.3044809E-01 -1.3125272E+00 -5.6738382E-01 -1.9608983E+00 -2.8109509E-01
-9.7730043E-01 5.4453101E-01 -1.2987074E+00 -3.4384564E-01 -2.1617541E+00 -4.1021669E-02
-9.3047438E-01 6.8274411E-01 -1.3285495E+00 -8.6060038E-02 -2.3760343E+00 1.9666069E-01
-9.0410429E-01 8.0537988E-01 -1.3507947E+00 1.6772090E-01 -2.5194121E+00 4.0531862E-01
-8.9447972E-01 8.6548795E-01 -1.3981967E+00 2.7197831E-01 -2.5585426E+00 5.0000000E-01
