-1.0017873E+00 2.3102889E-01 -1.2306518E+00 -7.7317496E-01 -1.4513525E+00 -5.4134969E-01
-9.9641789E-01 1.7687202E-01 -1.1704215E+00 -8.2243001E-01 -1.3460105E+00 -6.5090135E-01
-9.9920077E-01 1.1696403E-01 -1.1154086E+00 -8.8325583E-01 -1.2338782E+00 -7.7443100E-01
-1.0215593E+00 1.2158018E-01 -1.1403737E+00 -9.0172222E-01 -1.2658278E+00 -7.8557866E-01
-1.0507121E+00 1.3605870E-01 -1.1853267E+00 -9.1622611E-01 -1.3231491E+00 -7.8916383E-01
-1.0610925E+00 1.3704320E-01 -1.1977195E+00 -9.2467523E-01 -1.3300773E+00 -7.9311542E-01
-1.0353627E+00 1.4114695E-01 -1.1752015E+00 -8.9495050E-01 -1.3142145E+00 -7.6086013E-01
-9.8966102E-01 1.5299453E-01 -1.1358055E+00 -8.3107704E-01 -1.2946350E+00 -6.9855618E-01
-9.6956029E-01 1.6810300E-01 -1.1287967E+00 -7.9587705E-01 -1.3064808E+00 -6.4950891E-01
-1.0156809E+00 1.9033457E-01 -1.1969444E+00 -8.1878767E-01 -1.4022220E+00 -6.5583121E-01
-1.1243937E+00 2.1454668E-01 -1.3224733E+00 -8.9936408E-01 -1.5695840E+00 -7.2438930E-01
-1.2440123E+00 2.3819496E-01 -1.4619460E+00 -9.9323983E-01 -1.7387529E+00 -8.0325552E-01
-1.3099990E+00 2.6395527E-01 -1.5407311E+00 -1.0276359E+00 -1.8713598E+00 -8.2459200E-01
-1.2865780E+00 3.0094436E-01 -1.5283590E+00 -9.5582605E-01 -1.8992262E+00 -7.1700920E-01
-1.1795152E+00 3.6280105E-01 -1.4290392E+00 -7.7449778E-01 -1.9228736E+00 -5.2154923E-01
-1.0207724E+00 4.4859184E-01 -1.2967424E+00 -5.2833958E-01 -1.9658825E+00 -2.2710262E-01
-8.5601132E-01 5.4928881E-01 -1.1641001E+00 -2.3718589E-01 -2.0196185E+00 7.8254008E-02
-7.2497349E-01 6.5602787E-01 -1.0621784E+00 5.6911453E-02 -2.0827375E+00 3.2748421E-01
-6.4802170E-01 7.4742529E-01 -9.6404426E-01 3.2374890E-01 -2.1404714E+00 4.7585039E-01
-6.2280606E-01 7.9101472E-01 -8.7120566E-01 5.0000000E-01 -2.1785738E+00 5.0000000E-01
