-1.0315521E+00 2.4213737E-01 -1.2740210E+00 -7.9161672E-01 -1.5109884E+00 -5.6200198E-01
-1.0311472E+00 1.8354436E-01 -1.2149353E+00 -8.4868533E-01 -1.3932048E+00 -6.7698234E-01
-1.0256986E+00 1.1501614E-01 -1.1410380E+00 -9.1099480E-01 -1.2532678E+00 -8.0326189E-01
-1.0099058E+00 1.2060318E-01 -1.1301712E+00 -8.9121725E-01 -1.2475144E+00 -7.7235897E-01
-9.8981470E-01 1.3937223E-01 -1.1273255E+00 -8.5078738E-01 -1.2663331E+00 -7.2042539E-01
-9.8217834E-01 1.4018445E-01 -1.1235157E+00 -8.4256703E-01 -1.2593150E+00 -7.1187595E-01
-1.0045759E+00 1.4231776E-01 -1.1458285E+00 -8.5968565E-01 -1.2835498E+00 -7.3178281E-01
-1.0586428E+00 1.5608496E-01 -1.2132258E+00 -9.0310933E-01 -1.3661378E+00 -7.5792646E-01
-1.1303300E+00 1.7693635E-01 -1.2914859E+00 -9.4514352E-01 -1.4919166E+00 -7.9504859E-01
-1.1995820E+00 1.9999373E-01 -1.3801186E+00 -9.8698004E-01 -1.5936417E+00 -8.1514384E-01
-1.2512096E+00 2.2477401E-01 -1.4515577E+00 -1.0103561E+00 -1.6919802E+00 -8.2322019E-01
-1.2677124E+00 2.4376079E-01 -1.4870821E+00 -1.0070316E+00 -1.7457938E+00 -8.0026404E-01
-1.2284273E+00 2.5979648E-01 -1.4618899E+00 -9.5522239E-01 -1.7429415E+00 -7.2686503E-01
-1.1283380E+00 2.8166891E-01 -1.3619051E+00 -8.3098983E-01 -1.6873426E+00 -5.9024579E-01
-9.8104022E-01 3.1971719E-01 -1.2150868E+00 -6.3994497E-01 -1.6168124E+00 -3.8998979E-01
-8.1711394E-01 3.8645993E-01 -1.0712487E+00 -4.0484604E-01 -1.6064974E+00 -1.0647050E-01
-6.7320987E-01 4.8021386E-01 -9.6990542E-01 -1.3546843E-01 -1.6651908E+00 1.7426738E-01
-5.7303468E-01 5.8518826E-01 -8.9282552E-01 1.3248131E-01 -1.7404894E+00 3.8419677E-01
-5.2149717E-01 6.7783405E-01 -8.2280880E-01 3.5836540E-01 -1.8214882E+00 5.0000000E-01
-5.0888080E-01 7.2322291E-01 -7.4940326E-01 5.0000000E-01 -1.8988371E+00 5.0000000E-01
