-1.3137550E+00 1.7416481E-01 -1.4856444E+00 -1.1405885E+00 -1.6508347E+00 -9.6845841E-01
-1.2889471E+00 1.5076614E-01 -1.4389908E+00 -1.1378094E+00 -1.5835660E+00 -9.9384221E-01
-1.2811548E+00 1.4562560E-01 -1.4261687E+00 -1.1353605E+00 -1.5689882E+00 -9.9862182E-01
-1.2035785E+00 1.3017693E-01 -1.3220834E+00 -1.0657571E+00 -1.4754508E+00 -9.6189528E-01
-1.0508560E+00 1.6581273E-01 -1.2040345E+00 -8.8077705E-01 -1.3938656E+00 -7.3832027E-01
-9.4598817E-01 1.9586792E-01 -1.1245559E+00 -7.3697755E-01 -1.3494131E+00 -5.8302186E-01
-9.2918991E-01 2.1002599E-01 -1.1201457E+00 -7.0335628E-01 -1.3410952E+00 -5.2852899E-01
-9.4553400E-01 2.0617022E-01 -1.1308334E+00 -7.2113739E-01 -1.3512578E+00 -5.5429845E-01
-9.6736877E-01 2.0804747E-01 -1.1557191E+00 -7.4453630E-01 -1.3976468E+00 -5.8508035E-01
-9.8250271E-01 2.2208656E-01 -1.1885207E+00 -7.5008351E-01 -1.4369903E+00 -5.6661235E-01
-1.0179212E+00 2.2601414E-01 -1.2390038E+00 -7.9387044E-01 -1.4727082E+00 -5.8209262E-01
-1.0740595E+00 3.3212321E-01 -1.3771511E+00 -7.3315387E-01 -1.7331268E+00 -4.2266467E-01
-1.1085155E+00 4.8073891E-01 -1.5105083E+00 -5.7493388E-01 -2.0826449E+00 -2.0590005E-01
-1.1285962E+00 6.5622337E-01 -1.6748026E+00 -3.7485379E-01 -2.4537513E+00 8.7178860E-02
-1.1368893E+00 7.5281805E-01 -1.7537579E+00 -2.4229448E-01 -2.6354214E+00 2.4650793E-01
-1.1375355E+00 7.5554202E-01 -1.7529548E+00 -2.3447822E-01 -2.6360561E+00 2.4546211E-01
-1.1516941E+00 8.3890392E-01 -1.7634442E+00 -5.3160272E-02 -2.8070907E+00 2.8872653E-01
-1.1643293E+00 9.3133058E-01 -1.7937224E+00 1.3121939E-01 -2.9496733E+00 4.2525594E-01
-1.1654042E+00 9.3178102E-01 -1.7870077E+00 1.3882425E-01 -2.9470647E+00 4.1398125E-01
-1.1693615E+00 9.6109163E-01 -1.8230473E+00 1.7010128E-01 -3.5000000E+00 5.0000000E-01
