-1.0345933E+00 1.6496878E-01 -1.1985491E+00 -8.6981435E-01 -1.3516357E+00 -7.0663109E-01
-1.0325101E+00 1.3948596E-01 -1.1705400E+00 -8.9341095E-01 -1.3031423E+00 -7.5688946E-01
-1.0320326E+00 1.3421990E-01 -1.1650706E+00 -8.9897306E-01 -1.2969014E+00 -7.7026526E-01
-1.0261672E+00 1.1642119E-01 -1.1392662E+00 -9.1370241E-01 -1.2629133E+00 -8.0186804E-01
-1.0112857E+00 1.4827748E-01 -1.1499679E+00 -8.5872021E-01 -1.3128714E+00 -7.3291349E-01
-9.8876213E-01 1.7594001E-01 -1.1451926E+00 -8.0191019E-01 -1.3361130E+00 -6.5078934E-01
-9.7468739E-01 1.9138975E-01 -1.1385421E+00 -7.6569260E-01 -1.3572134E+00 -6.1249083E-01
-9.6450413E-01 1.9262273E-01 -1.1289446E+00 -7.5392107E-01 -1.3523161E+00 -6.0106473E-01
-9.5899687E-01 2.0194552E-01 -1.1363949E+00 -7.3944524E-01 -1.3812318E+00 -5.9287884E-01
-9.5389902E-01 2.1999101E-01 -1.1501654E+00 -7.1703280E-01 -1.4089218E+00 -5.4624546E-01
-1.0022825E+00 2.2813749E-01 -1.2193752E+00 -7.6573571E-01 -1.4620280E+00 -5.6432854E-01
-1.1465648E+00 3.2967067E-01 -1.4493374E+00 -8.0291539E-01 -1.8297407E+00 -5.2392415E-01
-1.3149730E+00 4.7795869E-01 -1.7645199E+00 -8.2371919E-01 -2.2987860E+00 -4.0680023E-01
-1.4916769E+00 6.6258342E-01 -2.1730996E+00 -8.1248857E-01 -2.7835675E+00 -2.1484052E-01
-1.5726697E+00 7.6588051E-01 -2.3813454E+00 -7.6656438E-01 -3.0045162E+00 -1.0274230E-01
-1.5755311E+00 7.6890013E-01 -2.3903300E+00 -7.6536655E-01 -3.0049063E+00 -1.0302560E-01
-1.6251462E+00 8.5915465E-01 -2.6348422E+00 -7.6211572E-01 -3.1612553E+00 -3.0526541E-02
-1.6533252E+00 9.5569676E-01 -2.8197860E+00 -7.0284059E-01 -3.3652826E+00 5.9388943E-02
-1.6498115E+00 9.5724747E-01 -2.8306700E+00 -7.0884914E-01 -3.3629407E+00 5.1188524E-02
-1.6564905E+00 9.8843292E-01 -2.8686064E+00 -6.7684058E-01 -3.5000000E+00 5.0000000E-01
