-1.1201859E+00 1.7775716E-01 -1.2977538E+00 -9.4595251E-01 -1.4726446E+00 -7.7385253E-01
-1.1134664E+00 1.5004593E-01 -1.2639643E+00 -9.6565678E-01 -1.4150379E+00 -8.2642776E-01
-1.1111024E+00 1.4399577E-01 -1.2464637E+00 -9.5984033E-01 -1.4020101E+00 -8.3881624E-01
-1.0941556E+00 1.2678486E-01 -1.2105437E+00 -9.6005321E-01 -1.3538201E+00 -8.5794002E-01
-1.0579053E+00 1.6524476E-01 -1.2202038E+00 -8.9386846E-01 -1.3933847E+00 -7.4497817E-01
-1.0286096E+00 1.9589884E-01 -1.2052335E+00 -8.1952105E-01 -1.4345986E+00 -6.6606212E-01
-1.0195055E+00 2.0940946E-01 -1.2072128E+00 -7.9108782E-01 -1.4508195E+00 -6.3662532E-01
-1.0201183E+00 2.0785537E-01 -1.2054402E+00 -7.9307891E-01 -1.4308917E+00 -6.2403130E-01
-1.0205043E+00 2.1335183E-01 -1.2182153E+00 -7.9346283E-01 -1.4569837E+00 -6.2309863E-01
-1.0244688E+00 2.2992611E-01 -1.2437512E+00 -7.8423395E-01 -1.4901082E+00 -5.9257771E-01
-1.0158571E+00 2.3670432E-01 -1.2530531E+00 -7.8012585E-01 -1.4834317E+00 -5.6171646E-01
-9.8533605E-01 3.1207730E-01 -1.2912350E+00 -6.7341627E-01 -1.6093467E+00 -3.8622508E-01
-9.5750222E-01 4.2876839E-01 -1.3758695E+00 -5.3637957E-01 -1.8296242E+00 -1.4010365E-01
-9.4601746E-01 5.9098535E-01 -1.4687284E+00 -2.7931253E-01 -2.1009076E+00 1.6781673E-01
-9.5350464E-01 6.8872833E-01 -1.5281458E+00 -1.2384350E-01 -2.2907018E+00 2.9774852E-01
-9.5744827E-01 6.9248292E-01 -1.5314194E+00 -1.1919101E-01 -2.3003674E+00 2.9148121E-01
-9.8556126E-01 7.8046046E-01 -1.5410570E+00 3.9228679E-02 -2.4997909E+00 3.4808482E-01
-1.0111423E+00 8.8011346E-01 -1.5831207E+00 2.1289824E-01 -2.6515135E+00 4.7753411E-01
-1.0119728E+00 8.8159236E-01 -1.5764654E+00 2.2752477E-01 -2.6630803E+00 4.5383073E-01
-1.0187703E+00 9.1313248E-01 -1.6360946E+00 2.4482321E-01 -2.6891244E+00 5.0000000E-01
