-1.1856332E+00 1.7658505E-01 -1.3646950E+00 -1.0076187E+00 -1.5271036E+00 -8.4697406E-01
-1.1866234E+00 1.5234896E-01 -1.3400887E+00 -1.0345167E+00 -1.4865628E+00 -8.9476963E-01
-1.1856127E+00 1.4770830E-01 -1.3331490E+00 -1.0393387E+00 -1.4793690E+00 -9.0058318E-01
-1.1885141E+00 1.3220920E-01 -1.3119179E+00 -1.0499112E+00 -1.4602230E+00 -9.4032903E-01
-1.1937140E+00 1.6838739E-01 -1.3518805E+00 -1.0200753E+00 -1.5360206E+00 -8.7491692E-01
-1.1815033E+00 2.0315559E-01 -1.3656150E+00 -9.5796185E-01 -1.6043115E+00 -8.1110948E-01
-1.1586135E+00 2.2127815E-01 -1.3602155E+00 -9.1504993E-01 -1.6148821E+00 -7.5799465E-01
-1.1403076E+00 2.2225424E-01 -1.3446530E+00 -8.9597016E-01 -1.5997085E+00 -7.3483826E-01
-1.0941973E+00 2.2742572E-01 -1.3051569E+00 -8.4691212E-01 -1.5602399E+00 -6.7435754E-01
-1.0664748E+00 2.3978853E-01 -1.2934125E+00 -8.1014155E-01 -1.5486559E+00 -6.2063096E-01
-9.7789547E-01 2.4047018E-01 -1.2181514E+00 -7.3883475E-01 -1.4562934E+00 -5.1614255E-01
-8.2922236E-01 3.0858361E-01 -1.1345579E+00 -5.2005047E-01 -1.4508129E+00 -2.3892910E-01
-7.3892468E-01 4.1470542E-01 -1.1181763E+00 -2.9224725E-01 -1.5491352E+00 5.5452118E-02
-7.0822049E-01 5.6210534E-01 -1.1872954E+00 -4.9855236E-02 -1.7743098E+00 3.2960622E-01
-7.2374427E-01 6.4791876E-01 -1.2469577E+00 6.3313934E-02 -1.9260779E+00 4.5377279E-01
-7.2866822E-01 6.4853978E-01 -1.2387602E+00 7.1343380E-02 -1.9485201E+00 4.2590468E-01
-7.8070163E-01 7.2422552E-01 -1.2399734E+00 1.9198237E-01 -2.1685901E+00 4.2651708E-01
-8.3383318E-01 8.1513374E-01 -1.2971169E+00 3.0568640E-01 -2.3554556E+00 4.8846035E-01
-8.3791790E-01 8.1739895E-01 -1.2835286E+00 3.2209844E-01 -2.3797035E+00 4.6370800E-01
-8.5082782E-01 8.4732388E-01 -1.3317581E+00 3.4689992E-01 -2.4225242E+00 5.0000000E-01
