-1.2049405E+00 1.6667780E-01 -1.3691891E+00 -1.0391771E+00 -1.5369066E+00 -8.8359817E-01
-1.1914117E+00 1.3999912E-01 -1.3293421E+00 -1.0528677E+00 -1.4766370E+00 -9.2570397E-01
-1.1861952E+00 1.3355392E-01 -1.3105201E+00 -1.0470867E+00 -1.4588799E+00 -9.3502530E-01
-1.1467632E+00 1.1867855E-01 -1.2584446E+00 -1.0216095E+00 -1.3861195E+00 -9.2260416E-01
-1.0733117E+00 1.5817295E-01 -1.2195487E+00 -9.0898702E-01 -1.3980531E+00 -7.7332752E-01
-1.0209018E+00 1.8704450E-01 -1.1844166E+00 -8.2133230E-01 -1.3957407E+00 -6.6399571E-01
-1.0088492E+00 2.0287713E-01 -1.1809317E+00 -7.8504404E-01 -1.4136793E+00 -6.2438004E-01
-1.0111716E+00 2.0295569E-01 -1.1830320E+00 -7.8380531E-01 -1.4145628E+00 -6.2942219E-01
-1.0162364E+00 2.1149126E-01 -1.2042655E+00 -7.8492846E-01 -1.4359524E+00 -6.1407976E-01
-1.0189968E+00 2.2902857E-01 -1.2287309E+00 -7.7226142E-01 -1.4943924E+00 -5.9503867E-01
-1.0522724E+00 2.3593898E-01 -1.2885712E+00 -8.1657799E-01 -1.5261770E+00 -6.0583021E-01
-1.1442796E+00 3.2994744E-01 -1.4476049E+00 -8.0023779E-01 -1.8282070E+00 -5.2591598E-01
-1.2566443E+00 4.6604248E-01 -1.6912718E+00 -7.7122935E-01 -2.2190664E+00 -3.8473126E-01
-1.3886748E+00 6.3227013E-01 -2.0079390E+00 -7.2053267E-01 -2.6506450E+00 -1.8695478E-01
-1.4610013E+00 7.2494792E-01 -2.2196301E+00 -7.0748966E-01 -2.8670142E+00 -9.7294609E-02
-1.4643511E+00 7.2707942E-01 -2.2267270E+00 -7.0690338E-01 -2.8672267E+00 -9.4826978E-02
-1.5287104E+00 8.0904119E-01 -2.4012873E+00 -6.5835106E-01 -3.0154036E+00 -7.1373554E-03
-1.5767021E+00 9.0498392E-01 -2.5628059E+00 -5.9617093E-01 -3.2493799E+00 8.7518011E-02
-1.5758273E+00 9.0698562E-01 -2.5653184E+00 -5.9407452E-01 -3.2599987E+00 7.8162410E-02
-1.5877768E+00 9.3724981E-01 -2.6119999E+00 -5.7325377E-01 -3.5000000E+00 5.0000000E-01
