-1.2331338E+00 1.7853570E-01 -1.4103703E+00 -1.0573036E+00 -1.5896067E+00 -8.8621928E-01
-1.2204294E+00 1.4977341E-01 -1.3691196E+00 -1.0734399E+00 -1.5226214E+00 -9.3316041E-01
-1.2240146E+00 1.4210088E-01 -1.3647871E+00 -1.0843576E+00 -1.5095290E+00 -9.5210987E-01
-1.1637486E+00 1.2346161E-01 -1.2763687E+00 -1.0330715E+00 -1.4171615E+00 -9.2947502E-01
-1.0007757E+00 1.5668439E-01 -1.1440709E+00 -8.3499564E-01 -1.3080572E+00 -6.9977326E-01
-8.2921587E-01 1.8314090E-01 -9.8218401E-01 -6.3025027E-01 -1.1965136E+00 -4.7649807E-01
-7.6088340E-01 1.9581775E-01 -9.1919002E-01 -5.4910643E-01 -1.1574176E+00 -3.8813867E-01
-7.5551900E-01 1.9428014E-01 -9.1151058E-01 -5.4291410E-01 -1.1502036E+00 -3.8964417E-01
-7.6431450E-01 1.9948090E-01 -9.2983910E-01 -5.4605972E-01 -1.1692914E+00 -3.8931570E-01
-7.7438423E-01 2.1531850E-01 -9.6431913E-01 -5.4402936E-01 -1.2102347E+00 -3.6452883E-01
-8.7400813E-01 2.2128697E-01 -1.0931843E+00 -6.5459405E-01 -1.3257483E+00 -4.5448393E-01
-1.1230087E+00 3.2637646E-01 -1.4234052E+00 -7.7845230E-01 -1.7944727E+00 -5.1671760E-01
-1.3732020E+00 4.8015838E-01 -1.8298355E+00 -8.6601025E-01 -2.3330484E+00 -4.6681631E-01
-1.5998058E+00 6.6594601E-01 -2.2822340E+00 -9.0634343E-01 -2.8516617E+00 -2.7959803E-01
-1.6878840E+00 7.6791688E-01 -2.5704292E+00 -9.6195253E-01 -3.1154882E+00 -2.0823586E-01
-1.6858321E+00 7.7119921E-01 -2.5738037E+00 -9.5675256E-01 -3.1207996E+00 -2.0712718E-01
-1.7260040E+00 8.5144683E-01 -2.8039437E+00 -9.8051645E-01 -3.2322891E+00 -1.1882163E-01
-1.7467540E+00 9.3931885E-01 -2.9487205E+00 -9.0761980E-01 -3.4082106E+00 -3.0325902E-02
-1.7453099E+00 9.3983917E-01 -2.9437190E+00 -9.0059003E-01 -3.4011776E+00 -3.9153129E-02
-1.7502518E+00 9.6840338E-01 -2.9920586E+00 -8.7960377E-01 -3.5000000E+00 -5.3376681E-02
