-9.5157545E-01 1.7418273E-01 -1.1261714E+00 -7.7802302E-01 -1.2919597E+00 -6.1233265E-01
-9.5954264E-01 1.4828664E-01 -1.1069712E+00 -8.1282226E-01 -1.2527055E+00 -6.7143662E-01
-9.5981177E-01 1.4228999E-01 -1.1009883E+00 -8.1871521E-01 -1.2412989E+00 -6.8143139E-01
-9.9033247E-01 1.1998592E-01 -1.1088495E+00 -8.7245572E-01 -1.2333527E+00 -7.5723077E-01
-1.0533314E+00 1.5949893E-01 -1.2060396E+00 -8.8662755E-01 -1.3730140E+00 -7.5380927E-01
-1.0917073E+00 2.0250499E-01 -1.2641090E+00 -8.6701566E-01 -1.5192257E+00 -7.2465399E-01
-1.0908606E+00 2.2474153E-01 -1.2813625E+00 -8.3826792E-01 -1.5400837E+00 -6.7348768E-01
-1.0778397E+00 2.2662762E-01 -1.2745019E+00 -8.2341798E-01 -1.5266561E+00 -6.5722925E-01
-1.0515377E+00 2.3286645E-01 -1.2607175E+00 -7.9314581E-01 -1.5082102E+00 -6.1445270E-01
-1.0354464E+00 2.4526603E-01 -1.2665537E+00 -7.7313467E-01 -1.5393967E+00 -5.8486590E-01
-1.0043852E+00 2.3789148E-01 -1.2270329E+00 -7.5488913E-01 -1.4901562E+00 -5.5617178E-01
-9.6380205E-01 3.1516267E-01 -1.2494201E+00 -6.3003388E-01 -1.6113744E+00 -3.7510624E-01
-9.5176499E-01 4.5941675E-01 -1.3606300E+00 -4.5979904E-01 -1.8585179E+00 -7.2220672E-02
-9.6273289E-01 6.4362665E-01 -1.5157357E+00 -2.2662647E-01 -2.2116376E+00 2.3956274E-01
-9.7830583E-01 7.4269836E-01 -1.5740259E+00 -7.5401649E-02 -2.4059596E+00 3.7570055E-01
-9.8193151E-01 7.4581218E-01 -1.5632990E+00 -6.1256493E-02 -2.4192418E+00 3.6451565E-01
-1.0051533E+00 8.3026333E-01 -1.5639327E+00 1.0086345E-01 -2.6170495E+00 3.9788040E-01
-1.0249780E+00 9.2232060E-01 -1.5702907E+00 2.8571524E-01 -2.7568269E+00 5.0000000E-01
-1.0262468E+00 9.2391039E-01 -1.5340638E+00 3.2274206E-01 -2.7863140E+00 4.6564901E-01
-1.0285169E+00 9.5382678E-01 -1.5551082E+00 3.7011639E-01 -2.8200201E+00 5.0000000E-01
