-1.4284849E+00 1.6193716E-01 -1.5874481E+00 -1.2687402E+00 -1.7479189E+00 -1.1063684E+00
-1.3802813E+00 1.3738699E-01 -1.5157325E+00 -1.2454186E+00 -1.6514507E+00 -1.1104922E+00
-1.3632761E+00 1.3211756E-01 -1.4940793E+00 -1.2326093E+00 -1.6262516E+00 -1.1076561E+00
-1.2143486E+00 1.1667085E-01 -1.3297199E+00 -1.0992189E+00 -1.4506003E+00 -9.9171574E-01
-9.2624979E-01 1.4798224E-01 -1.0741520E+00 -7.7889079E-01 -1.2208769E+00 -6.3995827E-01
-7.2117150E-01 1.6460966E-01 -8.7485456E-01 -5.4782038E-01 -1.0529146E+00 -4.0990183E-01
-6.8166785E-01 1.7203656E-01 -8.3885788E-01 -4.9983092E-01 -1.0215120E+00 -3.5150910E-01
-7.0679139E-01 1.6913584E-01 -8.5679862E-01 -5.2655843E-01 -1.0422063E+00 -3.8366043E-01
-7.7194212E-01 1.7892474E-01 -9.3181763E-01 -5.8267723E-01 -1.1249997E+00 -4.2733717E-01
-8.1247374E-01 1.9762130E-01 -9.9452592E-01 -6.0836109E-01 -1.2173349E+00 -4.4037989E-01
-9.9087088E-01 2.2055567E-01 -1.2090197E+00 -7.7089049E-01 -1.4316116E+00 -5.6416956E-01
-1.3658818E+00 3.2749711E-01 -1.6773468E+00 -1.0247536E+00 -2.0285699E+00 -7.4684468E-01
-1.6973416E+00 4.5149597E-01 -2.1350076E+00 -1.2236000E+00 -2.5846964E+00 -8.3694037E-01
-1.9753303E+00 5.9508744E-01 -2.6381232E+00 -1.4105444E+00 -3.1059149E+00 -8.3605710E-01
-2.0791614E+00 6.7520957E-01 -2.8850847E+00 -1.4879444E+00 -3.3242167E+00 -7.9126945E-01
-2.0752438E+00 6.7711646E-01 -2.8924727E+00 -1.4911999E+00 -3.3134149E+00 -7.8580072E-01
-2.1114062E+00 7.5060099E-01 -3.1076986E+00 -1.5757714E+00 -3.3952816E+00 -6.9285942E-01
-2.1263795E+00 8.4143469E-01 -3.3361222E+00 -1.6503258E+00 -3.4979329E+00 -5.8532140E-01
-2.1237125E+00 8.4466804E-01 -3.3561354E+00 -1.6708062E+00 -3.4694265E+00 -5.5250653E-01
-2.1278428E+00 8.7526958E-01 -3.4256984E+00 -1.6807729E+00 -3.5000000E+00 -5.1150684E-01
