-1.2327530E+00 1.8595010E-01 -1.4172723E+00 -1.0468856E+00 -1.5963259E+00 -8.6873834E-01
-1.2264568E+00 1.6012999E-01 -1.3850981E+00 -1.0659977E+00 -1.5452217E+00 -9.1539336E-01
-1.2246935E+00 1.5304246E-01 -1.3757405E+00 -1.0711762E+00 -1.5297353E+00 -9.3112123E-01
-1.1979484E+00 1.3410508E-01 -1.3236072E+00 -1.0561058E+00 -1.4687620E+00 -9.4628020E-01
-1.1413713E+00 1.7241520E-01 -1.3027441E+00 -9.6003369E-01 -1.4932903E+00 -8.1644319E-01
-1.0839517E+00 2.0444784E-01 -1.2653138E+00 -8.6124597E-01 -1.5118241E+00 -7.1054762E-01
-1.0525823E+00 2.1854920E-01 -1.2476848E+00 -8.1582482E-01 -1.4918988E+00 -6.3978695E-01
-1.0386923E+00 2.1785773E-01 -1.2310042E+00 -7.9976925E-01 -1.4966738E+00 -6.4381627E-01
-9.9454443E-01 2.2420191E-01 -1.1946834E+00 -7.4724046E-01 -1.4571687E+00 -5.8105600E-01
-9.7046786E-01 2.3921730E-01 -1.1899804E+00 -7.1036928E-01 -1.4567885E+00 -5.2190447E-01
-8.9623296E-01 2.3738923E-01 -1.1314132E+00 -6.5767587E-01 -1.3703918E+00 -4.3995046E-01
-7.7915160E-01 3.0920778E-01 -1.0877253E+00 -4.7129779E-01 -1.3981397E+00 -1.9108035E-01
-7.2173326E-01 4.3175980E-01 -1.1041943E+00 -2.4174871E-01 -1.5785484E+00 9.2317572E-02
-7.2905578E-01 5.9375300E-01 -1.2085310E+00 -3.9569587E-03 -1.8817551E+00 3.4784389E-01
-7.6549987E-01 6.8676926E-01 -1.2753084E+00 1.0931053E-01 -2.0597452E+00 4.5532783E-01
-7.7251848E-01 6.8984811E-01 -1.2752494E+00 1.1235551E-01 -2.0868498E+00 4.3686730E-01
-8.3786102E-01 7.7336716E-01 -1.3043816E+00 2.1777815E-01 -2.3397482E+00 4.2896802E-01
-8.9743936E-01 8.6687737E-01 -1.3697757E+00 3.3126345E-01 -2.5262009E+00 5.0000000E-01
-9.0057459E-01 8.6851921E-01 -1.3459595E+00 3.5486829E-01 -2.5530209E+00 4.7099989E-01
-9.1760223E-01 8.9951282E-01 -1.3906569E+00 3.8206139E-01 -2.6063073E+00 5.0000000E-01
