-1.2475400E+00 1.7449672E-01 -1.4214200E+00 -1.0735197E+00 -1.5912463E+00 -9.1233520E-01
-1.2162435E+00 1.5025319E-01 -1.3641932E+00 -1.0649360E+00 -1.5160328E+00 -9.3126461E-01
-1.1982328E+00 1.4410457E-01 -1.3387878E+00 -1.0542165E+00 -1.4886490E+00 -9.2493456E-01
-1.1203518E+00 1.2442083E-01 -1.2328499E+00 -9.9190843E-01 -1.3766972E+00 -8.8839176E-01
-1.0159004E+00 1.6016498E-01 -1.1625363E+00 -8.4868677E-01 -1.3475027E+00 -7.1455850E-01
-9.9268430E-01 1.8958819E-01 -1.1627440E+00 -7.8650516E-01 -1.3837530E+00 -6.4520435E-01
-1.0154988E+00 2.0279010E-01 -1.1949237E+00 -7.9143777E-01 -1.4192678E+00 -6.3385480E-01
-1.0366710E+00 2.0204022E-01 -1.2109778E+00 -8.1091016E-01 -1.4423769E+00 -6.5769179E-01
-1.0680495E+00 2.0960259E-01 -1.2549914E+00 -8.3829762E-01 -1.5022701E+00 -6.8492249E-01
-1.0834928E+00 2.2883029E-01 -1.2964911E+00 -8.3938661E-01 -1.5499513E+00 -6.5711835E-01
-1.1093918E+00 2.3640185E-01 -1.3459453E+00 -8.7105005E-01 -1.5799168E+00 -6.6238905E-01
-1.1501794E+00 3.2871663E-01 -1.4698359E+00 -8.2840714E-01 -1.8244428E+00 -5.2863552E-01
-1.1837801E+00 4.6706872E-01 -1.5971647E+00 -6.9164712E-01 -2.1751876E+00 -3.1223150E-01
-1.2152538E+00 6.4090916E-01 -1.7753916E+00 -4.9829767E-01 -2.5568078E+00 -4.0254531E-02
-1.2312457E+00 7.3861519E-01 -1.8880660E+00 -3.6668442E-01 -2.7404142E+00 8.9947969E-02
-1.2316506E+00 7.4104125E-01 -1.8865237E+00 -3.5578893E-01 -2.6927798E+00 1.3040478E-01
-1.2531894E+00 8.3113380E-01 -1.9616681E+00 -1.9562654E-01 -2.8392021E+00 2.0261873E-01
-1.2703260E+00 9.3375952E-01 -2.0733497E+00 -5.6696762E-02 -3.0071790E+00 3.6091070E-01
-1.2713812E+00 9.3690854E-01 -2.0781926E+00 -5.1951578E-02 -2.9983226E+00 3.6787959E-01
-1.2757653E+00 9.6999431E-01 -2.1134293E+00 -1.1449047E-02 -3.5000000E+00 5.0000000E-01
