-1.0381185E+00 1.6917354E-01 -1.2081039E+00 -8.7197304E-01 -1.3740251E+00 -7.1180171E-01
-1.0229582E+00 1.4414507E-01 -1.1660633E+00 -8.8244494E-01 -1.3138783E+00 -7.4215090E-01
-1.0148902E+00 1.3889472E-01 -1.1511039E+00 -8.7913098E-01 -1.2943738E+00 -7.4054198E-01
-9.7865978E-01 1.1998048E-01 -1.0921659E+00 -8.5432407E-01 -1.2222212E+00 -7.5059976E-01
-9.3396332E-01 1.5743774E-01 -1.0775734E+00 -7.6826887E-01 -1.2611457E+00 -6.3991775E-01
-9.3902693E-01 1.8761954E-01 -1.1017043E+00 -7.3440305E-01 -1.3332535E+00 -5.9939329E-01
-9.6549115E-01 2.0191599E-01 -1.1429452E+00 -7.4334008E-01 -1.3678442E+00 -5.8855815E-01
-9.8373782E-01 2.0140928E-01 -1.1575402E+00 -7.5857093E-01 -1.4008880E+00 -6.2565371E-01
-1.0202832E+00 2.1009644E-01 -1.2040190E+00 -7.8743926E-01 -1.4574512E+00 -6.4180701E-01
-1.0376740E+00 2.2630993E-01 -1.2403671E+00 -7.9023711E-01 -1.5045109E+00 -6.2434771E-01
-1.0889613E+00 2.3150812E-01 -1.3085752E+00 -8.4758105E-01 -1.5549699E+00 -6.5058660E-01
-1.1744945E+00 3.2323120E-01 -1.4845238E+00 -8.5865845E-01 -1.8352873E+00 -5.5127567E-01
-1.2290460E+00 4.7135122E-01 -1.6570399E+00 -7.3552633E-01 -2.2165678E+00 -3.4453908E-01
-1.2557280E+00 6.5786218E-01 -1.8552927E+00 -5.2521233E-01 -2.5578308E+00 -1.1742780E-02
-1.2586750E+00 7.6000912E-01 -1.9555082E+00 -3.7708653E-01 -2.7385660E+00 1.4644723E-01
-1.2567874E+00 7.6211931E-01 -1.9483355E+00 -3.6086644E-01 -2.7367437E+00 1.4171330E-01
-1.2524711E+00 8.4958598E-01 -1.9699235E+00 -1.5936315E-01 -2.8637168E+00 2.3055381E-01
-1.2479587E+00 9.4493263E-01 -2.0432267E+00 5.7023483E-03 -2.9764573E+00 3.9978061E-01
-1.2462320E+00 9.4554964E-01 -2.0682700E+00 -1.5263294E-02 -2.9624216E+00 3.9957583E-01
-1.2422367E+00 9.7667163E-01 -2.0854561E+00 4.2417156E-02 -3.5000000E+00 5.0000000E-01
