-1.3618917E+00 1.6621084E-01 -1.5192217E+00 -1.1885015E+00 -1.6949348E+00 -1.0441409E+00
-1.3251242E+00 1.3998943E-01 -1.4579730E+00 -1.1787141E+00 -1.6067675E+00 -1.0597648E+00
-1.3132778E+00 1.3362355E-01 -1.4389237E+00 -1.1729022E+00 -1.5844665E+00 -1.0615529E+00
-1.1840915E+00 1.1652941E-01 -1.2924083E+00 -1.0615486E+00 -1.4237376E+00 -9.6571177E-01
-9.2117919E-01 1.4613604E-01 -1.0552937E+00 -7.7060409E-01 -1.2223776E+00 -6.4229435E-01
-7.1691823E-01 1.5616629E-01 -8.6281363E-01 -5.5603279E-01 -1.0332558E+00 -4.2455860E-01
-6.6958698E-01 1.6215678E-01 -8.1192834E-01 -4.9484026E-01 -9.8968233E-01 -3.6281781E-01
-6.8739707E-01 1.5929776E-01 -8.2541838E-01 -5.1333585E-01 -1.0016857E+00 -3.8962652E-01
-7.4445180E-01 1.6831618E-01 -8.9561681E-01 -5.6617881E-01 -1.0940459E+00 -4.3635597E-01
-7.7950355E-01 1.8726197E-01 -9.5025917E-01 -5.8255581E-01 -1.1638120E+00 -4.3040923E-01
-9.7163918E-01 2.0920863E-01 -1.1767878E+00 -7.6508397E-01 -1.3946832E+00 -5.6984000E-01
-1.4034676E+00 3.0812804E-01 -1.6941172E+00 -1.0846767E+00 -2.0208543E+00 -8.1257531E-01
-1.8119887E+00 4.1431092E-01 -2.2221702E+00 -1.3999068E+00 -2.6187683E+00 -9.8681975E-01
-2.1749377E+00 5.3312643E-01 -2.7870902E+00 -1.7117489E+00 -3.1636477E+00 -1.1166681E+00
-2.3189316E+00 5.9906955E-01 -3.0477700E+00 -1.8566236E+00 -3.3965327E+00 -1.1360838E+00
-2.3173766E+00 6.0150842E-01 -3.0530470E+00 -1.8590333E+00 -3.3913417E+00 -1.1283511E+00
-2.3818738E+00 6.6219890E-01 -3.2505295E+00 -2.0131619E+00 -3.4514639E+00 -1.0666147E+00
-2.4125983E+00 7.4233011E-01 -3.4156407E+00 -2.1057953E+00 -3.5000000E+00 -9.7069250E-01
-2.4076806E+00 7.4275723E-01 -3.4119268E+00 -2.1116424E+00 -3.4783719E+00 -9.4999253E-01
-2.4121161E+00 7.6998856E-01 -3.5000000E+00 -2.1524828E+00 -3.5000000E+00 -9.2279303E-01
