-1.2546757E+00 1.7671439E-01 -1.4305161E+00 -1.0777572E+00 -1.6081622E+00 -9.1947319E-01
-1.2193378E+00 1.5035199E-01 -1.3674581E+00 -1.0688406E+00 -1.5239929E+00 -9.3564712E-01
-1.1995873E+00 1.4556736E-01 -1.3425327E+00 -1.0544647E+00 -1.4964043E+00 -9.2466548E-01
-1.1132449E+00 1.2634702E-01 -1.2270846E+00 -9.8075227E-01 -1.3748880E+00 -8.7755635E-01
-9.8922634E-01 1.5856774E-01 -1.1363185E+00 -8.2540380E-01 -1.3144730E+00 -6.9008439E-01
-9.4778041E-01 1.8979773E-01 -1.1118621E+00 -7.3834133E-01 -1.3496461E+00 -6.0617666E-01
-9.6512202E-01 2.0671486E-01 -1.1470385E+00 -7.3496212E-01 -1.3948208E+00 -5.9181171E-01
-9.8423128E-01 2.0784886E-01 -1.1711309E+00 -7.5390559E-01 -1.3977908E+00 -5.9501157E-01
-1.0148038E+00 2.1720412E-01 -1.2034119E+00 -7.6913122E-01 -1.4679059E+00 -6.2513696E-01
-1.0281357E+00 2.3431152E-01 -1.2397764E+00 -7.7094550E-01 -1.5131792E+00 -6.0046101E-01
-1.0649415E+00 2.3633677E-01 -1.2984907E+00 -8.3055740E-01 -1.5404040E+00 -6.1234179E-01
-1.1266238E+00 3.1932516E-01 -1.4430471E+00 -8.0703259E-01 -1.7533287E+00 -5.0723359E-01
-1.1693961E+00 4.6074041E-01 -1.6257461E+00 -7.1118215E-01 -2.0923494E+00 -2.8962240E-01
-1.2017357E+00 6.4743139E-01 -1.8229641E+00 -4.9912311E-01 -2.4484623E+00 3.8814289E-02
-1.2169874E+00 7.5271205E-01 -1.9205368E+00 -3.5193153E-01 -2.6582669E+00 1.8187247E-01
-1.2185301E+00 7.5551881E-01 -1.9184854E+00 -3.4215032E-01 -2.6630597E+00 1.7628638E-01
-1.2322939E+00 8.4633119E-01 -1.9457179E+00 -1.4335133E-01 -2.8247054E+00 2.4987349E-01
-1.2445208E+00 9.4241799E-01 -2.0248335E+00 6.7715266E-03 -2.9645152E+00 4.0122247E-01
-1.2451165E+00 9.4335943E-01 -2.0406109E+00 -6.1156749E-03 -2.9574534E+00 4.0243534E-01
-1.2505804E+00 9.7192730E-01 -2.0734376E+00 2.9794479E-02 -2.9543681E+00 5.0000000E-01
