-1.1600030E+00 1.6957844E-01 -1.3306016E+00 -9.9032555E-01 -1.4923925E+00 -8.3055621E-01
-1.1476976E+00 1.4173179E-01 -1.2892045E+00 -1.0070519E+00 -1.4277307E+00 -8.7065510E-01
-1.1458244E+00 1.3547670E-01 -1.2803581E+00 -1.0117622E+00 -1.4163423E+00 -8.8383827E-01
-1.1083724E+00 1.1606074E-01 -1.2157476E+00 -9.8936741E-01 -1.3440800E+00 -8.8774244E-01
-1.0202813E+00 1.5564871E-01 -1.1616060E+00 -8.5676380E-01 -1.3429954E+00 -7.2684287E-01
-9.3428634E-01 1.8303771E-01 -1.0893776E+00 -7.3437959E-01 -1.3044818E+00 -5.8679270E-01
-9.0052854E-01 1.9631502E-01 -1.0588086E+00 -6.8275656E-01 -1.3039708E+00 -5.2943263E-01
-8.9584588E-01 1.9684187E-01 -1.0550248E+00 -6.7628038E-01 -1.3050855E+00 -5.2983197E-01
-9.0193956E-01 2.0782089E-01 -1.0791911E+00 -6.7376506E-01 -1.3283162E+00 -5.1226174E-01
-9.0574738E-01 2.2555351E-01 -1.1053769E+00 -6.6090427E-01 -1.3811305E+00 -4.9268814E-01
-9.7952537E-01 2.3243528E-01 -1.1998097E+00 -7.3741492E-01 -1.4496224E+00 -5.3786670E-01
-1.1726474E+00 3.2451239E-01 -1.4547526E+00 -8.1675111E-01 -1.8515758E+00 -5.7298286E-01
-1.3769024E+00 4.7127342E-01 -1.8111689E+00 -8.7509757E-01 -2.3379916E+00 -4.8644272E-01
-1.5722966E+00 6.5784476E-01 -2.2740022E+00 -9.2502042E-01 -2.8139896E+00 -2.6404855E-01
-1.6569172E+00 7.6089414E-01 -2.5267015E+00 -9.3650410E-01 -3.0265805E+00 -1.3284571E-01
-1.6570922E+00 7.6322588E-01 -2.5330429E+00 -9.3521574E-01 -3.0683173E+00 -1.7714377E-01
-1.7048929E+00 8.5303004E-01 -2.7757400E+00 -9.6007991E-01 -3.2009510E+00 -7.4735773E-02
-1.7333107E+00 9.4896431E-01 -2.9855080E+00 -9.5262588E-01 -3.3898565E+00 3.9476005E-02
-1.7302576E+00 9.4973018E-01 -2.9785169E+00 -9.4581903E-01 -3.3844856E+00 3.5700659E-02
-1.7362522E+00 9.7797595E-01 -3.0195364E+00 -9.2030228E-01 -3.5000000E+00 5.0000000E-01
