-1.1016474E+00 2.0083793E-01 -1.2875487E+00 -8.9470097E-01 -1.5131564E+00 -7.1610366E-01
-1.0966486E+00 1.7059100E-01 -1.2635921E+00 -9.2772331E-01 -1.4460720E+00 -7.6503189E-01
-1.0921303E+00 1.6489117E-01 -1.2535687E+00 -9.2740637E-01 -1.4258898E+00 -7.7128357E-01
-1.0962775E+00 1.2903597E-01 -1.2212067E+00 -9.6256203E-01 -1.3495467E+00 -8.4458950E-01
-1.1290165E+00 1.5388766E-01 -1.2864496E+00 -9.7846279E-01 -1.4232724E+00 -8.2436700E-01
-1.1818085E+00 1.8295459E-01 -1.3638190E+00 -9.9948458E-01 -1.5347616E+00 -8.1822483E-01
-1.2101383E+00 1.8636254E-01 -1.3962078E+00 -1.0245608E+00 -1.5648222E+00 -8.4476077E-01
-1.2194110E+00 1.7460071E-01 -1.3918005E+00 -1.0463496E+00 -1.5536083E+00 -8.7135927E-01
-1.2241270E+00 1.6603661E-01 -1.3945334E+00 -1.0713912E+00 -1.5558480E+00 -8.9337038E-01
-1.2218485E+00 1.7204796E-01 -1.3909740E+00 -1.0500334E+00 -1.5679878E+00 -8.8599249E-01
-1.1923418E+00 1.8440519E-01 -1.3743591E+00 -1.0095745E+00 -1.5678253E+00 -8.3903224E-01
-1.1236703E+00 2.4346039E-01 -1.3627245E+00 -8.9184924E-01 -1.6098169E+00 -6.4408641E-01
-1.0649266E+00 2.5390382E-01 -1.3071937E+00 -8.2339191E-01 -1.5755531E+00 -5.6393242E-01
-1.0253603E+00 2.2280993E-01 -1.2366040E+00 -7.9797790E-01 -1.4682398E+00 -5.9809313E-01
-1.0128004E+00 2.0930705E-01 -1.2160093E+00 -7.9960005E-01 -1.4307734E+00 -6.0313555E-01
-1.0104353E+00 2.0858970E-01 -1.2132928E+00 -8.0063530E-01 -1.4244480E+00 -6.0481399E-01
-1.0010843E+00 2.4886349E-01 -1.2408449E+00 -7.3184553E-01 -1.4827659E+00 -5.2082817E-01
-9.9364636E-01 3.6941431E-01 -1.3626835E+00 -6.1284819E-01 -1.7297537E+00 -2.9847887E-01
-9.9544195E-01 3.7521313E-01 -1.3710644E+00 -6.1107891E-01 -1.7428083E+00 -2.8446232E-01
-9.9368795E-01 4.2218694E-01 -1.4163842E+00 -5.5910057E-01 -1.8272241E+00 -1.8994565E-01
