-1.0296680E+00 2.0652710E-01 -1.2406548E+00 -8.2072375E-01 -1.4203742E+00 -6.3028041E-01
-1.0312647E+00 1.7798417E-01 -1.2111660E+00 -8.5007063E-01 -1.3750622E+00 -6.9103993E-01
-1.0278065E+00 1.7014236E-01 -1.1978239E+00 -8.5098670E-01 -1.3559056E+00 -7.0468722E-01
-1.0549984E+00 1.3309221E-01 -1.1864387E+00 -9.2044784E-01 -1.3146105E+00 -7.9901241E-01
-1.1314965E+00 1.5083287E-01 -1.2733803E+00 -9.7651110E-01 -1.4376790E+00 -8.4298762E-01
-1.2159682E+00 1.8684497E-01 -1.4050097E+00 -1.0274479E+00 -1.5806551E+00 -8.6189193E-01
-1.2513878E+00 1.8990253E-01 -1.4414222E+00 -1.0610832E+00 -1.6279188E+00 -8.8542081E-01
-1.2536441E+00 1.7607723E-01 -1.4305119E+00 -1.0829153E+00 -1.6020531E+00 -9.0733763E-01
-1.2513941E+00 1.7036359E-01 -1.4234363E+00 -1.0784864E+00 -1.5757782E+00 -9.1408602E-01
-1.2471797E+00 1.8038823E-01 -1.4292346E+00 -1.0644446E+00 -1.5923710E+00 -8.8463206E-01
-1.2059387E+00 1.9384074E-01 -1.4013138E+00 -1.0241780E+00 -1.5773198E+00 -8.0134841E-01
-1.0885961E+00 2.5976678E-01 -1.3451157E+00 -8.3866544E-01 -1.5853241E+00 -5.5814571E-01
-9.5202905E-01 2.9265799E-01 -1.2547141E+00 -6.5417514E-01 -1.5083735E+00 -3.8485010E-01
-8.0631258E-01 2.9974568E-01 -1.1123173E+00 -5.0164304E-01 -1.3828617E+00 -2.3466144E-01
-7.4090763E-01 3.0846181E-01 -1.0370191E+00 -4.1651348E-01 -1.3517635E+00 -1.4790687E-01
-7.3949155E-01 3.0721529E-01 -1.0332333E+00 -4.1522548E-01 -1.3500562E+00 -1.5036530E-01
-7.0749627E-01 3.4031173E-01 -1.0149526E+00 -3.2712500E-01 -1.3741744E+00 -7.4823270E-02
-6.9219003E-01 4.4947401E-01 -1.1269066E+00 -2.0483822E-01 -1.5509591E+00 1.5641228E-01
-6.9367961E-01 4.5560781E-01 -1.1331207E+00 -1.9926082E-01 -1.5626082E+00 1.6455601E-01
-6.8970846E-01 4.9515779E-01 -1.1905833E+00 -1.8732885E-01 -1.6393805E+00 2.6647199E-01
