-1.0353085E+00 2.7413265E-01 -1.3066566E+00 -7.6073527E-01 -1.5683070E+00 -4.9551078E-01
-1.0188053E+00 2.1135358E-01 -1.2314799E+00 -8.1091137E-01 -1.4248703E+00 -6.0070187E-01
-9.9896353E-01 1.9616151E-01 -1.1955019E+00 -8.0392450E-01 -1.3902853E+00 -6.1868118E-01
-1.0076139E+00 1.6247926E-01 -1.1691932E+00 -8.4586058E-01 -1.3195140E+00 -6.8517075E-01
-1.1217371E+00 2.3783893E-01 -1.3620944E+00 -8.8439027E-01 -1.5904464E+00 -6.6495012E-01
-1.3069781E+00 2.5377250E-01 -1.5518842E+00 -1.0530335E+00 -1.8153407E+00 -8.2044386E-01
-1.3962494E+00 2.4803426E-01 -1.6387487E+00 -1.1510611E+00 -1.9013265E+00 -9.1909455E-01
-1.4019363E+00 2.2463138E-01 -1.6136864E+00 -1.1649050E+00 -1.8478206E+00 -9.6600727E-01
-1.3899735E+00 2.1303532E-01 -1.6049808E+00 -1.1750775E+00 -1.8145349E+00 -9.8840142E-01
-1.3708098E+00 2.3161028E-01 -1.6022648E+00 -1.1331525E+00 -1.8209589E+00 -9.2512654E-01
-1.2549879E+00 2.4814249E-01 -1.5004812E+00 -1.0109680E+00 -1.7310921E+00 -7.5742075E-01
-1.0024713E+00 3.7463085E-01 -1.3662698E+00 -6.3623962E-01 -1.7696154E+00 -2.7452382E-01
-7.9008175E-01 4.5222351E-01 -1.2419773E+00 -3.3077974E-01 -1.6944770E+00 8.5286885E-02
-6.4288299E-01 4.6835761E-01 -1.0620018E+00 -1.1468074E-01 -1.5751915E+00 2.3307244E-01
-6.1694949E-01 4.6266863E-01 -9.9203615E-01 -8.1306781E-02 -1.5694008E+00 2.2914365E-01
-6.2788224E-01 4.5962283E-01 -9.9905379E-01 -9.7008292E-02 -1.5765026E+00 2.1122190E-01
-6.7527789E-01 4.4141684E-01 -1.0295777E+00 -1.6666601E-01 -1.5826431E+00 1.3048213E-01
-7.3233118E-01 5.7489636E-01 -1.2340168E+00 -5.4317641E-02 -1.8577836E+00 3.3316492E-01
-7.4080571E-01 5.8185278E-01 -1.2411583E+00 -4.1306472E-02 -1.8640459E+00 3.2095016E-01
-7.5648585E-01 6.4614866E-01 -1.3392141E+00 7.1030574E-03 -1.9073980E+00 5.0000000E-01
