-1.1376549E+00 2.1263835E-01 -1.3475063E+00 -9.2593282E-01 -1.5515463E+00 -7.1762030E-01
-1.1383629E+00 1.9809843E-01 -1.3339400E+00 -9.4030873E-01 -1.5243687E+00 -7.4724753E-01
-1.1383855E+00 1.9607074E-01 -1.3342935E+00 -9.4131211E-01 -1.5205355E+00 -7.5224098E-01
-1.1364829E+00 1.5791196E-01 -1.2957489E+00 -9.7726661E-01 -1.4416633E+00 -8.2716498E-01
-1.1280237E+00 1.1135532E-01 -1.2404818E+00 -1.0152305E+00 -1.3441567E+00 -9.1005343E-01
-1.1157271E+00 1.3242660E-01 -1.2458510E+00 -9.8465425E-01 -1.3780785E+00 -8.5337058E-01
-1.1091615E+00 1.5528211E-01 -1.2597869E+00 -9.5574491E-01 -1.4199535E+00 -8.0229585E-01
-1.1072138E+00 1.5556155E-01 -1.2568820E+00 -9.5461715E-01 -1.4238603E+00 -7.9976831E-01
-1.0947343E+00 1.5777496E-01 -1.2485626E+00 -9.4023013E-01 -1.4165641E+00 -7.8500612E-01
-1.0889241E+00 1.5994517E-01 -1.2446104E+00 -9.3087914E-01 -1.4151785E+00 -7.8156998E-01
-1.0566727E+00 1.5906517E-01 -1.2166055E+00 -9.0083525E-01 -1.3830000E+00 -7.6092715E-01
-9.8206977E-01 1.9808408E-01 -1.1777323E+00 -7.8543485E-01 -1.3808586E+00 -6.1398556E-01
-9.0542475E-01 2.5152863E-01 -1.1292043E+00 -6.3834667E-01 -1.4392991E+00 -4.4541733E-01
-8.2744589E-01 3.1496601E-01 -1.0726498E+00 -4.7037693E-01 -1.4817004E+00 -2.5081425E-01
-7.9301873E-01 3.5369647E-01 -1.0448298E+00 -3.7771439E-01 -1.5389562E+00 -1.6875609E-01
-7.9251473E-01 3.5414255E-01 -1.0459444E+00 -3.7629773E-01 -1.5370297E+00 -1.6840494E-01
-7.7609324E-01 3.9590242E-01 -1.0515352E+00 -3.0294120E-01 -1.6120438E+00 -8.5106254E-02
-7.6945417E-01 4.4714863E-01 -1.0959660E+00 -2.4429619E-01 -1.7094639E+00 2.7550231E-02
-7.7135484E-01 4.4839119E-01 -1.1003900E+00 -2.4671964E-01 -1.7133638E+00 2.9610134E-02
-7.7160535E-01 4.6510539E-01 -1.1207107E+00 -2.3249523E-01 -1.7458117E+00 6.8517318E-02
