-1.1514453E+00 2.3944771E-01 -1.3918464E+00 -9.1262901E-01 -1.6076104E+00 -6.7227109E-01
-1.1437018E+00 2.1279699E-01 -1.3588609E+00 -9.3319467E-01 -1.5464056E+00 -7.2037476E-01
-1.1420090E+00 2.0524205E-01 -1.3493016E+00 -9.3661996E-01 -1.5298595E+00 -7.4197219E-01
-1.1328761E+00 1.6144936E-01 -1.2943819E+00 -9.6781601E-01 -1.4382550E+00 -8.1448883E-01
-1.1187842E+00 1.5257759E-01 -1.2685519E+00 -9.6528306E-01 -1.4129169E+00 -8.2002265E-01
-1.1140108E+00 1.7621802E-01 -1.2895747E+00 -9.3636308E-01 -1.4570178E+00 -7.7150485E-01
-1.1141301E+00 1.8659917E-01 -1.2956886E+00 -9.2113718E-01 -1.4832021E+00 -7.5951950E-01
-1.1153605E+00 1.7415873E-01 -1.2942946E+00 -9.4059117E-01 -1.4538393E+00 -7.8289318E-01
-1.1084285E+00 1.6971868E-01 -1.2798126E+00 -9.3905893E-01 -1.4323557E+00 -7.7747981E-01
-1.1050066E+00 1.7790811E-01 -1.2827600E+00 -9.2988606E-01 -1.4434219E+00 -7.4315726E-01
-1.0682164E+00 1.9504117E-01 -1.2561205E+00 -8.7863912E-01 -1.4637354E+00 -6.8167409E-01
-9.7547366E-01 2.8170437E-01 -1.2546359E+00 -6.9498133E-01 -1.5426049E+00 -4.2940472E-01
-8.8259772E-01 3.2877357E-01 -1.2059271E+00 -5.5584386E-01 -1.5446404E+00 -2.4551848E-01
-7.9935557E-01 3.4625852E-01 -1.1045619E+00 -4.3403381E-01 -1.4985473E+00 -1.3067699E-01
-7.6878649E-01 3.6133790E-01 -1.0772448E+00 -3.7694000E-01 -1.5567143E+00 -1.2267857E-01
-7.7045520E-01 3.6056492E-01 -1.0795147E+00 -3.7655005E-01 -1.5490469E+00 -1.2450828E-01
-7.6795102E-01 3.9854398E-01 -1.1186259E+00 -3.1035006E-01 -1.5503587E+00 -3.8604925E-02
-7.7343620E-01 5.0066025E-01 -1.2495725E+00 -2.2285917E-01 -1.7402224E+00 1.8032654E-01
-7.7729497E-01 5.0630582E-01 -1.2622948E+00 -2.2443953E-01 -1.7498355E+00 1.9139405E-01
-7.8197215E-01 5.4775147E-01 -1.3164914E+00 -1.9336042E-01 -1.8411045E+00 2.8798413E-01
