-1.0478924E+00 1.6849175E-01 -1.2158326E+00 -8.8053240E-01 -1.3817887E+00 -7.2249292E-01
-1.0399206E+00 1.5394457E-01 -1.1928452E+00 -8.8702766E-01 -1.3456850E+00 -7.4129060E-01
-1.0353328E+00 1.5269629E-01 -1.1861381E+00 -8.8333374E-01 -1.3370718E+00 -7.3637594E-01
-1.0220231E+00 1.2190630E-01 -1.1447974E+00 -8.9763544E-01 -1.2579535E+00 -7.8450878E-01
-1.0198772E+00 8.9627583E-02 -1.1072044E+00 -9.3306384E-01 -1.1973050E+00 -8.4057108E-01
-1.0485089E+00 1.1359225E-01 -1.1612955E+00 -9.4101477E-01 -1.2720474E+00 -8.2058871E-01
-1.0734806E+00 1.3532525E-01 -1.2030103E+00 -9.4314222E-01 -1.3421844E+00 -7.9467791E-01
-1.0851984E+00 1.3720941E-01 -1.2151232E+00 -9.5330092E-01 -1.3594829E+00 -8.0514026E-01
-1.1018627E+00 1.4370682E-01 -1.2397221E+00 -9.6205368E-01 -1.3925761E+00 -8.1316387E-01
-1.1099457E+00 1.4970851E-01 -1.2565474E+00 -9.6499511E-01 -1.4103951E+00 -8.0902559E-01
-1.1036003E+00 1.5528401E-01 -1.2607482E+00 -9.4897391E-01 -1.4047996E+00 -7.9076921E-01
-1.0649229E+00 1.9819055E-01 -1.2593004E+00 -8.6828153E-01 -1.4627156E+00 -6.7807911E-01
-1.0101007E+00 2.5527677E-01 -1.2405584E+00 -7.4578482E-01 -1.5392937E+00 -5.3626560E-01
-9.4562488E-01 3.2455274E-01 -1.1931434E+00 -5.6926730E-01 -1.6014979E+00 -3.6567433E-01
-9.1256349E-01 3.6405655E-01 -1.1815462E+00 -4.8781915E-01 -1.6520170E+00 -2.5900022E-01
-9.1099993E-01 3.6537287E-01 -1.1826549E+00 -4.8644664E-01 -1.6541233E+00 -2.5431559E-01
-8.8460602E-01 4.0352656E-01 -1.1876600E+00 -4.1481003E-01 -1.7212570E+00 -1.6317294E-01
-8.6712653E-01 4.5254481E-01 -1.2167609E+00 -3.3723759E-01 -1.8105437E+00 -5.1443700E-02
-8.6711808E-01 4.5287293E-01 -1.2150428E+00 -3.3376085E-01 -1.8127937E+00 -4.9482884E-02
-8.6410974E-01 4.6776107E-01 -1.2294330E+00 -3.1262399E-01 -1.8856732E+00 -5.0737338E-02
