-1.0998785E+00 2.3695516E-01 -1.3372658E+00 -8.6316887E-01 -1.5684959E+00 -6.3969662E-01
-1.1049020E+00 1.7922207E-01 -1.2850140E+00 -9.2540655E-01 -1.4624557E+00 -7.6285858E-01
-1.1174884E+00 1.1547267E-01 -1.2315583E+00 -1.0022150E+00 -1.3451854E+00 -8.9370311E-01
-1.1265005E+00 1.2347459E-01 -1.2500337E+00 -1.0045553E+00 -1.3708584E+00 -8.8618771E-01
-1.1168362E+00 1.4114441E-01 -1.2580797E+00 -9.7548208E-01 -1.3882335E+00 -8.4020819E-01
-1.0847229E+00 1.4320358E-01 -1.2286218E+00 -9.4225530E-01 -1.3679519E+00 -8.0806489E-01
-1.0477681E+00 1.4258460E-01 -1.1896050E+00 -9.0486325E-01 -1.3304967E+00 -7.7494821E-01
-1.0261679E+00 1.5157059E-01 -1.1765461E+00 -8.7511956E-01 -1.3292407E+00 -7.3709014E-01
-1.0215601E+00 1.6716550E-01 -1.1759364E+00 -8.4550374E-01 -1.3630223E+00 -7.0612011E-01
-1.0242101E+00 1.8720837E-01 -1.1948068E+00 -8.2767876E-01 -1.4094495E+00 -6.7685240E-01
-1.0245676E+00 2.1288542E-01 -1.2153644E+00 -8.0207807E-01 -1.4447960E+00 -6.1476422E-01
-1.0192782E+00 2.3841177E-01 -1.2307689E+00 -7.6269513E-01 -1.4875406E+00 -5.6729445E-01
-1.0129978E+00 2.6340198E-01 -1.2448421E+00 -7.2919342E-01 -1.5656025E+00 -5.2995114E-01
-1.0218991E+00 2.8877374E-01 -1.2685200E+00 -7.0881132E-01 -1.5994052E+00 -4.7056464E-01
-1.0575953E+00 3.1844232E-01 -1.3039495E+00 -7.0336116E-01 -1.7036352E+00 -4.6718222E-01
-1.1170167E+00 3.8473760E-01 -1.4113661E+00 -6.9123368E-01 -1.9087630E+00 -4.0443419E-01
-1.1837105E+00 5.1196374E-01 -1.5910567E+00 -5.9851742E-01 -2.2217110E+00 -2.4190370E-01
-1.2391381E+00 6.7214478E-01 -1.7983084E+00 -4.4315527E-01 -2.5781530E+00 -1.9241745E-02
-1.2736285E+00 8.1073900E-01 -1.9857458E+00 -3.1035468E-01 -2.8503693E+00 2.1328683E-01
-1.2861390E+00 8.7501867E-01 -2.0664112E+00 -2.4474448E-01 -2.9519706E+00 3.6850746E-01
