-1.2259459E+00 2.3140053E-01 -1.4535713E+00 -9.9918185E-01 -1.6887819E+00 -7.7421682E-01
-1.1912693E+00 1.7485015E-01 -1.3626830E+00 -1.0191133E+00 -1.5427211E+00 -8.5158920E-01
-1.1024931E+00 1.1269792E-01 -1.2149860E+00 -9.8991437E-01 -1.3245169E+00 -8.8319214E-01
-9.8982446E-01 1.1726342E-01 -1.1071907E+00 -8.7221651E-01 -1.2166993E+00 -7.5946395E-01
-9.0421548E-01 1.3284288E-01 -1.0347574E+00 -7.7213438E-01 -1.1683595E+00 -6.4520667E-01
-8.8224502E-01 1.3824169E-01 -1.0181440E+00 -7.4647141E-01 -1.1587310E+00 -6.1130307E-01
-9.2192608E-01 1.4201553E-01 -1.0644670E+00 -7.8134724E-01 -1.2036341E+00 -6.4773731E-01
-9.9127441E-01 1.4963316E-01 -1.1400472E+00 -8.4183351E-01 -1.2897007E+00 -7.0397363E-01
-1.0479876E+00 1.6358679E-01 -1.2094522E+00 -8.8686867E-01 -1.3760234E+00 -7.3064583E-01
-1.0711914E+00 1.8105460E-01 -1.2508851E+00 -8.8989499E-01 -1.4373562E+00 -7.2918097E-01
-1.0690905E+00 2.0348249E-01 -1.2495387E+00 -8.4885195E-01 -1.4930206E+00 -6.9673166E-01
-1.0685517E+00 2.3160634E-01 -1.2721222E+00 -8.2187058E-01 -1.5326263E+00 -6.2416507E-01
-1.0930548E+00 2.6576956E-01 -1.3297387E+00 -8.0890225E-01 -1.6220414E+00 -5.8481756E-01
-1.1500561E+00 3.0132258E-01 -1.4127654E+00 -8.1963507E-01 -1.7478288E+00 -5.8170066E-01
-1.2263213E+00 3.4496734E-01 -1.4952329E+00 -8.3723359E-01 -1.9364617E+00 -5.9210224E-01
-1.3011439E+00 4.2292687E-01 -1.6235933E+00 -8.2441984E-01 -2.1786945E+00 -5.2816458E-01
-1.3644735E+00 5.4328330E-01 -1.8088313E+00 -7.4011766E-01 -2.4652042E+00 -3.6901483E-01
-1.4126453E+00 6.8774785E-01 -2.0269818E+00 -6.1253028E-01 -2.7650472E+00 -1.5317695E-01
-1.4419657E+00 8.1354112E-01 -2.1938937E+00 -4.8817980E-01 -3.0815631E+00 2.5937255E-02
-1.4521279E+00 8.7195541E-01 -2.2751914E+00 -4.3931308E-01 -3.2014279E+00 1.3825599E-01
