-1.1917909E+00 2.3819649E-01 -1.4284645E+00 -9.5242259E-01 -1.6638688E+00 -7.3158527E-01
-1.1580119E+00 1.8030212E-01 -1.3380933E+00 -9.7749492E-01 -1.5111364E+00 -8.0870889E-01
-1.0826696E+00 1.1619630E-01 -1.1958577E+00 -9.6649643E-01 -1.3152051E+00 -8.5684632E-01
-9.9715529E-01 1.2340473E-01 -1.1192780E+00 -8.7254923E-01 -1.2387223E+00 -7.5719277E-01
-9.4311000E-01 1.3930954E-01 -1.0818323E+00 -8.0598858E-01 -1.2192823E+00 -6.7256266E-01
-9.4167686E-01 1.3762381E-01 -1.0723908E+00 -8.0038344E-01 -1.2180715E+00 -6.7691781E-01
-9.7626418E-01 1.3659960E-01 -1.1105562E+00 -8.4061717E-01 -1.2495181E+00 -7.1219151E-01
-1.0122706E+00 1.4771879E-01 -1.1581093E+00 -8.6474822E-01 -1.3071848E+00 -7.2624962E-01
-1.0267732E+00 1.6494897E-01 -1.1811371E+00 -8.5761873E-01 -1.3625939E+00 -7.1199989E-01
-1.0244363E+00 1.8570578E-01 -1.1913164E+00 -8.2961727E-01 -1.3922743E+00 -6.6378635E-01
-1.0240889E+00 2.1196974E-01 -1.2041686E+00 -7.9340623E-01 -1.4523265E+00 -6.2216436E-01
-1.0473113E+00 2.4073982E-01 -1.2507069E+00 -7.8418959E-01 -1.5305890E+00 -5.8977190E-01
-1.0994429E+00 2.7208586E-01 -1.3306243E+00 -8.0908614E-01 -1.6481840E+00 -5.8271405E-01
-1.1726975E+00 3.0765593E-01 -1.4145982E+00 -8.3979960E-01 -1.8014187E+00 -5.9562647E-01
-1.2560152E+00 3.4895525E-01 -1.5055799E+00 -8.6762271E-01 -1.9776084E+00 -6.1522505E-01
-1.3416704E+00 4.2260775E-01 -1.6336181E+00 -8.5337594E-01 -2.2307018E+00 -5.8163300E-01
-1.4201135E+00 5.4336550E-01 -1.8499263E+00 -7.8398251E-01 -2.5301932E+00 -4.4024233E-01
-1.4750777E+00 6.8783935E-01 -2.0911893E+00 -6.6911929E-01 -2.8784261E+00 -2.5728380E-01
-1.5045744E+00 8.1737110E-01 -2.2839783E+00 -5.5963310E-01 -3.1281337E+00 -2.0745857E-02
-1.5118459E+00 8.7909414E-01 -2.3650948E+00 -5.0188270E-01 -3.2348339E+00 1.0637247E-01
