-9.5551878E-01 2.3432141E-01 -1.1881479E+00 -7.2102589E-01 -1.4121502E+00 -4.9510046E-01
-9.5993666E-01 1.7926671E-01 -1.1391762E+00 -7.8125497E-01 -1.3113437E+00 -6.1296006E-01
-9.6724922E-01 1.1633372E-01 -1.0828732E+00 -8.5089385E-01 -1.1952315E+00 -7.4279396E-01
-9.6905621E-01 1.2018410E-01 -1.0898323E+00 -8.4934551E-01 -1.2065744E+00 -7.3664434E-01
-9.6614143E-01 1.3823715E-01 -1.1042572E+00 -8.2900767E-01 -1.2365952E+00 -6.9926228E-01
-9.6808248E-01 1.4026970E-01 -1.1073784E+00 -8.2877070E-01 -1.2505235E+00 -7.0106883E-01
-9.8089714E-01 1.3904001E-01 -1.1180619E+00 -8.4315983E-01 -1.2570813E+00 -7.1025302E-01
-1.0045669E+00 1.4826762E-01 -1.1457584E+00 -8.5079926E-01 -1.3028008E+00 -7.2089747E-01
-1.0337677E+00 1.6747416E-01 -1.2012365E+00 -8.6654387E-01 -1.3661927E+00 -7.1208029E-01
-1.0631970E+00 1.8654438E-01 -1.2501522E+00 -8.7911477E-01 -1.4347245E+00 -7.0336824E-01
-1.0853441E+00 2.0716642E-01 -1.2729570E+00 -8.6608931E-01 -1.5189975E+00 -7.0373198E-01
-1.0974872E+00 2.3825407E-01 -1.3089851E+00 -8.4081568E-01 -1.5740901E+00 -6.4576181E-01
-1.1056692E+00 2.7144779E-01 -1.3394965E+00 -8.1258269E-01 -1.6455146E+00 -5.8991243E-01
-1.1100725E+00 2.9697512E-01 -1.3608771E+00 -8.0330990E-01 -1.6901443E+00 -5.3342140E-01
-1.1088988E+00 3.2888065E-01 -1.3587936E+00 -7.5284508E-01 -1.7626275E+00 -4.9001649E-01
-1.1057984E+00 3.9690561E-01 -1.3810415E+00 -6.4774175E-01 -1.9224187E+00 -3.9539009E-01
-1.1054583E+00 5.1910349E-01 -1.4760625E+00 -4.8771600E-01 -2.1760523E+00 -1.9044214E-01
-1.1081613E+00 6.7133855E-01 -1.6145003E+00 -2.8999850E-01 -2.4638493E+00 7.6524537E-02
-1.1104222E+00 8.0261520E-01 -1.7645429E+00 -1.3301939E-01 -2.6683649E+00 3.3132587E-01
-1.1116536E+00 8.6350245E-01 -1.8213110E+00 -4.8108288E-02 -2.6938175E+00 5.0000000E-01
