-1.2614168E+00 2.3915000E-01 -1.4994756E+00 -1.0262360E+00 -1.7356996E+00 -7.9314339E-01
-1.2299762E+00 1.8259973E-01 -1.4137077E+00 -1.0497709E+00 -1.5932872E+00 -8.7878392E-01
-1.1546024E+00 1.1728615E-01 -1.2696476E+00 -1.0388647E+00 -1.3913828E+00 -9.3002644E-01
-1.0503075E+00 1.2063497E-01 -1.1695622E+00 -9.2919337E-01 -1.2891547E+00 -8.1518241E-01
-9.4444526E-01 1.3590661E-01 -1.0796768E+00 -8.0854847E-01 -1.2155554E+00 -6.8263543E-01
-8.7209123E-01 1.3634394E-01 -1.0085237E+00 -7.3603997E-01 -1.1430520E+00 -6.1154545E-01
-8.6431211E-01 1.4050822E-01 -1.0042003E+00 -7.2584414E-01 -1.1405923E+00 -5.8817089E-01
-9.3322369E-01 1.5357172E-01 -1.0861570E+00 -7.8191303E-01 -1.2375056E+00 -6.3613162E-01
-1.0634384E+00 1.6857303E-01 -1.2223947E+00 -8.9239276E-01 -1.4078745E+00 -7.3716999E-01
-1.2035227E+00 1.8741703E-01 -1.3765376E+00 -1.0085900E+00 -1.5934510E+00 -8.5272298E-01
-1.2904808E+00 2.1630320E-01 -1.4834337E+00 -1.0620410E+00 -1.7205630E+00 -8.7208416E-01
-1.2893981E+00 2.4832353E-01 -1.5128091E+00 -1.0249410E+00 -1.7802866E+00 -8.1340786E-01
-1.2038734E+00 2.7528027E-01 -1.4470273E+00 -9.0827002E-01 -1.7491560E+00 -6.7281934E-01
-1.0670306E+00 2.9533158E-01 -1.3137308E+00 -7.4222764E-01 -1.6645505E+00 -5.0782004E-01
-9.2642238E-01 3.1351868E-01 -1.1739153E+00 -5.7618350E-01 -1.5571279E+00 -3.4588375E-01
-8.2481722E-01 3.6089819E-01 -1.0891287E+00 -4.2294015E-01 -1.5652326E+00 -1.5829307E-01
-7.7913074E-01 4.6335283E-01 -1.1052716E+00 -2.4812103E-01 -1.7388009E+00 5.3427721E-02
-7.7967570E-01 6.0349879E-01 -1.1834692E+00 -4.6105656E-02 -2.0005255E+00 2.6873425E-01
-8.0071211E-01 7.2891312E-01 -1.2716514E+00 1.3639526E-01 -2.2062386E+00 4.3067353E-01
-8.1338124E-01 7.8742318E-01 -1.3477344E+00 1.9990880E-01 -2.2745678E+00 5.0000000E-01
