-1.1234793E+00 2.3768595E-01 -1.3694570E+00 -8.9828738E-01 -1.5829893E+00 -6.4917467E-01
-1.1161246E+00 1.8089849E-01 -1.2956736E+00 -9.3492004E-01 -1.4658908E+00 -7.5883486E-01
-1.0991786E+00 1.1413394E-01 -1.2133150E+00 -9.8347467E-01 -1.3234792E+00 -8.8109872E-01
-1.0690188E+00 1.2225674E-01 -1.1895700E+00 -9.4802042E-01 -1.3090793E+00 -8.2962018E-01
-1.0231499E+00 1.4294040E-01 -1.1664196E+00 -8.7922770E-01 -1.3047674E+00 -7.4776734E-01
-9.8249114E-01 1.4531159E-01 -1.1270991E+00 -8.3639078E-01 -1.2656852E+00 -6.9768187E-01
-9.7898040E-01 1.4600084E-01 -1.1257440E+00 -8.3330427E-01 -1.2663971E+00 -6.9451055E-01
-1.0212595E+00 1.5192908E-01 -1.1714063E+00 -8.7082202E-01 -1.3254714E+00 -7.2566440E-01
-1.0761889E+00 1.6220335E-01 -1.2293400E+00 -9.0530447E-01 -1.4025111E+00 -7.7087133E-01
-1.0938835E+00 1.7781305E-01 -1.2547160E+00 -9.0470467E-01 -1.4611616E+00 -7.6079042E-01
-1.0495361E+00 2.0272236E-01 -1.2299381E+00 -8.3662076E-01 -1.4822396E+00 -6.7262980E-01
-9.6367902E-01 2.3832345E-01 -1.1697847E+00 -7.0883300E-01 -1.4387134E+00 -5.0882551E-01
-8.8875760E-01 2.7275499E-01 -1.1245304E+00 -6.0191199E-01 -1.4206081E+00 -3.6344619E-01
-8.8344929E-01 2.9417966E-01 -1.1325902E+00 -5.7657139E-01 -1.4544975E+00 -3.2400304E-01
-9.6874207E-01 3.1457440E-01 -1.2147668E+00 -6.3077036E-01 -1.5913175E+00 -3.8471116E-01
-1.1174453E+00 3.7141586E-01 -1.3943489E+00 -7.0078909E-01 -1.8680228E+00 -4.3906066E-01
-1.2895375E+00 4.9183582E-01 -1.6992093E+00 -7.3284279E-01 -2.2766608E+00 -3.7727387E-01
-1.4405187E+00 6.4974887E-01 -2.0601424E+00 -7.2530716E-01 -2.7413300E+00 -2.3482411E-01
-1.5392165E+00 7.8731894E-01 -2.3768717E+00 -7.2215671E-01 -3.0593582E+00 -2.6413883E-02
-1.5747421E+00 8.5042712E-01 -2.4805965E+00 -6.9134943E-01 -3.1915706E+00 7.7679614E-02
