-1.0442536E+00 2.3943240E-01 -1.2808133E+00 -8.0589252E-01 -1.5148988E+00 -5.7826890E-01
-1.0469632E+00 1.8135637E-01 -1.2270168E+00 -8.6666948E-01 -1.4049615E+00 -6.9440116E-01
-1.0599443E+00 1.1453711E-01 -1.1729639E+00 -9.4606252E-01 -1.2860950E+00 -8.3945711E-01
-1.0796839E+00 1.2430347E-01 -1.1989301E+00 -9.5012404E-01 -1.3280373E+00 -8.4258746E-01
-1.0943500E+00 1.4129601E-01 -1.2341058E+00 -9.5318701E-01 -1.3751193E+00 -8.2208609E-01
-1.0901081E+00 1.3723030E-01 -1.2264255E+00 -9.5357823E-01 -1.3619714E+00 -8.2174122E-01
-1.0627149E+00 1.4079959E-01 -1.2033193E+00 -9.2283524E-01 -1.3431430E+00 -7.8807894E-01
-1.0204784E+00 1.5319609E-01 -1.1727343E+00 -8.6724798E-01 -1.3253072E+00 -7.2452877E-01
-9.8528556E-01 1.6674382E-01 -1.1494857E+00 -8.1956507E-01 -1.3216968E+00 -6.6479777E-01
-9.6983651E-01 1.8360385E-01 -1.1388564E+00 -7.7862529E-01 -1.3449811E+00 -6.2970745E-01
-9.7655130E-01 2.1132336E-01 -1.1633422E+00 -7.5472660E-01 -1.3957297E+00 -5.6415222E-01
-1.0069290E+00 2.4716678E-01 -1.2110139E+00 -7.4203043E-01 -1.4983242E+00 -5.3766286E-01
-1.0536890E+00 2.7764783E-01 -1.2776039E+00 -7.5476812E-01 -1.5984498E+00 -5.3120500E-01
-1.1080780E+00 3.0410153E-01 -1.3411347E+00 -7.8134386E-01 -1.7183425E+00 -5.3312106E-01
-1.1635224E+00 3.3670037E-01 -1.4026531E+00 -7.9028830E-01 -1.8620984E+00 -5.4202120E-01
-1.2153837E+00 3.9938657E-01 -1.4928226E+00 -7.6133710E-01 -2.0564417E+00 -4.9994693E-01
-1.2585708E+00 5.1380319E-01 -1.6525640E+00 -6.6110218E-01 -2.3115148E+00 -3.2329708E-01
-1.2923519E+00 6.6138368E-01 -1.8455831E+00 -5.1122365E-01 -2.6148990E+00 -9.0442736E-02
-1.3183280E+00 7.9346381E-01 -2.0313136E+00 -3.9141983E-01 -2.8782143E+00 1.4564401E-01
-1.3286499E+00 8.5533029E-01 -2.1139894E+00 -3.3449389E-01 -2.9957900E+00 2.8341251E-01
