-1.2413708E+00 2.3908653E-01 -1.4801192E+00 -1.0065146E+00 -1.7179843E+00 -7.7555910E-01
-1.1942952E+00 1.8308666E-01 -1.3751876E+00 -1.0163682E+00 -1.5592775E+00 -8.3006541E-01
-1.0885120E+00 1.1683968E-01 -1.2056575E+00 -9.7280907E-01 -1.3211318E+00 -8.6122588E-01
-9.6673934E-01 1.2313134E-01 -1.0896963E+00 -8.4406322E-01 -1.2082605E+00 -7.2531626E-01
-8.8422059E-01 1.4185179E-01 -1.0264585E+00 -7.4372411E-01 -1.1655710E+00 -6.0788246E-01
-8.7495418E-01 1.4065921E-01 -1.0152061E+00 -7.3482651E-01 -1.1552895E+00 -6.0290017E-01
-9.3412174E-01 1.3851090E-01 -1.0680440E+00 -7.9175312E-01 -1.2084925E+00 -6.6843150E-01
-1.0253793E+00 1.4811975E-01 -1.1734204E+00 -8.7969216E-01 -1.3202131E+00 -7.4001338E-01
-1.1065242E+00 1.6595705E-01 -1.2728164E+00 -9.4080883E-01 -1.4338687E+00 -7.8609498E-01
-1.1557893E+00 1.8829404E-01 -1.3320691E+00 -9.6113834E-01 -1.5394852E+00 -7.9926765E-01
-1.1669889E+00 2.1388802E-01 -1.3624178E+00 -9.3697212E-01 -1.6090605E+00 -7.7367867E-01
-1.1473024E+00 2.4521576E-01 -1.3632269E+00 -8.8104107E-01 -1.6645006E+00 -7.0302956E-01
-1.1150173E+00 2.7881793E-01 -1.3542377E+00 -8.0776434E-01 -1.6804501E+00 -5.9462717E-01
-1.0960508E+00 3.0153387E-01 -1.3589365E+00 -7.6495550E-01 -1.6914852E+00 -5.3020512E-01
-1.1092395E+00 3.2132613E-01 -1.3737548E+00 -7.5858179E-01 -1.7566235E+00 -5.0497483E-01
-1.1550298E+00 3.7728863E-01 -1.4419950E+00 -7.2679988E-01 -1.9368352E+00 -4.6391606E-01
-1.2192691E+00 4.9341178E-01 -1.6196882E+00 -6.4920407E-01 -2.2336986E+00 -3.2580864E-01
-1.2834794E+00 6.4539985E-01 -1.8563533E+00 -5.3333403E-01 -2.5600515E+00 -9.7275338E-02
-1.3298176E+00 7.8064499E-01 -2.0647755E+00 -4.4047096E-01 -2.8379309E+00 1.4189875E-01
-1.3479056E+00 8.4470146E-01 -2.1582433E+00 -3.9261175E-01 -2.9670877E+00 2.7974096E-01
