-1.0015457E+00 2.4235138E-01 -1.2421124E+00 -7.6256871E-01 -1.4810968E+00 -5.2581435E-01
-1.0033820E+00 1.8311140E-01 -1.1858937E+00 -8.2163600E-01 -1.3647955E+00 -6.4262938E-01
-1.0025384E+00 1.1611298E-01 -1.1200023E+00 -8.8679520E-01 -1.2293770E+00 -7.7978185E-01
-9.9467615E-01 1.2081398E-01 -1.1141806E+00 -8.7486284E-01 -1.2373130E+00 -7.6106938E-01
-9.8858108E-01 1.3868947E-01 -1.1258900E+00 -8.4941480E-01 -1.2627868E+00 -7.2117169E-01
-1.0017214E+00 1.3942486E-01 -1.1400193E+00 -8.6137988E-01 -1.2795963E+00 -7.3341081E-01
-1.0409937E+00 1.4041787E-01 -1.1821598E+00 -9.0178173E-01 -1.3206019E+00 -7.7148774E-01
-1.0958822E+00 1.5143554E-01 -1.2388451E+00 -9.4012362E-01 -1.4003130E+00 -8.0648564E-01
-1.1396337E+00 1.6726007E-01 -1.3044751E+00 -9.7294384E-01 -1.4750006E+00 -8.2334431E-01
-1.1485239E+00 1.8647797E-01 -1.3224613E+00 -9.5328791E-01 -1.5295380E+00 -7.9498742E-01
-1.1244620E+00 2.0862907E-01 -1.3173534E+00 -9.0368413E-01 -1.5533438E+00 -7.3536742E-01
-1.0942074E+00 2.3622080E-01 -1.3071964E+00 -8.4009869E-01 -1.5865870E+00 -6.5853019E-01
-1.0884760E+00 2.6376974E-01 -1.3210109E+00 -8.0619461E-01 -1.6138291E+00 -5.8351089E-01
-1.1146670E+00 2.8745500E-01 -1.3528219E+00 -8.0209787E-01 -1.6963077E+00 -5.7107120E-01
-1.1621190E+00 3.2583201E-01 -1.4192173E+00 -8.0112118E-01 -1.8298865E+00 -5.5346820E-01
-1.2147243E+00 4.0942967E-01 -1.5235104E+00 -7.4238796E-01 -2.0518363E+00 -4.6993499E-01
-1.2568554E+00 5.3998863E-01 -1.6735992E+00 -6.2069239E-01 -2.3724899E+00 -2.9486746E-01
-1.2852572E+00 6.9106883E-01 -1.8444348E+00 -4.5509893E-01 -2.6866250E+00 -4.8950891E-02
-1.3011851E+00 8.1967958E-01 -2.0084074E+00 -3.2171939E-01 -2.9190525E+00 2.0444588E-01
-1.3055579E+00 8.7899249E-01 -2.0892658E+00 -2.6392674E-01 -3.0063812E+00 3.5882385E-01
