-8.8247540E-01 2.3250921E-01 -1.1137065E+00 -6.5069239E-01 -1.3448690E+00 -4.3529277E-01
-8.9959241E-01 1.7669289E-01 -1.0749179E+00 -7.2454685E-01 -1.2538907E+00 -5.5726589E-01
-9.3513363E-01 1.1313182E-01 -1.0479610E+00 -8.2141844E-01 -1.1585742E+00 -7.1775369E-01
-9.7921393E-01 1.2058923E-01 -1.0996425E+00 -8.5881960E-01 -1.2185917E+00 -7.4775948E-01
-1.0145179E+00 1.4030509E-01 -1.1535741E+00 -8.7386791E-01 -1.2914377E+00 -7.4523936E-01
-1.0282972E+00 1.3937923E-01 -1.1648193E+00 -8.8932346E-01 -1.3068682E+00 -7.6130042E-01
-1.0159318E+00 1.3517700E-01 -1.1486890E+00 -8.8278661E-01 -1.2883545E+00 -7.5478609E-01
-9.8311111E-01 1.4839057E-01 -1.1299706E+00 -8.3551683E-01 -1.2762791E+00 -6.9656337E-01
-9.4075551E-01 1.6391151E-01 -1.1043958E+00 -7.7938412E-01 -1.2694827E+00 -6.2594049E-01
-9.0875601E-01 1.7509954E-01 -1.0801615E+00 -7.3487184E-01 -1.2639154E+00 -5.7193349E-01
-9.1046009E-01 1.9247650E-01 -1.0856364E+00 -7.0379727E-01 -1.3038703E+00 -5.5411838E-01
-9.5988976E-01 2.2310188E-01 -1.1548657E+00 -7.1983320E-01 -1.4361397E+00 -5.4787379E-01
-1.0534291E+00 2.5604012E-01 -1.2760246E+00 -7.7520587E-01 -1.5924050E+00 -5.8335213E-01
-1.1683282E+00 2.8317394E-01 -1.4126445E+00 -8.5827792E-01 -1.7712634E+00 -6.5755288E-01
-1.2806427E+00 3.2172721E-01 -1.5265152E+00 -9.1474918E-01 -1.9472567E+00 -6.9239137E-01
-1.3728260E+00 4.0510719E-01 -1.6672348E+00 -8.9591683E-01 -2.2053340E+00 -6.5253708E-01
-1.4404906E+00 5.3658447E-01 -1.8804365E+00 -8.1052896E-01 -2.5187698E+00 -4.7461821E-01
-1.4831576E+00 6.9425174E-01 -2.1073212E+00 -6.5986241E-01 -2.8760641E+00 -2.5264883E-01
-1.5044714E+00 8.3474771E-01 -2.2979566E+00 -5.2482160E-01 -3.1283608E+00 2.3671786E-02
-1.5094206E+00 9.0170756E-01 -2.3957350E+00 -4.6989406E-01 -3.2509209E+00 1.5538628E-01
