-1.2108925E+00 2.3602087E-01 -1.4465200E+00 -9.7448628E-01 -1.6833548E+00 -7.6240085E-01
-1.1751692E+00 1.7806019E-01 -1.3465654E+00 -9.8917679E-01 -1.5286135E+00 -8.3670273E-01
-1.0911407E+00 1.1452276E-01 -1.2026299E+00 -9.7724218E-01 -1.3199962E+00 -8.6944294E-01
-9.9535577E-01 1.2439567E-01 -1.1190854E+00 -8.7315586E-01 -1.2393128E+00 -7.5042586E-01
-9.3552019E-01 1.4122465E-01 -1.0730737E+00 -7.9495653E-01 -1.2137143E+00 -6.5952169E-01
-9.4332249E-01 1.4052007E-01 -1.0778954E+00 -7.9845069E-01 -1.2230364E+00 -6.7213438E-01
-1.0255575E+00 1.4598671E-01 -1.1709795E+00 -8.7949509E-01 -1.3134105E+00 -7.4055257E-01
-1.1505442E+00 1.5668361E-01 -1.3053186E+00 -9.9212910E-01 -1.4641328E+00 -8.5423094E-01
-1.2616631E+00 1.7198041E-01 -1.4235732E+00 -1.0833932E+00 -1.6112283E+00 -9.3806136E-01
-1.3043202E+00 1.9601685E-01 -1.4797573E+00 -1.0978545E+00 -1.7190336E+00 -9.4309928E-01
-1.2534606E+00 2.2896340E-01 -1.4547848E+00 -1.0080006E+00 -1.7152570E+00 -8.1495610E-01
-1.1303286E+00 2.6350944E-01 -1.3651316E+00 -8.4797902E-01 -1.6583362E+00 -6.2791018E-01
-9.8579985E-01 2.8411859E-01 -1.2318614E+00 -6.7171784E-01 -1.5546955E+00 -4.5040983E-01
-8.7392552E-01 2.9036477E-01 -1.1198042E+00 -5.5476920E-01 -1.4586684E+00 -3.2817945E-01
-8.2506402E-01 3.0402165E-01 -1.0641084E+00 -4.8976178E-01 -1.4507233E+00 -2.5780318E-01
-8.3707181E-01 3.5519423E-01 -1.1086685E+00 -4.3982636E-01 -1.5636462E+00 -1.7844975E-01
-8.8840980E-01 4.6836354E-01 -1.2527344E+00 -3.4824283E-01 -1.8273645E+00 -3.1382086E-02
-9.4981822E-01 6.1883119E-01 -1.4328515E+00 -2.0296609E-01 -2.1625483E+00 1.6124424E-01
-9.9586806E-01 7.5405959E-01 -1.6082575E+00 -7.6810986E-02 -2.4283652E+00 3.5667541E-01
-1.0140459E+00 8.1796424E-01 -1.6978063E+00 -2.2303867E-02 -2.4947796E+00 5.0000000E-01
