-1.0983602E+00 2.3483822E-01 -1.3290151E+00 -8.6552048E-01 -1.5575839E+00 -6.3603172E-01
-1.0542645E+00 1.7750044E-01 -1.2290160E+00 -8.7780135E-01 -1.4015111E+00 -7.0243117E-01
-9.7217512E-01 1.1274798E-01 -1.0862570E+00 -8.5995461E-01 -1.1943876E+00 -7.5466980E-01
-9.0913942E-01 1.2103553E-01 -1.0285576E+00 -7.8808962E-01 -1.1473366E+00 -6.7525192E-01
-9.1243479E-01 1.3740112E-01 -1.0472782E+00 -7.7560096E-01 -1.1839571E+00 -6.4477636E-01
-9.9201393E-01 1.3479077E-01 -1.1257940E+00 -8.5814691E-01 -1.2633690E+00 -7.3313430E-01
-1.1048970E+00 1.3395257E-01 -1.2318280E+00 -9.6744885E-01 -1.3753337E+00 -8.4718191E-01
-1.1782317E+00 1.4328914E-01 -1.3215252E+00 -1.0372319E+00 -1.4625961E+00 -9.0080730E-01
-1.1491209E+00 1.5696044E-01 -1.3008802E+00 -9.8535416E-01 -1.4588826E+00 -8.5014810E-01
-1.0035958E+00 1.6690290E-01 -1.1698211E+00 -8.3781600E-01 -1.3323093E+00 -6.8070848E-01
-7.9579649E-01 1.7720303E-01 -9.6297299E-01 -6.1394486E-01 -1.1551978E+00 -4.5729147E-01
-6.2324333E-01 1.9958710E-01 -8.0294653E-01 -4.1010416E-01 -1.0341407E+00 -2.5007662E-01
-5.7913065E-01 2.2888303E-01 -7.8824354E-01 -3.3569855E-01 -1.0532408E+00 -1.5459906E-01
-7.1256114E-01 2.5268724E-01 -9.4393232E-01 -4.4249998E-01 -1.2347831E+00 -2.4541138E-01
-1.0054009E+00 2.7273844E-01 -1.2543699E+00 -7.1441633E-01 -1.5452133E+00 -4.8367330E-01
-1.3793288E+00 3.1859085E-01 -1.6655213E+00 -1.0301147E+00 -2.0364068E+00 -7.9944805E-01
-1.7424547E+00 4.1840229E-01 -2.1756653E+00 -1.3153270E+00 -2.5510598E+00 -9.4225916E-01
-2.0243299E+00 5.5221534E-01 -2.6768328E+00 -1.5253565E+00 -3.0388866E+00 -9.7306122E-01
-2.1903917E+00 6.7362749E-01 -3.0625089E+00 -1.6511570E+00 -3.3721223E+00 -9.4775112E-01
-2.2458992E+00 7.3214764E-01 -3.1948058E+00 -1.6591675E+00 -3.5000000E+00 -9.5153702E-01
