-1.1601729E+00 2.3395931E-01 -1.3925745E+00 -9.2844050E-01 -1.6189518E+00 -6.9719773E-01
-1.1543078E+00 1.7847021E-01 -1.3315383E+00 -9.7799944E-01 -1.5034941E+00 -8.0209689E-01
-1.1347550E+00 1.1436950E-01 -1.2499497E+00 -1.0208766E+00 -1.3577531E+00 -9.0948962E-01
-1.0951500E+00 1.2172881E-01 -1.2170713E+00 -9.7389558E-01 -1.3367980E+00 -8.6073035E-01
-1.0318507E+00 1.4132581E-01 -1.1710780E+00 -8.9114359E-01 -1.3161419E+00 -7.5879611E-01
-9.5290153E-01 1.3889205E-01 -1.0906646E+00 -8.1440813E-01 -1.2285425E+00 -6.8326232E-01
-8.8481413E-01 1.3710412E-01 -1.0216206E+00 -7.4869225E-01 -1.1575359E+00 -6.2188491E-01
-8.5906519E-01 1.4692118E-01 -1.0044857E+00 -7.1349925E-01 -1.1560044E+00 -5.7848036E-01
-8.9592977E-01 1.6137146E-01 -1.0562342E+00 -7.3635810E-01 -1.2218692E+00 -5.8379864E-01
-9.9370530E-01 1.7910654E-01 -1.1697495E+00 -8.1676674E-01 -1.3537546E+00 -6.5298098E-01
-1.1228959E+00 2.0620512E-01 -1.3097667E+00 -9.0806608E-01 -1.5330290E+00 -7.1977991E-01
-1.2386239E+00 2.4336648E-01 -1.4438024E+00 -9.7839370E-01 -1.7263309E+00 -7.7205727E-01
-1.3018050E+00 2.8675309E-01 -1.5375887E+00 -9.9365554E-01 -1.8791963E+00 -7.6425681E-01
-1.2957985E+00 3.2795070E-01 -1.5540907E+00 -9.4730770E-01 -1.9611400E+00 -6.7579607E-01
-1.2335791E+00 3.6637728E-01 -1.5002581E+00 -8.2953774E-01 -1.9696580E+00 -5.6348160E-01
-1.1456934E+00 4.2197084E-01 -1.4281841E+00 -6.6513171E-01 -2.0068716E+00 -3.9739075E-01
-1.0658807E+00 5.1498132E-01 -1.4286421E+00 -4.6446410E-01 -2.1151234E+00 -1.4982245E-01
-1.0134399E+00 6.4010938E-01 -1.4921060E+00 -2.3853435E-01 -2.2981618E+00 1.2286574E-01
-9.9036992E-01 7.6033696E-01 -1.5827011E+00 -4.4739472E-02 -2.4482247E+00 3.6608803E-01
-9.8594321E-01 8.1986996E-01 -1.6358630E+00 3.7030985E-02 -2.4822618E+00 5.0000000E-01
