-7.8228636E-01 2.3773144E-01 -1.0189117E+00 -5.4370844E-01 -1.2481649E+00 -3.2044264E-01
-7.8680924E-01 1.7867593E-01 -9.6369614E-01 -6.0684146E-01 -1.1379260E+00 -4.4130236E-01
-8.1569905E-01 1.1244843E-01 -9.2681621E-01 -7.0444840E-01 -1.0375409E+00 -5.9560823E-01
-8.8933282E-01 1.1979534E-01 -1.0092545E+00 -7.6905362E-01 -1.1273381E+00 -6.6033214E-01
-1.0037732E+00 1.3632724E-01 -1.1387514E+00 -8.6940384E-01 -1.2742969E+00 -7.3921413E-01
-1.1236080E+00 1.3501408E-01 -1.2588710E+00 -9.8984616E-01 -1.3930516E+00 -8.6333054E-01
-1.1990485E+00 1.3899329E-01 -1.3375916E+00 -1.0626908E+00 -1.4764590E+00 -9.2807892E-01
-1.1968352E+00 1.5084889E-01 -1.3488194E+00 -1.0461399E+00 -1.4968137E+00 -9.0950947E-01
-1.1154520E+00 1.6248732E-01 -1.2765823E+00 -9.5333048E-01 -1.4383004E+00 -8.0116168E-01
-9.8556270E-01 1.7409212E-01 -1.1571442E+00 -8.1311507E-01 -1.3336877E+00 -6.5016808E-01
-8.5461136E-01 1.9121592E-01 -1.0419026E+00 -6.6476667E-01 -1.2462597E+00 -4.9283377E-01
-7.7462175E-01 2.1937557E-01 -9.7242896E-01 -5.4490230E-01 -1.2128691E+00 -3.4789712E-01
-7.8891734E-01 2.4856779E-01 -1.0052760E+00 -5.2170899E-01 -1.2830012E+00 -3.1652333E-01
-9.0804119E-01 2.7118383E-01 -1.1365825E+00 -6.1596196E-01 -1.4499550E+00 -3.9391160E-01
-1.1152479E+00 2.9944309E-01 -1.3615679E+00 -7.9113298E-01 -1.7112294E+00 -5.4962326E-01
-1.3698304E+00 3.6008557E-01 -1.6638295E+00 -9.7017586E-01 -2.0891376E+00 -6.9794426E-01
-1.6187730E+00 4.7406581E-01 -2.0626164E+00 -1.1050081E+00 -2.5765505E+00 -7.4475023E-01
-1.8119377E+00 6.1947908E-01 -2.4663888E+00 -1.1653303E+00 -2.9486042E+00 -5.9959327E-01
-1.9225137E+00 7.4834391E-01 -2.7691729E+00 -1.1904974E+00 -3.3185566E+00 -5.5011523E-01
-1.9577848E+00 8.1024024E-01 -2.9005850E+00 -1.1907269E+00 -3.5000000E+00 -5.5636348E-01
