-7.2306901E-01 2.4137983E-01 -9.6303704E-01 -4.8325665E-01 -1.2042401E+00 -2.5342628E-01
-7.7432661E-01 1.8374715E-01 -9.5557045E-01 -5.9239024E-01 -1.1375505E+00 -4.1575546E-01
-8.8332888E-01 1.1425889E-01 -9.9609058E-01 -7.7115138E-01 -1.1093613E+00 -6.5906104E-01
-1.0026228E+00 1.1945322E-01 -1.1206341E+00 -8.8378027E-01 -1.2437276E+00 -7.7335634E-01
-1.0792621E+00 1.3953181E-01 -1.2115693E+00 -9.3610650E-01 -1.3628938E+00 -8.1257095E-01
-1.0912966E+00 1.4185189E-01 -1.2229688E+00 -9.4329840E-01 -1.3780243E+00 -8.2088447E-01
-1.0604176E+00 1.4156613E-01 -1.2031700E+00 -9.1860661E-01 -1.3413393E+00 -7.9082192E-01
-1.0287733E+00 1.5247736E-01 -1.1790841E+00 -8.7615236E-01 -1.3294986E+00 -7.3200855E-01
-1.0359064E+00 1.7336555E-01 -1.1974926E+00 -8.5471556E-01 -1.3861858E+00 -7.0647368E-01
-1.0925462E+00 1.9450025E-01 -1.2724630E+00 -8.9060538E-01 -1.4934116E+00 -7.2764523E-01
-1.1761333E+00 2.1731403E-01 -1.3703676E+00 -9.4448678E-01 -1.6212177E+00 -7.7537469E-01
-1.2409537E+00 2.4219830E-01 -1.4534948E+00 -9.7853516E-01 -1.7240224E+00 -7.8556481E-01
-1.2459413E+00 2.6811042E-01 -1.4828603E+00 -9.5860497E-01 -1.7759918E+00 -7.3604833E-01
-1.1776052E+00 2.9733992E-01 -1.4209867E+00 -8.5928549E-01 -1.7762987E+00 -6.1067500E-01
-1.0527317E+00 3.3614246E-01 -1.2975597E+00 -6.8903545E-01 -1.7260164E+00 -4.3119675E-01
-9.0244520E-01 3.9734616E-01 -1.1610559E+00 -4.6862045E-01 -1.7136788E+00 -1.8854766E-01
-7.6352288E-01 4.8867505E-01 -1.0688465E+00 -2.1053973E-01 -1.7822479E+00 9.0163186E-02
-6.6293961E-01 6.0590914E-01 -1.0094221E+00 6.3055973E-02 -1.9086187E+00 3.3433489E-01
-6.0934680E-01 7.1562535E-01 -9.3842712E-01 3.2462071E-01 -2.0146525E+00 4.7802024E-01
-5.9536194E-01 7.6742511E-01 -8.5365160E-01 5.0000000E-01 -2.0754182E+00 5.0000000E-01
