-9.5217786E-01 2.3983739E-01 -1.1915965E+00 -7.0826180E-01 -1.4178553E+00 -4.8238482E-01
-9.7172118E-01 1.8169427E-01 -1.1531036E+00 -7.8959971E-01 -1.3275156E+00 -6.1935136E-01
-1.0260541E+00 1.1479457E-01 -1.1340425E+00 -9.0690743E-01 -1.2559118E+00 -8.0717128E-01
-1.0949902E+00 1.2136687E-01 -1.2157204E+00 -9.7493866E-01 -1.3326785E+00 -8.5790819E-01
-1.1478045E+00 1.4104357E-01 -1.2887823E+00 -1.0058799E+00 -1.4276134E+00 -8.7617102E-01
-1.1606832E+00 1.4218859E-01 -1.2964259E+00 -1.0155783E+00 -1.4456177E+00 -8.8568903E-01
-1.1354761E+00 1.4596201E-01 -1.2799106E+00 -9.9038941E-01 -1.4281938E+00 -8.5726565E-01
-1.0946337E+00 1.5565666E-01 -1.2399120E+00 -9.3191269E-01 -1.4143558E+00 -8.0480627E-01
-1.0626036E+00 1.6808351E-01 -1.2180639E+00 -8.8768183E-01 -1.4071090E+00 -7.4645665E-01
-1.0501531E+00 1.8449366E-01 -1.2246205E+00 -8.6086442E-01 -1.4261210E+00 -7.0089278E-01
-1.0491118E+00 2.0397953E-01 -1.2370823E+00 -8.3563726E-01 -1.4697311E+00 -6.6486146E-01
-1.0428762E+00 2.2686161E-01 -1.2497730E+00 -8.0126212E-01 -1.5119271E+00 -6.2325629E-01
-1.0148416E+00 2.5530626E-01 -1.2483515E+00 -7.4118850E-01 -1.5399125E+00 -5.3928928E-01
-9.7165786E-01 2.7739897E-01 -1.2233947E+00 -6.7175691E-01 -1.5469232E+00 -4.6583621E-01
-9.3676927E-01 2.9930524E-01 -1.1841533E+00 -6.0560638E-01 -1.5464274E+00 -3.7331893E-01
-9.2903280E-01 3.5241974E-01 -1.2067433E+00 -5.4033552E-01 -1.6459134E+00 -2.7127175E-01
-9.4830524E-01 4.6198937E-01 -1.3131914E+00 -4.2047238E-01 -1.8787130E+00 -1.0025499E-01
-9.8046020E-01 6.1004283E-01 -1.4690295E+00 -2.5198352E-01 -2.1876631E+00 1.2220594E-01
-1.0061155E+00 7.4655336E-01 -1.6126098E+00 -8.7730034E-02 -2.4217995E+00 3.4178464E-01
-1.0170505E+00 8.1086032E-01 -1.6908003E+00 -2.0413363E-02 -2.4713879E+00 5.0000000E-01
