-1.3939096E+00 2.3401251E-01 -1.6272585E+00 -1.1600207E+00 -1.8496306E+00 -9.3386714E-01
-1.3364672E+00 1.7690808E-01 -1.5122097E+00 -1.1609530E+00 -1.6840162E+00 -9.8766175E-01
-1.2049641E+00 1.1316948E-01 -1.3176666E+00 -1.0929618E+00 -1.4259759E+00 -9.8071476E-01
-1.0506110E+00 1.2122483E-01 -1.1710923E+00 -9.3014170E-01 -1.2901134E+00 -8.1369045E-01
-9.3842428E-01 1.3663665E-01 -1.0744429E+00 -8.0190717E-01 -1.2072756E+00 -6.7243092E-01
-9.0291248E-01 1.3473468E-01 -1.0360326E+00 -7.6873109E-01 -1.1719444E+00 -6.4294558E-01
-9.3073084E-01 1.3355877E-01 -1.0636667E+00 -7.9753791E-01 -1.1915598E+00 -6.6724262E-01
-9.8121656E-01 1.4214640E-01 -1.1220696E+00 -8.3934003E-01 -1.2640799E+00 -7.0785838E-01
-1.0076886E+00 1.5435212E-01 -1.1597550E+00 -8.5476462E-01 -1.3175903E+00 -7.0946612E-01
-9.8951738E-01 1.7032396E-01 -1.1487721E+00 -8.1423610E-01 -1.3342960E+00 -6.6312050E-01
-9.5248829E-01 1.9468444E-01 -1.1266863E+00 -7.4554810E-01 -1.3518837E+00 -5.9169325E-01
-9.4109924E-01 2.3018176E-01 -1.1393163E+00 -6.9462496E-01 -1.4290802E+00 -5.1912376E-01
-9.8936422E-01 2.7178143E-01 -1.2179147E+00 -6.9553912E-01 -1.5360966E+00 -4.7631623E-01
-1.1067449E+00 3.0621234E-01 -1.3505489E+00 -7.6719205E-01 -1.7206934E+00 -5.3693541E-01
-1.2754045E+00 3.3800811E-01 -1.5341628E+00 -9.0818434E-01 -1.9664532E+00 -6.4547216E-01
-1.4648072E+00 3.9091756E-01 -1.7657729E+00 -1.0270514E+00 -2.2606750E+00 -7.4404864E-01
-1.6423571E+00 4.9389815E-01 -2.0963317E+00 -1.1122293E+00 -2.6174734E+00 -6.9409422E-01
-1.7772968E+00 6.3435838E-01 -2.4453150E+00 -1.1311542E+00 -2.9631570E+00 -5.3252376E-01
-1.8563640E+00 7.6223216E-01 -2.6755518E+00 -1.0717570E+00 -3.2992902E+00 -4.6194018E-01
-1.8835188E+00 8.2232602E-01 -2.7711137E+00 -1.0345407E+00 -3.5000000E+00 -4.7576940E-01
