-8.7992761E-01 2.3742835E-01 -1.1176481E+00 -6.4158251E-01 -1.3471925E+00 -4.2223453E-01
-9.1354356E-01 1.8067440E-01 -1.0936459E+00 -7.3307161E-01 -1.2701674E+00 -5.6027983E-01
-9.8510891E-01 1.1502048E-01 -1.0991122E+00 -8.7097733E-01 -1.2092741E+00 -7.5774347E-01
-1.0557527E+00 1.2109504E-01 -1.1772635E+00 -9.3631382E-01 -1.2957899E+00 -8.2110413E-01
-1.0887376E+00 1.4055162E-01 -1.2280102E+00 -9.5103501E-01 -1.3699315E+00 -8.1679845E-01
-1.0806031E+00 1.4393334E-01 -1.2183083E+00 -9.3184298E-01 -1.3662384E+00 -8.0607612E-01
-1.0528691E+00 1.4209543E-01 -1.1953209E+00 -9.1176930E-01 -1.3343312E+00 -7.8146591E-01
-1.0323751E+00 1.4660697E-01 -1.1773949E+00 -8.8732483E-01 -1.3186453E+00 -7.4317577E-01
-1.0304887E+00 1.6243487E-01 -1.1912756E+00 -8.6969543E-01 -1.3589600E+00 -7.1708113E-01
-1.0424524E+00 1.8470923E-01 -1.2090865E+00 -8.4568695E-01 -1.4247857E+00 -6.9822660E-01
-1.0566371E+00 2.0859703E-01 -1.2414637E+00 -8.3304021E-01 -1.4754542E+00 -6.5801551E-01
-1.0629504E+00 2.3386359E-01 -1.2735978E+00 -8.1467624E-01 -1.5489614E+00 -6.3254102E-01
-1.0605385E+00 2.5777259E-01 -1.2939108E+00 -7.8671536E-01 -1.5957142E+00 -5.8316206E-01
-1.0653627E+00 2.7846346E-01 -1.3142206E+00 -7.6796757E-01 -1.6166734E+00 -5.2993520E-01
-1.0898880E+00 3.0945623E-01 -1.3416792E+00 -7.4633814E-01 -1.7147472E+00 -5.1454262E-01
-1.1312319E+00 3.7946569E-01 -1.4300238E+00 -7.0270476E-01 -1.8931766E+00 -4.3386991E-01
-1.1783713E+00 5.0076378E-01 -1.5793442E+00 -5.9794430E-01 -2.1888916E+00 -2.6683276E-01
-1.2200242E+00 6.5401926E-01 -1.7787487E+00 -4.5796743E-01 -2.5165450E+00 -2.4328781E-02
-1.2492714E+00 7.8868507E-01 -1.9641270E+00 -3.3621480E-01 -2.7679864E+00 2.2818263E-01
-1.2601518E+00 8.5079979E-01 -2.0489251E+00 -2.7944686E-01 -2.8489458E+00 3.8784931E-01
