-9.2746096E-01 2.3640767E-01 -1.1605104E+00 -6.9378052E-01 -1.3870743E+00 -4.5295148E-01
-9.3391409E-01 1.7930300E-01 -1.1111568E+00 -7.5630246E-01 -1.2822873E+00 -5.7749395E-01
-9.5978598E-01 1.1375636E-01 -1.0740357E+00 -8.4616437E-01 -1.1814063E+00 -7.3626145E-01
-1.0107460E+00 1.2210985E-01 -1.1320146E+00 -8.8910460E-01 -1.2501171E+00 -7.7142216E-01
-1.0796088E+00 1.4346122E-01 -1.2211171E+00 -9.3794273E-01 -1.3656132E+00 -8.0216817E-01
-1.1354492E+00 1.4640570E-01 -1.2794584E+00 -9.9013427E-01 -1.4313727E+00 -8.5639527E-01
-1.1445223E+00 1.4507947E-01 -1.2900766E+00 -1.0000156E+00 -1.4330228E+00 -8.6620083E-01
-1.0874609E+00 1.5152814E-01 -1.2397223E+00 -9.3575709E-01 -1.3854164E+00 -7.9657358E-01
-9.8060569E-01 1.6629265E-01 -1.1487180E+00 -8.1493661E-01 -1.3104321E+00 -6.6126463E-01
-8.7842185E-01 1.8445533E-01 -1.0467420E+00 -6.8203675E-01 -1.2560882E+00 -5.3612296E-01
-8.3800157E-01 2.0079420E-01 -1.0161384E+00 -6.2562029E-01 -1.2415296E+00 -4.5108459E-01
-8.8840514E-01 2.2243631E-01 -1.0807725E+00 -6.5033185E-01 -1.3346373E+00 -4.6472408E-01
-1.0169456E+00 2.5536269E-01 -1.2332106E+00 -7.3961256E-01 -1.5253672E+00 -5.3336515E-01
-1.1857692E+00 2.9550440E-01 -1.4302371E+00 -8.6592559E-01 -1.7825117E+00 -6.2839356E-01
-1.3479140E+00 3.4980967E-01 -1.6147985E+00 -9.5875804E-01 -2.0710350E+00 -6.9743777E-01
-1.4718901E+00 4.3389513E-01 -1.8042916E+00 -9.7410105E-01 -2.3606581E+00 -6.8637664E-01
-1.5490270E+00 5.5527677E-01 -2.0168851E+00 -9.0918914E-01 -2.6624129E+00 -5.3019737E-01
-1.5893136E+00 6.9649617E-01 -2.2464268E+00 -8.0513710E-01 -2.9839189E+00 -3.1145519E-01
-1.6031568E+00 8.1953945E-01 -2.4334370E+00 -7.0350228E-01 -3.1787810E+00 -6.0933432E-02
-1.6052168E+00 8.7792815E-01 -2.5491563E+00 -6.8293222E-01 -3.3659747E+00 -3.4243298E-02
