-1.2824672E+00 2.4604884E-01 -1.5277658E+00 -1.0373713E+00 -1.7720357E+00 -8.0357413E-01
-1.2240849E+00 1.8464513E-01 -1.4065404E+00 -1.0397641E+00 -1.5879312E+00 -8.6282903E-01
-1.0836892E+00 1.1277425E-01 -1.1946326E+00 -9.7238791E-01 -1.3062373E+00 -8.6250775E-01
-9.1284625E-01 1.1993761E-01 -1.0317812E+00 -7.9397811E-01 -1.1489456E+00 -6.7768530E-01
-7.8702372E-01 1.3869977E-01 -9.2459708E-01 -6.4918874E-01 -1.0587567E+00 -5.1349978E-01
-7.6088230E-01 1.3607073E-01 -8.9468256E-01 -6.2517538E-01 -1.0285313E+00 -4.9251733E-01
-8.4478679E-01 1.3711704E-01 -9.8014707E-01 -7.0871254E-01 -1.1143719E+00 -5.7821359E-01
-1.0096805E+00 1.5107137E-01 -1.1524270E+00 -8.5442902E-01 -1.3132631E+00 -7.2095962E-01
-1.2049239E+00 1.6916419E-01 -1.3647590E+00 -1.0289388E+00 -1.5475233E+00 -8.8494211E-01
-1.3731928E+00 1.9299919E-01 -1.5536344E+00 -1.1734097E+00 -1.7710556E+00 -1.0131783E+00
-1.4658367E+00 2.2771932E-01 -1.6648800E+00 -1.2216683E+00 -1.9256329E+00 -1.0309548E+00
-1.4538481E+00 2.7349308E-01 -1.6795562E+00 -1.1550662E+00 -1.9996477E+00 -9.3543800E-01
-1.3479557E+00 3.1816731E-01 -1.5975261E+00 -9.9859964E-01 -1.9717503E+00 -7.5030366E-01
-1.1942790E+00 3.5196994E-01 -1.4510777E+00 -8.1999809E-01 -1.8907526E+00 -5.3874649E-01
-1.0538321E+00 3.7842485E-01 -1.2983149E+00 -6.5047608E-01 -1.8064218E+00 -3.6394824E-01
-9.6876489E-01 4.2515973E-01 -1.2400704E+00 -5.1148514E-01 -1.8022086E+00 -2.0008828E-01
-9.4327528E-01 5.1934163E-01 -1.2947192E+00 -3.6572852E-01 -1.9994633E+00 -2.3299872E-03
-9.5372018E-01 6.4976411E-01 -1.4116586E+00 -1.7603069E-01 -2.2649311E+00 2.0753801E-01
-9.7133225E-01 7.7338199E-01 -1.5392881E+00 1.7257336E-03 -2.4732439E+00 3.8923820E-01
-9.7812147E-01 8.3247660E-01 -1.6090987E+00 7.5989777E-02 -2.5137002E+00 5.0000000E-01
