-1.1896981E+00 2.3534596E-01 -1.4254344E+00 -9.5278037E-01 -1.6518727E+00 -7.3197813E-01
-1.1808296E+00 1.7982172E-01 -1.3605491E+00 -9.9977308E-01 -1.5359883E+00 -8.3355682E-01
-1.1556234E+00 1.1427057E-01 -1.2693641E+00 -1.0423101E+00 -1.3803442E+00 -9.3153041E-01
-1.1103695E+00 1.1995726E-01 -1.2304016E+00 -9.9209530E-01 -1.3479022E+00 -8.7732210E-01
-1.0439036E+00 1.3908859E-01 -1.1808937E+00 -9.0571648E-01 -1.3209850E+00 -7.7587865E-01
-9.6765801E-01 1.4062400E-01 -1.1066298E+00 -8.2958975E-01 -1.2510098E+00 -6.9656226E-01
-9.1421845E-01 1.3959951E-01 -1.0530731E+00 -7.7575748E-01 -1.1883823E+00 -6.4526996E-01
-9.1607975E-01 1.4728879E-01 -1.0612281E+00 -7.6859771E-01 -1.2052342E+00 -6.2878117E-01
-9.8544131E-01 1.6511533E-01 -1.1432421E+00 -8.1331953E-01 -1.3194697E+00 -6.7536866E-01
-1.0960915E+00 1.8515697E-01 -1.2659046E+00 -8.9840891E-01 -1.4768037E+00 -7.5180427E-01
-1.1937380E+00 2.0968792E-01 -1.3801692E+00 -9.6710003E-01 -1.6344482E+00 -8.0863236E-01
-1.2351794E+00 2.3890111E-01 -1.4447476E+00 -9.7691998E-01 -1.7176363E+00 -7.8129641E-01
-1.2106542E+00 2.6867186E-01 -1.4435685E+00 -9.2181161E-01 -1.7453064E+00 -6.9635058E-01
-1.1407843E+00 2.9632250E-01 -1.3862159E+00 -8.2009128E-01 -1.7250338E+00 -5.8042266E-01
-1.0535558E+00 3.2833580E-01 -1.3076546E+00 -6.9361246E-01 -1.6998974E+00 -4.4398411E-01
-9.7328556E-01 3.8802483E-01 -1.2471669E+00 -5.3926966E-01 -1.7617205E+00 -2.6886149E-01
-9.1878536E-01 4.8798920E-01 -1.2634346E+00 -3.6451912E-01 -1.9392754E+00 -4.6610777E-02
-8.9058406E-01 6.1808575E-01 -1.3279216E+00 -1.4529914E-01 -2.1423267E+00 2.0470371E-01
-8.8553717E-01 7.3727008E-01 -1.3965623E+00 5.6559124E-02 -2.3061344E+00 4.0190137E-01
-8.8781128E-01 7.9392303E-01 -1.4647179E+00 1.1840682E-01 -2.3500665E+00 5.0000000E-01
