-8.1817464E-01 2.3519987E-01 -1.0617440E+00 -5.9665079E-01 -1.2701679E+00 -3.4902264E-01
-8.6737041E-01 1.7940136E-01 -1.0533098E+00 -6.9772291E-01 -1.2105069E+00 -5.0718325E-01
-9.7963455E-01 1.1336813E-01 -1.0927315E+00 -8.6733733E-01 -1.1985391E+00 -7.5219095E-01
-1.1076723E+00 1.2011492E-01 -1.2267683E+00 -9.8745072E-01 -1.3437337E+00 -8.7100349E-01
-1.1891221E+00 1.4108239E-01 -1.3302777E+00 -1.0478892E+00 -1.4645495E+00 -9.1739853E-01
-1.1886276E+00 1.4074781E-01 -1.3289457E+00 -1.0465275E+00 -1.4632801E+00 -9.1761303E-01
-1.1111386E+00 1.3876205E-01 -1.2512901E+00 -9.7283636E-01 -1.3835901E+00 -8.4238584E-01
-9.8933507E-01 1.4911021E-01 -1.1364278E+00 -8.4064117E-01 -1.2817169E+00 -6.9914234E-01
-8.6560412E-01 1.6149435E-01 -1.0270385E+00 -7.0499620E-01 -1.1840703E+00 -5.5275236E-01
-7.9035827E-01 1.7542108E-01 -9.6713495E-01 -6.1625498E-01 -1.1349067E+00 -4.5550693E-01
-8.0197494E-01 1.9766947E-01 -9.8731029E-01 -5.9754575E-01 -1.2036839E+00 -4.3060433E-01
-9.0497428E-01 2.2758563E-01 -1.1047003E+00 -6.5817885E-01 -1.3630355E+00 -4.7058483E-01
-1.0737558E+00 2.5894913E-01 -1.3001221E+00 -7.9507651E-01 -1.5874861E+00 -5.7929657E-01
-1.2638849E+00 2.9799902E-01 -1.5178906E+00 -9.4709261E-01 -1.8563022E+00 -6.9114101E-01
-1.4333055E+00 3.5478473E-01 -1.7014335E+00 -1.0400392E+00 -2.1510398E+00 -7.6771979E-01
-1.5517214E+00 4.4869318E-01 -1.8961979E+00 -1.0378566E+00 -2.4588763E+00 -7.3253881E-01
-1.6137361E+00 5.8278368E-01 -2.1173268E+00 -9.3734632E-01 -2.7690479E+00 -5.4939099E-01
-1.6365423E+00 7.3320410E-01 -2.3741010E+00 -8.1809405E-01 -3.0376715E+00 -2.9267446E-01
-1.6388849E+00 8.6099603E-01 -2.5888960E+00 -7.1768151E-01 -3.2704848E+00 -8.8143826E-02
-1.6378376E+00 9.2122500E-01 -2.6545403E+00 -6.5192297E-01 -3.4312638E+00 -3.0969750E-02
