-1.0574225E+00 2.3505141E-01 -1.2928364E+00 -8.2447779E-01 -1.5241306E+00 -6.0164247E-01
-1.0581552E+00 1.7842648E-01 -1.2372943E+00 -8.8060276E-01 -1.4123138E+00 -7.1659578E-01
-1.0495893E+00 1.1569836E-01 -1.1644275E+00 -9.3541087E-01 -1.2787144E+00 -8.2326962E-01
-1.0204886E+00 1.2448250E-01 -1.1442440E+00 -8.9726071E-01 -1.2710948E+00 -7.8077374E-01
-9.8123599E-01 1.4140026E-01 -1.1235146E+00 -8.3986610E-01 -1.2601127E+00 -7.0984605E-01
-9.6644735E-01 1.4078596E-01 -1.1063519E+00 -8.2606334E-01 -1.2447965E+00 -6.9334230E-01
-1.0073461E+00 1.4401425E-01 -1.1510783E+00 -8.6317266E-01 -1.2915856E+00 -7.3212153E-01
-1.1064365E+00 1.6024577E-01 -1.2668237E+00 -9.4649112E-01 -1.4248807E+00 -8.0263421E-01
-1.2292204E+00 1.7863694E-01 -1.3946911E+00 -1.0436717E+00 -1.5949054E+00 -8.8826114E-01
-1.3201253E+00 2.0013269E-01 -1.5044257E+00 -1.1119615E+00 -1.7365122E+00 -9.4200035E-01
-1.3302555E+00 2.2777616E-01 -1.5351719E+00 -1.0870238E+00 -1.8066113E+00 -9.1052482E-01
-1.2503276E+00 2.6087168E-01 -1.4733175E+00 -9.6428059E-01 -1.7793270E+00 -7.6123002E-01
-1.1113515E+00 2.9195498E-01 -1.3575888E+00 -8.0059537E-01 -1.6964745E+00 -5.5474450E-01
-9.5618907E-01 3.1186023E-01 -1.1986936E+00 -6.2198666E-01 -1.5723809E+00 -3.7400281E-01
-8.2562689E-01 3.2897739E-01 -1.0658789E+00 -4.7264052E-01 -1.4754902E+00 -2.2187775E-01
-7.4365016E-01 3.7700779E-01 -1.0128827E+00 -3.2928417E-01 -1.4975517E+00 -6.0227313E-02
-7.1085268E-01 4.7979737E-01 -1.0454871E+00 -1.6264336E-01 -1.6747748E+00 1.5006579E-01
-7.1595798E-01 6.1460302E-01 -1.1285352E+00 2.6538343E-02 -1.9324128E+00 3.4710736E-01
-7.3477028E-01 7.3240907E-01 -1.1519850E+00 2.4163148E-01 -2.1330332E+00 4.6988990E-01
-7.4454785E-01 7.8811948E-01 -1.2023412E+00 3.1501937E-01 -2.2203485E+00 5.0000000E-01
