-1.2855241E+00 2.3168623E-01 -1.5133097E+00 -1.0571092E+00 -1.7364020E+00 -8.2031315E-01
-1.2312680E+00 1.7580970E-01 -1.4051712E+00 -1.0598909E+00 -1.5754799E+00 -8.7949162E-01
-1.1122346E+00 1.1294224E-01 -1.2248418E+00 -1.0003395E+00 -1.3356808E+00 -8.9339634E-01
-9.8721765E-01 1.2280024E-01 -1.1101895E+00 -8.6596477E-01 -1.2320534E+00 -7.5251442E-01
-9.2005562E-01 1.3980623E-01 -1.0533854E+00 -7.7622737E-01 -1.1999474E+00 -6.4846390E-01
-9.3836856E-01 1.3885832E-01 -1.0787205E+00 -7.9935590E-01 -1.2082673E+00 -6.6994648E-01
-1.0188844E+00 1.4037367E-01 -1.1573176E+00 -8.7979202E-01 -1.3012462E+00 -7.4940045E-01
-1.1066241E+00 1.5206009E-01 -1.2480451E+00 -9.4823770E-01 -1.4156047E+00 -8.2005032E-01
-1.1563723E+00 1.6819866E-01 -1.3129818E+00 -9.8202330E-01 -1.5039709E+00 -8.3901148E-01
-1.1546743E+00 1.8984302E-01 -1.3247811E+00 -9.5473941E-01 -1.5315780E+00 -7.8747025E-01
-1.1134434E+00 2.1955976E-01 -1.3079628E+00 -8.8127921E-01 -1.5497843E+00 -6.9205858E-01
-1.0594671E+00 2.4875379E-01 -1.2723386E+00 -7.9320196E-01 -1.5597461E+00 -5.8726477E-01
-1.0199657E+00 2.7292492E-01 -1.2536832E+00 -7.2636785E-01 -1.5631936E+00 -4.9854586E-01
-1.0091742E+00 2.9620195E-01 -1.2682936E+00 -6.9306211E-01 -1.5984947E+00 -4.4060967E-01
-1.0286358E+00 3.2970917E-01 -1.2931635E+00 -6.7107611E-01 -1.6946639E+00 -4.0623642E-01
-1.0720480E+00 3.9471662E-01 -1.3631659E+00 -6.2966822E-01 -1.8867586E+00 -3.4781227E-01
-1.1255088E+00 5.1231094E-01 -1.5132572E+00 -5.3775124E-01 -2.1804222E+00 -1.8653622E-01
-1.1761046E+00 6.6444861E-01 -1.7067139E+00 -3.8573165E-01 -2.5122223E+00 2.7994923E-02
-1.2130542E+00 7.9956701E-01 -1.8817436E+00 -2.4519897E-01 -2.7675776E+00 2.5594186E-01
-1.2271553E+00 8.6188517E-01 -1.9728054E+00 -1.8897900E-01 -2.8537817E+00 4.1151050E-01
