-6.8986146E-01 2.3606207E-01 -9.2669821E-01 -4.5846042E-01 -1.1561510E+00 -2.3418944E-01
-7.3734038E-01 1.8096082E-01 -9.1866971E-01 -5.5622092E-01 -1.0936977E+00 -3.8686253E-01
-8.4480637E-01 1.1803887E-01 -9.6366133E-01 -7.2662732E-01 -1.0767455E+00 -6.1732291E-01
-9.7034866E-01 1.2277909E-01 -1.0906942E+00 -8.4855914E-01 -1.2150764E+00 -7.3130369E-01
-1.0655342E+00 1.3776582E-01 -1.2014542E+00 -9.3068821E-01 -1.3364513E+00 -7.9446148E-01
-1.1029288E+00 1.4187191E-01 -1.2414385E+00 -9.6395412E-01 -1.3906403E+00 -8.3353422E-01
-1.0942574E+00 1.4842449E-01 -1.2310141E+00 -9.3978930E-01 -1.3958118E+00 -8.1371921E-01
-1.0713796E+00 1.5897851E-01 -1.2189882E+00 -9.0731438E-01 -1.3992554E+00 -7.6950425E-01
-1.0679303E+00 1.7474691E-01 -1.2317777E+00 -8.8573716E-01 -1.4247428E+00 -7.4195609E-01
-1.0965818E+00 1.9483533E-01 -1.2687566E+00 -8.9064712E-01 -1.5027801E+00 -7.4117816E-01
-1.1405282E+00 2.2065230E-01 -1.3271702E+00 -8.9983399E-01 -1.5797145E+00 -7.2696758E-01
-1.1683129E+00 2.4863791E-01 -1.3791139E+00 -9.0234247E-01 -1.6685284E+00 -6.9344423E-01
-1.1578118E+00 2.7896586E-01 -1.3811889E+00 -8.6101078E-01 -1.7231054E+00 -6.2106385E-01
-1.0991556E+00 3.1630841E-01 -1.3132038E+00 -7.6707492E-01 -1.7363099E+00 -5.1539052E-01
-1.0043961E+00 3.6698555E-01 -1.2117648E+00 -6.2264683E-01 -1.7237327E+00 -3.6604293E-01
-8.9390575E-01 4.3940747E-01 -1.1235001E+00 -4.3216000E-01 -1.7722923E+00 -1.5757942E-01
-7.9177434E-01 5.3488704E-01 -1.0772518E+00 -2.1134968E-01 -1.8908722E+00 1.1221518E-01
-7.1884309E-01 6.4797568E-01 -1.0620421E+00 4.3041319E-02 -2.0324662E+00 3.4341255E-01
-6.8151497E-01 7.5100072E-01 -1.0311670E+00 2.9393049E-01 -2.1500137E+00 4.7736181E-01
-6.7055669E-01 8.0132780E-01 -9.8582254E-01 4.5288210E-01 -2.2135686E+00 5.0000000E-01
