-1.0882442E+00 2.3812807E-01 -1.3259480E+00 -8.5474623E-01 -1.5651970E+00 -6.2799945E-01
-1.0663439E+00 1.7816440E-01 -1.2420363E+00 -8.9096156E-01 -1.4276978E+00 -7.2433121E-01
-1.0195364E+00 1.1378359E-01 -1.1330761E+00 -9.0482614E-01 -1.2428398E+00 -7.9887658E-01
-9.7090612E-01 1.2192241E-01 -1.0918758E+00 -8.5048639E-01 -1.2154386E+00 -7.3601615E-01
-9.4782807E-01 1.3754719E-01 -1.0846336E+00 -8.1233261E-01 -1.2198897E+00 -6.8102910E-01
-9.5926715E-01 1.3829343E-01 -1.0959506E+00 -8.2157056E-01 -1.2329622E+00 -6.9060523E-01
-9.8814686E-01 1.4063900E-01 -1.1273402E+00 -8.4764036E-01 -1.2659634E+00 -7.1340306E-01
-1.0088047E+00 1.5173447E-01 -1.1591529E+00 -8.5767077E-01 -1.3120319E+00 -7.1553035E-01
-1.0066587E+00 1.6646210E-01 -1.1750261E+00 -8.4020017E-01 -1.3404579E+00 -6.9251152E-01
-9.8847487E-01 1.8104958E-01 -1.1670740E+00 -8.0835978E-01 -1.3534755E+00 -6.4280216E-01
-9.7791317E-01 2.0059182E-01 -1.1597101E+00 -7.6108172E-01 -1.3891707E+00 -6.1154458E-01
-9.9488456E-01 2.2861377E-01 -1.1927934E+00 -7.4736423E-01 -1.4548472E+00 -5.6064613E-01
-1.0508104E+00 2.5969244E-01 -1.2777310E+00 -7.7040903E-01 -1.5678792E+00 -5.5594896E-01
-1.1354922E+00 2.8886656E-01 -1.3850688E+00 -8.2362339E-01 -1.7144071E+00 -5.8599835E-01
-1.2290835E+00 3.2641392E-01 -1.4843961E+00 -8.6914269E-01 -1.9012758E+00 -6.2385010E-01
-1.3096516E+00 3.9912757E-01 -1.6132256E+00 -8.6354609E-01 -2.1318962E+00 -5.7584204E-01
-1.3680232E+00 5.2418414E-01 -1.7906164E+00 -7.6763459E-01 -2.4330937E+00 -3.9932972E-01
-1.4064396E+00 6.7562027E-01 -2.0039368E+00 -6.3064177E-01 -2.8104383E+00 -2.0388488E-01
-1.4281887E+00 8.0467379E-01 -2.1792888E+00 -5.0561701E-01 -3.0663154E+00 3.8440368E-02
-1.4342955E+00 8.6485149E-01 -2.2545674E+00 -4.4359758E-01 -3.1744735E+00 1.5327784E-01
