-8.3746178E-01 2.3477182E-01 -1.0670872E+00 -6.0737871E-01 -1.3064174E+00 -3.7653323E-01
-8.3819044E-01 1.7656964E-01 -1.0110504E+00 -6.6357606E-01 -1.1898860E+00 -4.9219076E-01
-8.5152129E-01 1.1189236E-01 -9.6197959E-01 -7.4012526E-01 -1.0769436E+00 -6.3581632E-01
-8.7829007E-01 1.1947974E-01 -9.9640612E-01 -7.6031152E-01 -1.1157831E+00 -6.4480644E-01
-9.1347359E-01 1.3406382E-01 -1.0460750E+00 -7.7919278E-01 -1.1785577E+00 -6.5347143E-01
-9.5053578E-01 1.3528316E-01 -1.0850934E+00 -8.1571996E-01 -1.2150616E+00 -6.8760159E-01
-9.8648055E-01 1.3743384E-01 -1.1229639E+00 -8.5264419E-01 -1.2618943E+00 -7.1986086E-01
-1.0144452E+00 1.4559688E-01 -1.1510181E+00 -8.6304488E-01 -1.3098178E+00 -7.3900632E-01
-1.0261004E+00 1.5753513E-01 -1.1742636E+00 -8.6288186E-01 -1.3413743E+00 -7.2440614E-01
-1.0183226E+00 1.7421555E-01 -1.1880674E+00 -8.4529468E-01 -1.3710054E+00 -6.9016715E-01
-1.0065274E+00 2.0071123E-01 -1.1885856E+00 -7.9793307E-01 -1.4268864E+00 -6.2895019E-01
-1.0208192E+00 2.3350549E-01 -1.2263444E+00 -7.7298125E-01 -1.4895412E+00 -5.7107888E-01
-1.0877731E+00 2.6668726E-01 -1.3126157E+00 -7.9904082E-01 -1.6226089E+00 -5.8515193E-01
-1.2086270E+00 2.9785432E-01 -1.4557506E+00 -8.9353961E-01 -1.8021150E+00 -6.4064124E-01
-1.3628488E+00 3.4052053E-01 -1.6269062E+00 -9.8814887E-01 -2.0469307E+00 -7.2727780E-01
-1.5202783E+00 4.1574164E-01 -1.8507391E+00 -1.0502205E+00 -2.3570281E+00 -7.5978664E-01
-1.6564631E+00 5.3738442E-01 -2.1556648E+00 -1.0639321E+00 -2.7541936E+00 -6.7898531E-01
-1.7523957E+00 6.8777849E-01 -2.4866255E+00 -1.0303680E+00 -3.0221385E+00 -4.2567846E-01
-1.8070350E+00 8.2094010E-01 -2.7563992E+00 -1.0020339E+00 -3.3239557E+00 -3.0296201E-01
-1.8258220E+00 8.8374220E-01 -2.8723404E+00 -9.8283480E-01 -3.5000000E+00 -2.9285144E-01
