-9.9080307E-01 2.3614381E-01 -1.2238971E+00 -7.5906530E-01 -1.4657805E+00 -5.3330347E-01
-1.0005526E+00 1.7993811E-01 -1.1785986E+00 -8.2127857E-01 -1.3567263E+00 -6.5089704E-01
-1.0284550E+00 1.1487892E-01 -1.1419211E+00 -9.1432451E-01 -1.2532130E+00 -8.0446342E-01
-1.0678119E+00 1.2349461E-01 -1.1923787E+00 -9.4519960E-01 -1.3121005E+00 -8.3000475E-01
-1.1019522E+00 1.4101178E-01 -1.2421004E+00 -9.6196761E-01 -1.3772942E+00 -8.2358386E-01
-1.1173720E+00 1.4260744E-01 -1.2595643E+00 -9.7473176E-01 -1.4001160E+00 -8.4252487E-01
-1.1066283E+00 1.4450198E-01 -1.2516328E+00 -9.6368858E-01 -1.3921453E+00 -8.2935057E-01
-1.0817268E+00 1.5599628E-01 -1.2255237E+00 -9.1416251E-01 -1.3955602E+00 -7.8876780E-01
-1.0586118E+00 1.7261955E-01 -1.2175699E+00 -8.7736580E-01 -1.4125854E+00 -7.3329145E-01
-1.0458377E+00 1.9252484E-01 -1.2223335E+00 -8.4697625E-01 -1.4426946E+00 -6.8113977E-01
-1.0481026E+00 2.1830139E-01 -1.2444805E+00 -8.1676086E-01 -1.4985433E+00 -6.4284434E-01
-1.0628762E+00 2.4190599E-01 -1.2837063E+00 -8.1367714E-01 -1.5389430E+00 -5.9232595E-01
-1.0790651E+00 2.5811228E-01 -1.3037965E+00 -8.1069572E-01 -1.5974345E+00 -5.7349693E-01
-1.0789976E+00 2.7938498E-01 -1.3088392E+00 -7.7765348E-01 -1.6531649E+00 -5.5129983E-01
-1.0399402E+00 3.2232489E-01 -1.2832487E+00 -6.8575160E-01 -1.6931555E+00 -4.3989754E-01
-9.6495774E-01 3.9720723E-01 -1.2353176E+00 -5.2410055E-01 -1.7818752E+00 -2.4932774E-01
-8.8371784E-01 5.0575013E-01 -1.1969719E+00 -3.0115449E-01 -1.9531296E+00 -8.1457503E-03
-8.2316415E-01 6.3483127E-01 -1.2045650E+00 -5.1079535E-02 -2.1390676E+00 2.5182183E-01
-7.9114304E-01 7.4829963E-01 -1.2032086E+00 2.0223940E-01 -2.2691916E+00 4.3556047E-01
-7.8266712E-01 8.0121370E-01 -1.2485340E+00 2.8785251E-01 -2.3091768E+00 5.0000000E-01
