-8.8937679E-01 2.4164151E-01 -1.1320623E+00 -6.4820264E-01 -1.3565255E+00 -4.1239081E-01
-9.2760305E-01 1.8096416E-01 -1.1087069E+00 -7.4728977E-01 -1.2824083E+00 -5.7400110E-01
-1.0062408E+00 1.1380676E-01 -1.1149592E+00 -8.8830385E-01 -1.2358206E+00 -7.9051064E-01
-1.0858424E+00 1.2357963E-01 -1.2078674E+00 -9.6145378E-01 -1.3308929E+00 -8.4794713E-01
-1.1240721E+00 1.4114118E-01 -1.2599785E+00 -9.7816616E-01 -1.4052286E+00 -8.5265618E-01
-1.1066959E+00 1.4175176E-01 -1.2465447E+00 -9.6516649E-01 -1.3879100E+00 -8.3149720E-01
-1.0556553E+00 1.4086970E-01 -1.1865437E+00 -9.0822924E-01 -1.3402820E+00 -7.8548349E-01
-1.0072912E+00 1.4995189E-01 -1.1554718E+00 -8.5990603E-01 -1.3102038E+00 -7.1890111E-01
-9.8468420E-01 1.6437415E-01 -1.1487827E+00 -8.2218313E-01 -1.3122952E+00 -6.6779017E-01
-9.9155648E-01 1.7799689E-01 -1.1582008E+00 -8.0272630E-01 -1.3509754E+00 -6.5717261E-01
-1.0183269E+00 1.9634136E-01 -1.1973374E+00 -8.1338615E-01 -1.4253367E+00 -6.5707686E-01
-1.0465040E+00 2.3121847E-01 -1.2514548E+00 -7.9644878E-01 -1.5221162E+00 -6.2711374E-01
-1.0669577E+00 2.6895563E-01 -1.3021486E+00 -7.7683945E-01 -1.6053860E+00 -5.5946182E-01
-1.0843687E+00 2.9862119E-01 -1.3342544E+00 -7.6319396E-01 -1.6856992E+00 -5.1254816E-01
-1.1129984E+00 3.2610545E-01 -1.3708704E+00 -7.6124075E-01 -1.7820515E+00 -4.9478105E-01
-1.1630925E+00 3.8108346E-01 -1.4497120E+00 -7.3876313E-01 -1.9509663E+00 -4.6185934E-01
-1.2285702E+00 4.8900571E-01 -1.6244233E+00 -6.6226450E-01 -2.2076691E+00 -3.3015749E-01
-1.2936879E+00 6.3547886E-01 -1.8640993E+00 -5.6489745E-01 -2.5416477E+00 -1.2130938E-01
-1.3406681E+00 7.6901773E-01 -2.0722117E+00 -4.7779019E-01 -2.8306700E+00 1.1043687E-01
-1.3577916E+00 8.3138878E-01 -2.1640309E+00 -4.3540394E-01 -2.9637224E+00 2.4470601E-01
