-7.9501721E-01 2.3953863E-01 -1.0339377E+00 -5.5387971E-01 -1.2661676E+00 -3.3107270E-01
-8.0569197E-01 1.8106824E-01 -9.8732437E-01 -6.2602251E-01 -1.1584088E+00 -4.5288145E-01
-8.3501116E-01 1.1442778E-01 -9.4887262E-01 -7.2130304E-01 -1.0581994E+00 -6.0710239E-01
-8.8656886E-01 1.1995387E-01 -1.0060962E+00 -7.6760705E-01 -1.1210878E+00 -6.5006105E-01
-9.6276303E-01 1.3941684E-01 -1.0994596E+00 -8.2648108E-01 -1.2374690E+00 -6.8419992E-01
-1.0581184E+00 1.4354547E-01 -1.2015874E+00 -9.1679266E-01 -1.3383158E+00 -7.7640844E-01
-1.1563364E+00 1.4578735E-01 -1.3018499E+00 -1.0107157E+00 -1.4460414E+00 -8.7692493E-01
-1.2219435E+00 1.5504142E-01 -1.3768274E+00 -1.0669324E+00 -1.5283896E+00 -9.2246428E-01
-1.2190312E+00 1.6690471E-01 -1.3769248E+00 -1.0452943E+00 -1.5565223E+00 -9.0136743E-01
-1.1333721E+00 1.8400630E-01 -1.2995747E+00 -9.4075222E-01 -1.5187613E+00 -7.8755271E-01
-9.8936359E-01 2.0426071E-01 -1.1703315E+00 -7.7070503E-01 -1.4199144E+00 -6.1415048E-01
-8.4611214E-01 2.2753479E-01 -1.0436781E+00 -6.0098812E-01 -1.3032457E+00 -4.1298620E-01
-7.6769962E-01 2.5140587E-01 -9.9052575E-01 -4.9970490E-01 -1.2694072E+00 -2.8342285E-01
-7.8583572E-01 2.6781533E-01 -1.0230189E+00 -4.9986642E-01 -1.3428843E+00 -2.8904589E-01
-8.9734784E-01 2.8644278E-01 -1.1384699E+00 -5.8635961E-01 -1.4796505E+00 -3.5715859E-01
-1.0716916E+00 3.4526510E-01 -1.3555775E+00 -6.8831155E-01 -1.7771303E+00 -4.3366660E-01
-1.2622480E+00 4.6962541E-01 -1.6738359E+00 -7.4039545E-01 -2.2471409E+00 -4.1612678E-01
-1.4230421E+00 6.3038944E-01 -2.0163064E+00 -7.2487157E-01 -2.6857075E+00 -2.4422925E-01
-1.5256134E+00 7.7052045E-01 -2.2858759E+00 -6.8380655E-01 -3.0388103E+00 -6.6302714E-02
-1.5615881E+00 8.3443364E-01 -2.4025310E+00 -6.5724161E-01 -3.1908678E+00 3.5453686E-02
