-7.3874445E-01 2.2948937E-01 -9.5678645E-01 -5.0310020E-01 -1.1935400E+00 -2.9613721E-01
-7.6345915E-01 1.7513608E-01 -9.3927554E-01 -5.9081970E-01 -1.1061152E+00 -4.2331872E-01
-8.3608649E-01 1.1197784E-01 -9.4846318E-01 -7.2512580E-01 -1.0545878E+00 -6.1631770E-01
-9.5156255E-01 1.2093429E-01 -1.0714915E+00 -8.3137140E-01 -1.1873072E+00 -7.1311534E-01
-1.0760296E+00 1.3968739E-01 -1.2129542E+00 -9.3901779E-01 -1.3572833E+00 -8.0308154E-01
-1.1647026E+00 1.4158257E-01 -1.3050237E+00 -1.0252649E+00 -1.4523486E+00 -8.9355915E-01
-1.1733908E+00 1.4548467E-01 -1.3173642E+00 -1.0279509E+00 -1.4656364E+00 -8.9553955E-01
-1.0907413E+00 1.5242131E-01 -1.2430644E+00 -9.3868738E-01 -1.3944969E+00 -7.9613548E-01
-9.5238976E-01 1.6268623E-01 -1.1118677E+00 -7.9129949E-01 -1.2812886E+00 -6.3966893E-01
-8.1899491E-01 1.7457410E-01 -9.7924897E-01 -6.3911647E-01 -1.1773178E+00 -4.8864646E-01
-7.4373169E-01 1.9054696E-01 -9.1473905E-01 -5.4624830E-01 -1.1408881E+00 -3.8464903E-01
-7.5723431E-01 2.1498632E-01 -9.5304756E-01 -5.3426498E-01 -1.1831700E+00 -3.3767927E-01
-8.6123349E-01 2.4500091E-01 -1.0803681E+00 -6.0320392E-01 -1.3490317E+00 -3.8776365E-01
-1.0370795E+00 2.7522315E-01 -1.2697199E+00 -7.3680568E-01 -1.5871219E+00 -5.1378771E-01
-1.2557135E+00 3.1622751E-01 -1.5053493E+00 -9.0556356E-01 -1.9022025E+00 -6.6551420E-01
-1.4796697E+00 3.8925119E-01 -1.7964062E+00 -1.0409788E+00 -2.2588013E+00 -7.6348731E-01
-1.6723107E+00 5.0500496E-01 -2.1503894E+00 -1.1263939E+00 -2.6917833E+00 -7.3934003E-01
-1.8089170E+00 6.4701002E-01 -2.4923248E+00 -1.1326737E+00 -3.0332406E+00 -5.8368978E-01
-1.8850117E+00 7.7161534E-01 -2.7690754E+00 -1.1325745E+00 -3.3246514E+00 -4.7041942E-01
-1.9086461E+00 8.2950404E-01 -2.8771079E+00 -1.1164937E+00 -3.5000000E+00 -4.7860337E-01
