-1.1350732E+00 2.3530692E-01 -1.3688714E+00 -9.0193276E-01 -1.5949284E+00 -6.7589526E-01
-1.1382466E+00 1.7944734E-01 -1.3184663E+00 -9.6002643E-01 -1.4884449E+00 -7.8814171E-01
-1.1360364E+00 1.1501427E-01 -1.2510783E+00 -1.0216880E+00 -1.3615220E+00 -9.1409430E-01
-1.1092361E+00 1.2073531E-01 -1.2283675E+00 -9.8849120E-01 -1.3444189E+00 -8.6970493E-01
-1.0422689E+00 1.3521251E-01 -1.1752821E+00 -9.0745655E-01 -1.3101366E+00 -7.7853312E-01
-9.4301641E-01 1.3360234E-01 -1.0757312E+00 -8.1104138E-01 -1.2061675E+00 -6.8328081E-01
-8.4520548E-01 1.3751088E-01 -9.8192651E-01 -7.0936706E-01 -1.1162609E+00 -5.7636827E-01
-7.9882668E-01 1.4986671E-01 -9.4110051E-01 -6.4281593E-01 -1.1010686E+00 -5.1477838E-01
-8.3724843E-01 1.5943638E-01 -9.9449938E-01 -6.7956352E-01 -1.1592396E+00 -5.3226590E-01
-9.4904836E-01 1.7343408E-01 -1.1105310E+00 -7.6872851E-01 -1.3018194E+00 -6.2045887E-01
-1.0869538E+00 2.0056365E-01 -1.2672408E+00 -8.7295155E-01 -1.5050653E+00 -7.1453368E-01
-1.2016001E+00 2.3587111E-01 -1.4128926E+00 -9.4780594E-01 -1.6875452E+00 -7.6807851E-01
-1.2651429E+00 2.7284763E-01 -1.5079639E+00 -9.6854645E-01 -1.8299457E+00 -7.6747539E-01
-1.2772731E+00 3.0385623E-01 -1.5385886E+00 -9.5576407E-01 -1.8816891E+00 -6.9460247E-01
-1.2625010E+00 3.4038239E-01 -1.5204074E+00 -8.8526443E-01 -1.9504607E+00 -6.3410449E-01
-1.2465621E+00 4.0730592E-01 -1.5410400E+00 -7.8524453E-01 -2.0748253E+00 -5.0795630E-01
-1.2384910E+00 5.2171725E-01 -1.6469952E+00 -6.3768276E-01 -2.2969520E+00 -2.8530674E-01
-1.2325148E+00 6.6930218E-01 -1.7916572E+00 -4.4292868E-01 -2.5654400E+00 -1.8581806E-02
-1.2247297E+00 8.0179485E-01 -1.9402929E+00 -2.8385173E-01 -2.7720849E+00 2.5159013E-01
-1.2203180E+00 8.6472945E-01 -2.0099448E+00 -2.1058762E-01 -2.8068056E+00 4.4993650E-01
