-1.0848278E+00 2.3877135E-01 -1.3226518E+00 -8.4567661E-01 -1.5604290E+00 -6.2471627E-01
-1.0800937E+00 1.8085679E-01 -1.2602214E+00 -9.0123109E-01 -1.4378988E+00 -7.2991309E-01
-1.0651181E+00 1.1526035E-01 -1.1786621E+00 -9.5067000E-01 -1.2922818E+00 -8.3840815E-01
-1.0402690E+00 1.2284132E-01 -1.1611113E+00 -9.1812613E-01 -1.2810867E+00 -7.9967032E-01
-1.0109493E+00 1.3969586E-01 -1.1513217E+00 -8.7296099E-01 -1.2864606E+00 -7.3811768E-01
-9.9665350E-01 1.3778362E-01 -1.1279824E+00 -8.5265023E-01 -1.2722301E+00 -7.3491843E-01
-1.0135805E+00 1.4074564E-01 -1.1489242E+00 -8.6751925E-01 -1.2964620E+00 -7.4550777E-01
-1.0626909E+00 1.5698226E-01 -1.2120121E+00 -9.0061213E-01 -1.3818284E+00 -7.6446399E-01
-1.1252908E+00 1.7504779E-01 -1.2863496E+00 -9.4112793E-01 -1.4869093E+00 -7.9880209E-01
-1.1725659E+00 1.9402309E-01 -1.3611492E+00 -9.8095565E-01 -1.5704626E+00 -8.0798461E-01
-1.1857448E+00 2.1900903E-01 -1.3867009E+00 -9.5645319E-01 -1.6169438E+00 -7.6457903E-01
-1.1695677E+00 2.4566491E-01 -1.3874377E+00 -9.0778467E-01 -1.6593915E+00 -6.9771250E-01
-1.1397432E+00 2.6845541E-01 -1.3806494E+00 -8.5823868E-01 -1.6759952E+00 -6.2123744E-01
-1.0988775E+00 2.8626338E-01 -1.3409362E+00 -7.9186893E-01 -1.6763018E+00 -5.5592197E-01
-1.0461283E+00 3.1537450E-01 -1.2877840E+00 -6.9823449E-01 -1.6922858E+00 -4.5787064E-01
-9.8165694E-01 3.8879372E-01 -1.2490427E+00 -5.3767881E-01 -1.7907052E+00 -2.7644010E-01
-9.1529329E-01 5.1296394E-01 -1.2513801E+00 -3.1486054E-01 -1.9931581E+00 -2.0368764E-02
-8.5634770E-01 6.5811491E-01 -1.2605190E+00 -4.2803497E-02 -2.2040448E+00 2.5152518E-01
-8.1855584E-01 7.8015284E-01 -1.2311345E+00 2.3534997E-01 -2.3548155E+00 4.4505313E-01
-8.0647415E-01 8.3735840E-01 -1.2384211E+00 3.5443298E-01 -2.4096726E+00 5.0000000E-01
