-1.1293242E+00 2.3977954E-01 -1.3665173E+00 -8.9184117E-01 -1.6007901E+00 -6.5962496E-01
-1.0843772E+00 1.8138116E-01 -1.2666307E+00 -9.0393231E-01 -1.4394509E+00 -7.3111303E-01
-9.9125491E-01 1.1449660E-01 -1.1059082E+00 -8.7730272E-01 -1.2174475E+00 -7.7152589E-01
-9.0511393E-01 1.2338493E-01 -1.0279773E+00 -7.8253620E-01 -1.1461759E+00 -6.6236920E-01
-8.8185690E-01 1.4232325E-01 -1.0228641E+00 -7.3914942E-01 -1.1590396E+00 -6.0121969E-01
-9.3809780E-01 1.4098947E-01 -1.0789741E+00 -7.9835237E-01 -1.2149957E+00 -6.6299500E-01
-1.0451381E+00 1.3962200E-01 -1.1840122E+00 -9.0632995E-01 -1.3245657E+00 -7.7670951E-01
-1.1500376E+00 1.4806718E-01 -1.2960023E+00 -1.0032264E+00 -1.4443049E+00 -8.6282948E-01
-1.2079064E+00 1.6153295E-01 -1.3667520E+00 -1.0474493E+00 -1.5276912E+00 -8.9298322E-01
-1.1940520E+00 1.8155149E-01 -1.3638731E+00 -1.0059913E+00 -1.5622184E+00 -8.5106579E-01
-1.1158301E+00 2.1100811E-01 -1.3003945E+00 -8.8989672E-01 -1.5571027E+00 -7.2709922E-01
-1.0121095E+00 2.4420280E-01 -1.2221306E+00 -7.5106401E-01 -1.4970675E+00 -5.4778768E-01
-9.3026140E-01 2.7294592E-01 -1.1584861E+00 -6.3909916E-01 -1.4754070E+00 -4.1097293E-01
-9.0894072E-01 2.9278164E-01 -1.1410216E+00 -5.9262849E-01 -1.4988456E+00 -3.5701873E-01
-9.5922587E-01 3.1305912E-01 -1.1936354E+00 -6.1854475E-01 -1.5903573E+00 -3.7003647E-01
-1.0621652E+00 3.6753076E-01 -1.3360304E+00 -6.5182414E-01 -1.8114270E+00 -3.8491450E-01
-1.1828480E+00 4.7946994E-01 -1.5748147E+00 -6.3940043E-01 -2.1532360E+00 -3.0070168E-01
-1.2854092E+00 6.2762784E-01 -1.8493525E+00 -5.7713737E-01 -2.5326615E+00 -1.1767796E-01
-1.3500714E+00 7.6293189E-01 -2.0828060E+00 -5.0956869E-01 -2.8359875E+00 1.0466434E-01
-1.3731900E+00 8.2656702E-01 -2.1790089E+00 -4.6676686E-01 -2.9807169E+00 2.2559146E-01
