-1.2079806E+00 2.3856883E-01 -1.4448941E+00 -9.6972669E-01 -1.6759105E+00 -7.3867943E-01
-1.1848844E+00 1.8200243E-01 -1.3672383E+00 -1.0030046E+00 -1.5388451E+00 -8.2579142E-01
-1.1207414E+00 1.1727819E-01 -1.2383909E+00 -1.0044523E+00 -1.3509232E+00 -8.9013841E-01
-1.0253235E+00 1.2189570E-01 -1.1500157E+00 -9.0534619E-01 -1.2623044E+00 -7.8790032E-01
-9.2521052E-01 1.3869215E-01 -1.0625709E+00 -7.8515533E-01 -1.2000051E+00 -6.5783892E-01
-8.5793183E-01 1.3965707E-01 -9.9638897E-01 -7.1882049E-01 -1.1390976E+00 -5.9064087E-01
-8.5993919E-01 1.3889547E-01 -9.9754023E-01 -7.2189902E-01 -1.1384705E+00 -5.9196334E-01
-9.4103679E-01 1.4692729E-01 -1.0868981E+00 -7.9611062E-01 -1.2372768E+00 -6.5974327E-01
-1.0742448E+00 1.6858961E-01 -1.2338711E+00 -8.9999011E-01 -1.4148215E+00 -7.5359419E-01
-1.2048623E+00 1.9534463E-01 -1.3948705E+00 -1.0115110E+00 -1.6005736E+00 -8.3529622E-01
-1.2812479E+00 2.2375940E-01 -1.4780741E+00 -1.0452083E+00 -1.7307905E+00 -8.5367428E-01
-1.2772388E+00 2.5628522E-01 -1.4898071E+00 -9.9824281E-01 -1.7901312E+00 -7.8743174E-01
-1.2023740E+00 2.9273249E-01 -1.4480538E+00 -8.8491919E-01 -1.7882779E+00 -6.4654947E-01
-1.0979408E+00 3.2239109E-01 -1.3632569E+00 -7.5445447E-01 -1.7347992E+00 -4.9039857E-01
-1.0139283E+00 3.4307134E-01 -1.2710471E+00 -6.4578069E-01 -1.6894195E+00 -3.8833812E-01
-9.8060367E-01 3.8118210E-01 -1.2534247E+00 -5.6451289E-01 -1.7254357E+00 -3.0292118E-01
-1.0009833E+00 4.7576640E-01 -1.3586593E+00 -4.7009400E-01 -1.9475665E+00 -1.3612297E-01
-1.0519296E+00 6.1552858E-01 -1.5570127E+00 -3.4493956E-01 -2.2572988E+00 9.0832818E-02
-1.0962462E+00 7.4422508E-01 -1.7379142E+00 -2.2544023E-01 -2.5117722E+00 3.0120529E-01
-1.1140828E+00 8.0485948E-01 -1.8196562E+00 -1.7138136E-01 -2.5837547E+00 4.5912202E-01
