-8.0052287E-01 2.3688918E-01 -1.0345137E+00 -5.6679050E-01 -1.2605526E+00 -3.2881994E-01
-8.2809577E-01 1.8005100E-01 -1.0060902E+00 -6.4824619E-01 -1.1801448E+00 -4.7448501E-01
-8.9015909E-01 1.1629198E-01 -1.0057757E+00 -7.7482914E-01 -1.1197024E+00 -6.6531377E-01
-9.6312927E-01 1.2180652E-01 -1.0844037E+00 -8.4167848E-01 -1.2003022E+00 -7.2410064E-01
-1.0248503E+00 1.4049319E-01 -1.1648775E+00 -8.8426312E-01 -1.3010785E+00 -7.5016455E-01
-1.0643447E+00 1.4333245E-01 -1.2066287E+00 -9.2247783E-01 -1.3490311E+00 -7.8555202E-01
-1.0853425E+00 1.4076221E-01 -1.2256304E+00 -9.4784619E-01 -1.3658500E+00 -8.1187188E-01
-1.0974966E+00 1.4815448E-01 -1.2429604E+00 -9.5237709E-01 -1.3959369E+00 -8.0986462E-01
-1.1021258E+00 1.6573910E-01 -1.2669989E+00 -9.3796658E-01 -1.4357738E+00 -7.8415852E-01
-1.0931877E+00 1.8469701E-01 -1.2688039E+00 -8.9998771E-01 -1.4689338E+00 -7.4835515E-01
-1.0651715E+00 2.1005792E-01 -1.2564028E+00 -8.4384204E-01 -1.4824709E+00 -6.6208477E-01
-1.0277603E+00 2.3957008E-01 -1.2378539E+00 -7.7407064E-01 -1.5117821E+00 -5.6713826E-01
-9.9386780E-01 2.6433664E-01 -1.2272595E+00 -7.1068512E-01 -1.5223555E+00 -4.8679355E-01
-9.7437010E-01 2.8265753E-01 -1.2244700E+00 -6.6876492E-01 -1.5660252E+00 -4.5453264E-01
-9.8021104E-01 3.0541076E-01 -1.2369918E+00 -6.5057219E-01 -1.5962976E+00 -3.9738355E-01
-1.0160987E+00 3.6798530E-01 -1.2933214E+00 -5.9620158E-01 -1.7702873E+00 -3.3815935E-01
-1.0718828E+00 4.9071875E-01 -1.4487793E+00 -5.0583823E-01 -2.0895328E+00 -1.7924866E-01
-1.1290526E+00 6.4430680E-01 -1.6564596E+00 -3.7768904E-01 -2.4399468E+00 4.2847255E-02
-1.1721365E+00 7.7866956E-01 -1.8521782E+00 -2.6695190E-01 -2.6949738E+00 2.7759750E-01
-1.1897275E+00 8.4121588E-01 -1.9423185E+00 -2.1605795E-01 -2.7487190E+00 4.5369305E-01
