-1.1184790E+00 2.3636468E-01 -1.3514068E+00 -8.8537426E-01 -1.5839725E+00 -6.5541983E-01
-1.0860441E+00 1.8015026E-01 -1.2618813E+00 -9.0787079E-01 -1.4447913E+00 -7.3171278E-01
-1.0176622E+00 1.1605144E-01 -1.1323476E+00 -9.0339974E-01 -1.2489991E+00 -7.8981263E-01
-9.5305123E-01 1.1934955E-01 -1.0705591E+00 -8.3497750E-01 -1.1933057E+00 -7.2246410E-01
-9.3860216E-01 1.3819507E-01 -1.0752946E+00 -8.0229351E-01 -1.2130801E+00 -6.7209873E-01
-9.9254795E-01 1.3918274E-01 -1.1304147E+00 -8.5371460E-01 -1.2705165E+00 -7.2675529E-01
-1.0865375E+00 1.3730965E-01 -1.2234114E+00 -9.4964197E-01 -1.3567583E+00 -8.1835110E-01
-1.1655705E+00 1.4954545E-01 -1.3132730E+00 -1.0199820E+00 -1.4625588E+00 -8.7122715E-01
-1.1830294E+00 1.6864220E-01 -1.3511641E+00 -1.0159866E+00 -1.5222614E+00 -8.5859680E-01
-1.1337274E+00 1.9031317E-01 -1.3097264E+00 -9.3347795E-01 -1.5260633E+00 -7.7561666E-01
-1.0511006E+00 2.1556531E-01 -1.2465453E+00 -8.1821962E-01 -1.4753072E+00 -6.3869869E-01
-9.7974196E-01 2.3942495E-01 -1.1955278E+00 -7.2513237E-01 -1.4488675E+00 -5.1998000E-01
-9.5445746E-01 2.6217643E-01 -1.1813336E+00 -6.7472284E-01 -1.4795300E+00 -4.5278734E-01
-9.8468509E-01 2.8359615E-01 -1.2212609E+00 -6.8080977E-01 -1.5600696E+00 -4.4254277E-01
-1.0656781E+00 3.0876137E-01 -1.3103381E+00 -7.2745913E-01 -1.6940705E+00 -4.8484837E-01
-1.1772635E+00 3.6853766E-01 -1.4687349E+00 -7.6496852E-01 -1.9238041E+00 -4.9615698E-01
-1.2977242E+00 4.8826321E-01 -1.7206979E+00 -7.5429941E-01 -2.2753275E+00 -3.8705663E-01
-1.4029663E+00 6.4714232E-01 -2.0089771E+00 -6.8552826E-01 -2.7035986E+00 -2.1094452E-01
-1.4728754E+00 7.9082630E-01 -2.2500140E+00 -6.1005337E-01 -3.0452456E+00 1.3835155E-02
-1.4993201E+00 8.5805039E-01 -2.3535159E+00 -5.6453554E-01 -3.2027569E+00 1.1973602E-01
