-1.3063799E+00 2.3890506E-01 -1.5463472E+00 -1.0669810E+00 -1.7772115E+00 -8.4561042E-01
-1.2457080E+00 1.8049623E-01 -1.4261256E+00 -1.0672938E+00 -1.6081931E+00 -8.9728915E-01
-1.1172827E+00 1.1445307E-01 -1.2317439E+00 -1.0036879E+00 -1.3476399E+00 -8.9914583E-01
-9.8314101E-01 1.2280102E-01 -1.1051846E+00 -8.6030874E-01 -1.2223596E+00 -7.4016143E-01
-9.0639842E-01 1.3909113E-01 -1.0461271E+00 -7.6685500E-01 -1.1758589E+00 -6.3498702E-01
-9.1589569E-01 1.3839725E-01 -1.0538541E+00 -7.7991756E-01 -1.1828908E+00 -6.3577769E-01
-9.9469534E-01 1.4136979E-01 -1.1291292E+00 -8.4932388E-01 -1.2758264E+00 -7.1993354E-01
-1.0987610E+00 1.5165673E-01 -1.2434745E+00 -9.4003125E-01 -1.4004437E+00 -8.1172454E-01
-1.1826038E+00 1.6924838E-01 -1.3414824E+00 -1.0088644E+00 -1.5304951E+00 -8.5929132E-01
-1.2217722E+00 1.9659659E-01 -1.3946892E+00 -1.0127458E+00 -1.6349960E+00 -8.5952666E-01
-1.2151837E+00 2.2751473E-01 -1.4160035E+00 -9.7278568E-01 -1.6952295E+00 -7.9989771E-01
-1.1788711E+00 2.5680012E-01 -1.4072746E+00 -9.0220670E-01 -1.6914798E+00 -6.8792210E-01
-1.1324051E+00 2.8131758E-01 -1.3721508E+00 -8.2571548E-01 -1.7003344E+00 -5.9835244E-01
-1.0925099E+00 3.0281693E-01 -1.3356124E+00 -7.5955677E-01 -1.6985063E+00 -5.1985335E-01
-1.0648272E+00 3.4441452E-01 -1.3179166E+00 -6.8489299E-01 -1.7706811E+00 -4.3835475E-01
-1.0440673E+00 4.3238966E-01 -1.3317928E+00 -5.4389857E-01 -1.9404931E+00 -2.8506348E-01
-1.0293628E+00 5.6232026E-01 -1.3993460E+00 -3.5590255E-01 -2.2117365E+00 -6.1350770E-02
-1.0172189E+00 7.1272112E-01 -1.4807084E+00 -1.1373369E-01 -2.4738897E+00 1.9660042E-01
-1.0094775E+00 8.4100262E-01 -1.5612478E+00 1.0318956E-01 -2.6460034E+00 4.0169563E-01
-1.0058443E+00 9.0130036E-01 -1.6244688E+00 1.8082167E-01 -2.7079732E+00 5.0000000E-01
