-1.0621079E+00 2.3054268E-01 -1.2927550E+00 -8.3354510E-01 -1.5081521E+00 -6.0940995E-01
-1.0549823E+00 1.7629816E-01 -1.2305384E+00 -8.7834387E-01 -1.3968184E+00 -7.0874069E-01
-1.0313259E+00 1.1200688E-01 -1.1426332E+00 -9.1837538E-01 -1.2514177E+00 -8.1381907E-01
-9.9924161E-01 1.1925839E-01 -1.1168447E+00 -8.8042866E-01 -1.2338920E+00 -7.6473227E-01
-9.8114992E-01 1.3715379E-01 -1.1174036E+00 -8.4453928E-01 -1.2494434E+00 -7.1377481E-01
-9.8808265E-01 1.3945697E-01 -1.1264675E+00 -8.4826551E-01 -1.2660633E+00 -7.2036300E-01
-1.0128764E+00 1.4051896E-01 -1.1510983E+00 -8.7380881E-01 -1.2907545E+00 -7.3865029E-01
-1.0334720E+00 1.4612650E-01 -1.1800943E+00 -8.8976719E-01 -1.3175818E+00 -7.4670232E-01
-1.0254216E+00 1.5771252E-01 -1.1822799E+00 -8.6969409E-01 -1.3362834E+00 -7.1723628E-01
-9.7953611E-01 1.7257536E-01 -1.1515286E+00 -8.0897040E-01 -1.3296447E+00 -6.5287459E-01
-9.1328100E-01 1.9409347E-01 -1.0904796E+00 -7.0719905E-01 -1.3173363E+00 -5.5540881E-01
-8.6412066E-01 2.2583694E-01 -1.0536212E+00 -6.1836970E-01 -1.3236135E+00 -4.3521955E-01
-8.7546698E-01 2.6257763E-01 -1.0934621E+00 -5.8565539E-01 -1.4138228E+00 -3.8317944E-01
-9.7139180E-01 2.9289308E-01 -1.2196562E+00 -6.5010833E-01 -1.5647147E+00 -4.1779361E-01
-1.1398321E+00 3.2479992E-01 -1.3935516E+00 -7.7554034E-01 -1.8070936E+00 -5.3495214E-01
-1.3474843E+00 3.8543189E-01 -1.6383805E+00 -9.0477720E-01 -2.1378160E+00 -6.4424169E-01
-1.5490460E+00 4.9671946E-01 -1.9845929E+00 -9.9032466E-01 -2.5384053E+00 -6.2641480E-01
-1.7099916E+00 6.4295271E-01 -2.3931992E+00 -1.0424447E+00 -2.9269783E+00 -4.9340139E-01
-1.8117857E+00 7.7335561E-01 -2.6513753E+00 -1.0013250E+00 -3.2754859E+00 -4.0942866E-01
-1.8476804E+00 8.3403429E-01 -2.7983115E+00 -1.0210609E+00 -3.4851706E+00 -4.1437616E-01
