-1.0937705E+00 2.3733991E-01 -1.3298400E+00 -8.6013724E-01 -1.5607800E+00 -6.2512847E-01
-1.0795393E+00 1.7869087E-01 -1.2548163E+00 -9.0361308E-01 -1.4362356E+00 -7.2979082E-01
-1.0474780E+00 1.1372026E-01 -1.1594923E+00 -9.3492361E-01 -1.2741391E+00 -8.2575583E-01
-1.0180109E+00 1.2074507E-01 -1.1383368E+00 -8.9955557E-01 -1.2572135E+00 -7.8020489E-01
-1.0187081E+00 1.3920192E-01 -1.1577003E+00 -8.8041371E-01 -1.2924134E+00 -7.4727637E-01
-1.0495232E+00 1.4064197E-01 -1.1899948E+00 -9.1098650E-01 -1.3293007E+00 -7.7972017E-01
-1.0883197E+00 1.4124053E-01 -1.2286176E+00 -9.4890694E-01 -1.3711333E+00 -8.1211528E-01
-1.1094939E+00 1.5233125E-01 -1.2586492E+00 -9.5879797E-01 -1.4138302E+00 -8.1291902E-01
-1.1029698E+00 1.6901302E-01 -1.2712353E+00 -9.3299294E-01 -1.4377539E+00 -7.8293422E-01
-1.0733557E+00 1.8762280E-01 -1.2567384E+00 -8.8526182E-01 -1.4548194E+00 -7.2200219E-01
-1.0390811E+00 2.1051105E-01 -1.2305258E+00 -8.1801514E-01 -1.4808388E+00 -6.4776447E-01
-1.0128269E+00 2.3865420E-01 -1.2243843E+00 -7.5290241E-01 -1.5084644E+00 -5.8102738E-01
-9.9470435E-01 2.6700902E-01 -1.2324504E+00 -7.0306423E-01 -1.5243640E+00 -4.8962476E-01
-9.8328976E-01 2.8664589E-01 -1.2267459E+00 -6.7382687E-01 -1.5636536E+00 -4.3900500E-01
-9.8036940E-01 3.1113093E-01 -1.2219371E+00 -6.3675354E-01 -1.6123893E+00 -4.0210830E-01
-9.9698440E-01 3.7273641E-01 -1.2684446E+00 -5.7152273E-01 -1.7679120E+00 -3.1973777E-01
-1.0324111E+00 4.8961643E-01 -1.4032156E+00 -4.6038865E-01 -2.0414944E+00 -1.4716760E-01
-1.0739486E+00 6.3948887E-01 -1.5906343E+00 -3.0950921E-01 -2.3467753E+00 8.1096134E-02
-1.1040983E+00 7.7081064E-01 -1.7765243E+00 -1.9305930E-01 -2.5615631E+00 3.1175976E-01
-1.1151555E+00 8.3109063E-01 -1.8548685E+00 -1.3197001E-01 -2.5906727E+00 4.9110701E-01
