-1.2166830E+00 2.3170252E-01 -1.4490916E+00 -9.8723125E-01 -1.6694775E+00 -7.6008080E-01
-1.2250448E+00 1.7520232E-01 -1.4002796E+00 -1.0516108E+00 -1.5646783E+00 -8.7778221E-01
-1.2240578E+00 1.1434902E-01 -1.3364323E+00 -1.1099813E+00 -1.4503794E+00 -9.9920821E-01
-1.1974386E+00 1.2436973E-01 -1.3194682E+00 -1.0742036E+00 -1.4442581E+00 -9.5362455E-01
-1.1388342E+00 1.3983260E-01 -1.2772823E+00 -9.9850223E-01 -1.4156718E+00 -8.6718188E-01
-1.0617849E+00 1.4108124E-01 -1.2012064E+00 -9.2148263E-01 -1.3410175E+00 -7.8842075E-01
-9.8763248E-01 1.4780616E-01 -1.1355264E+00 -8.4006355E-01 -1.2801607E+00 -7.0282921E-01
-9.3799726E-01 1.5682063E-01 -1.0912177E+00 -7.8122764E-01 -1.2552110E+00 -6.3614676E-01
-9.2818876E-01 1.6500346E-01 -1.0912835E+00 -7.6439160E-01 -1.2589523E+00 -6.1149222E-01
-9.6033880E-01 1.7945450E-01 -1.1234942E+00 -7.7358795E-01 -1.3303304E+00 -6.2058854E-01
-1.0208845E+00 2.0527423E-01 -1.2059552E+00 -8.0914167E-01 -1.4557540E+00 -6.3702215E-01
-1.0869644E+00 2.3587866E-01 -1.2983117E+00 -8.3995945E-01 -1.5589892E+00 -6.3218927E-01
-1.1399827E+00 2.6710532E-01 -1.3742443E+00 -8.5039842E-01 -1.6739733E+00 -6.3192843E-01
-1.1735308E+00 2.9879809E-01 -1.4252970E+00 -8.4965008E-01 -1.7724710E+00 -6.0679352E-01
-1.1899371E+00 3.4137657E-01 -1.4469162E+00 -8.1440058E-01 -1.8794644E+00 -5.5504965E-01
-1.1948914E+00 4.1375131E-01 -1.4913316E+00 -7.3041896E-01 -2.0338466E+00 -4.5222867E-01
-1.1972135E+00 5.3032338E-01 -1.5781063E+00 -5.7487382E-01 -2.2853622E+00 -2.5789347E-01
-1.2026641E+00 6.7844275E-01 -1.7470779E+00 -3.9335502E-01 -2.5661480E+00 8.4104910E-03
-1.2076606E+00 8.1282141E-01 -1.9227603E+00 -2.4667148E-01 -2.7713859E+00 2.8344953E-01
-1.2096489E+00 8.7579278E-01 -2.0042808E+00 -1.7730093E-01 -2.7805413E+00 4.9280462E-01
