-1.1017490E+00 2.3631480E-01 -1.3348270E+00 -8.7091391E-01 -1.5760330E+00 -6.4469985E-01
-1.0857474E+00 1.8050296E-01 -1.2649626E+00 -9.0790696E-01 -1.4506346E+00 -7.3894347E-01
-1.0594197E+00 1.1765500E-01 -1.1775766E+00 -9.4349454E-01 -1.2906114E+00 -8.2993836E-01
-1.0410251E+00 1.2014702E-01 -1.1600636E+00 -9.2244954E-01 -1.2759644E+00 -8.0206683E-01
-1.0426347E+00 1.3719718E-01 -1.1771480E+00 -9.0660489E-01 -1.3096384E+00 -7.6886373E-01
-1.0655392E+00 1.4065832E-01 -1.2038709E+00 -9.2641963E-01 -1.3402786E+00 -7.8608477E-01
-1.0917853E+00 1.4314019E-01 -1.2323347E+00 -9.4973923E-01 -1.3765411E+00 -8.1172075E-01
-1.0995605E+00 1.5349826E-01 -1.2511539E+00 -9.4789404E-01 -1.4103058E+00 -8.0629919E-01
-1.0804383E+00 1.6839965E-01 -1.2443880E+00 -9.1437553E-01 -1.4178057E+00 -7.5635819E-01
-1.0476405E+00 1.8792866E-01 -1.2285786E+00 -8.6417688E-01 -1.4317449E+00 -6.9398827E-01
-1.0199994E+00 2.1129387E-01 -1.2108321E+00 -8.0218148E-01 -1.4581191E+00 -6.2810445E-01
-1.0103143E+00 2.3552627E-01 -1.2197062E+00 -7.5577996E-01 -1.4914053E+00 -5.8186627E-01
-1.0211060E+00 2.6205559E-01 -1.2520259E+00 -7.3396665E-01 -1.5369791E+00 -5.2983006E-01
-1.0387678E+00 2.8935358E-01 -1.2779043E+00 -7.2493298E-01 -1.6198757E+00 -4.9549914E-01
-1.0534398E+00 3.2176843E-01 -1.2947754E+00 -7.0104785E-01 -1.7060825E+00 -4.6350609E-01
-1.0668428E+00 3.8376690E-01 -1.3436360E+00 -6.4097078E-01 -1.8381878E+00 -3.7277708E-01
-1.0817369E+00 4.9674820E-01 -1.4555689E+00 -5.1395471E-01 -2.0793945E+00 -1.7663592E-01
-1.0947035E+00 6.4444030E-01 -1.5982248E+00 -3.3697714E-01 -2.3884985E+00 7.4836169E-02
-1.1022061E+00 7.7430634E-01 -1.7386241E+00 -1.8323936E-01 -2.6074477E+00 3.1952291E-01
-1.1044089E+00 8.3313458E-01 -1.8048260E+00 -1.1224952E-01 -2.6176647E+00 5.0000000E-01
