-9.7108405E-01 2.3337432E-01 -1.2045555E+00 -7.3912540E-01 -1.4284099E+00 -5.1781118E-01
-9.8097857E-01 1.7541429E-01 -1.1553551E+00 -8.0808497E-01 -1.3296243E+00 -6.3942670E-01
-1.0042637E+00 1.0999818E-01 -1.1119322E+00 -8.9487549E-01 -1.2253853E+00 -7.8954637E-01
-1.0354839E+00 1.1745875E-01 -1.1534245E+00 -9.1921350E-01 -1.2686701E+00 -8.0919668E-01
-1.0676700E+00 1.3794069E-01 -1.2025339E+00 -9.3029631E-01 -1.3453615E+00 -8.0061832E-01
-1.0935304E+00 1.3893920E-01 -1.2297349E+00 -9.5533325E-01 -1.3761308E+00 -8.2676086E-01
-1.0966336E+00 1.3775077E-01 -1.2327262E+00 -9.6059853E-01 -1.3746414E+00 -8.3047766E-01
-1.0537922E+00 1.4326443E-01 -1.1949501E+00 -9.1169247E-01 -1.3425795E+00 -7.7746185E-01
-9.5445768E-01 1.5400219E-01 -1.1074369E+00 -8.0138689E-01 -1.2554318E+00 -6.5332896E-01
-8.1534369E-01 1.6414762E-01 -9.7123150E-01 -6.4444432E-01 -1.1425894E+00 -5.0070523E-01
-6.9073413E-01 1.8287710E-01 -8.7049350E-01 -5.1069124E-01 -1.0619090E+00 -3.4231114E-01
-6.4888696E-01 2.0790756E-01 -8.3573591E-01 -4.2839409E-01 -1.0821016E+00 -2.6581414E-01
-7.3193205E-01 2.3407227E-01 -9.4146493E-01 -4.7993560E-01 -1.1952914E+00 -2.8587741E-01
-9.3926708E-01 2.6411096E-01 -1.1753916E+00 -6.5305059E-01 -1.4611640E+00 -4.3571388E-01
-1.2295882E+00 3.0112408E-01 -1.4844807E+00 -8.9291150E-01 -1.8267845E+00 -6.7269935E-01
-1.5423992E+00 3.5978114E-01 -1.8500282E+00 -1.1453054E+00 -2.2639928E+00 -8.7237347E-01
-1.8169906E+00 4.5768860E-01 -2.2827956E+00 -1.3497219E+00 -2.7132502E+00 -9.5114496E-01
-2.0148797E+00 5.8661822E-01 -2.7026965E+00 -1.4791426E+00 -3.0893766E+00 -8.9345406E-01
-2.1296966E+00 7.0755526E-01 -3.0264440E+00 -1.5452852E+00 -3.3779024E+00 -8.3165347E-01
-2.1698749E+00 7.6765535E-01 -3.1453940E+00 -1.5393584E+00 -3.5000000E+00 -8.1570602E-01
