-9.2504594E-01 2.4591519E-01 -1.1700336E+00 -6.8248582E-01 -1.4022119E+00 -4.3655565E-01
-9.4857670E-01 1.8538700E-01 -1.1321874E+00 -7.6542071E-01 -1.3089206E+00 -5.7998836E-01
-1.0043038E+00 1.1595054E-01 -1.1185707E+00 -8.8873794E-01 -1.2323657E+00 -7.7869674E-01
-1.0760888E+00 1.2381032E-01 -1.1999113E+00 -9.5384107E-01 -1.3243364E+00 -8.3809201E-01
-1.1448414E+00 1.4422322E-01 -1.2889484E+00 -1.0020026E+00 -1.4317327E+00 -8.6506472E-01
-1.1911885E+00 1.4657217E-01 -1.3288823E+00 -1.0434770E+00 -1.4877712E+00 -9.0894176E-01
-1.2075440E+00 1.5298352E-01 -1.3574230E+00 -1.0573107E+00 -1.5145290E+00 -9.1106524E-01
-1.2020415E+00 1.7058366E-01 -1.3686591E+00 -1.0323524E+00 -1.5438907E+00 -8.6943649E-01
-1.1867560E+00 1.8627384E-01 -1.3579818E+00 -9.9140401E-01 -1.5729669E+00 -8.3918770E-01
-1.1730849E+00 2.0149532E-01 -1.3539563E+00 -9.6200707E-01 -1.5787125E+00 -7.8111539E-01
-1.1600034E+00 2.2415285E-01 -1.3550955E+00 -9.3019383E-01 -1.6006349E+00 -7.2212335E-01
-1.1283755E+00 2.5075034E-01 -1.3413187E+00 -8.6283297E-01 -1.6186130E+00 -6.4479992E-01
-1.0604440E+00 2.6976664E-01 -1.2960419E+00 -7.7614811E-01 -1.5957666E+00 -5.4263438E-01
-9.5838677E-01 2.7738507E-01 -1.1936217E+00 -6.6255788E-01 -1.5153098E+00 -4.2967975E-01
-8.4213861E-01 2.9493840E-01 -1.0679215E+00 -5.2038603E-01 -1.4401228E+00 -2.8791952E-01
-7.3646882E-01 3.4813242E-01 -9.8779166E-01 -3.5408055E-01 -1.4633445E+00 -9.8988888E-02
-6.5596536E-01 4.4468498E-01 -9.3902582E-01 -1.3801103E-01 -1.5864381E+00 1.1683470E-01
-6.0991978E-01 5.6702726E-01 -9.3973725E-01 7.9150562E-02 -1.7687770E+00 3.2939797E-01
-5.9367635E-01 6.7698768E-01 -9.2186983E-01 3.0880784E-01 -1.9118412E+00 4.6703944E-01
-5.9171199E-01 7.2977663E-01 -8.9223677E-01 4.5243487E-01 -1.9759137E+00 5.0000000E-01
