-1.0280330E+00 2.3838843E-01 -1.2614884E+00 -7.9321275E-01 -1.4937827E+00 -5.5634470E-01
-1.0005925E+00 1.7959251E-01 -1.1775840E+00 -8.2414832E-01 -1.3491094E+00 -6.4266803E-01
-9.4716667E-01 1.1343825E-01 -1.0587302E+00 -8.3613047E-01 -1.1717886E+00 -7.2514965E-01
-9.0816179E-01 1.2149239E-01 -1.0287731E+00 -7.8820634E-01 -1.1452398E+00 -6.6724588E-01
-9.2243436E-01 1.3976995E-01 -1.0598335E+00 -7.8395223E-01 -1.1990553E+00 -6.4817309E-01
-1.0001111E+00 1.4009520E-01 -1.1383774E+00 -8.6126617E-01 -1.2757280E+00 -7.2593113E-01
-1.1130720E+00 1.4274810E-01 -1.2532813E+00 -9.7004825E-01 -1.3959611E+00 -8.3472625E-01
-1.2033655E+00 1.5261617E-01 -1.3546228E+00 -1.0485112E+00 -1.5062714E+00 -9.1241810E-01
-1.2125415E+00 1.6478790E-01 -1.3743122E+00 -1.0487405E+00 -1.5440056E+00 -8.9771801E-01
-1.1201658E+00 1.8042717E-01 -1.2860468E+00 -9.3354588E-01 -1.4850461E+00 -7.7712422E-01
-9.6309314E-01 2.0355102E-01 -1.1445036E+00 -7.4712541E-01 -1.3847181E+00 -5.8269950E-01
-8.1821070E-01 2.3394911E-01 -1.0234271E+00 -5.6491432E-01 -1.3139982E+00 -3.9133367E-01
-7.5963824E-01 2.6029834E-01 -9.8980769E-01 -4.7793602E-01 -1.3024881E+00 -2.8221336E-01
-8.2296901E-01 2.7443534E-01 -1.0626052E+00 -5.2601549E-01 -1.3720817E+00 -3.0276766E-01
-9.8897800E-01 2.9648648E-01 -1.2381569E+00 -6.7353110E-01 -1.5839706E+00 -4.2456512E-01
-1.1989077E+00 3.7271722E-01 -1.4969050E+00 -7.8945936E-01 -1.9600017E+00 -5.0700025E-01
-1.3933812E+00 5.1109136E-01 -1.8477925E+00 -8.2762897E-01 -2.4082112E+00 -4.2736875E-01
-1.5354248E+00 6.7383192E-01 -2.2067315E+00 -8.0970528E-01 -2.8590391E+00 -2.6916378E-01
-1.6166662E+00 8.1161708E-01 -2.4859695E+00 -7.6870806E-01 -3.2001789E+00 -1.2751407E-01
-1.6434021E+00 8.7416327E-01 -2.5832826E+00 -7.3048345E-01 -3.4002735E+00 -9.2997820E-02
