-1.1709434E+00 2.3798646E-01 -1.4073790E+00 -9.3357299E-01 -1.6404520E+00 -7.0956493E-01
-1.1382885E+00 1.7932519E-01 -1.3169041E+00 -9.5987809E-01 -1.4948418E+00 -7.8977581E-01
-1.0585750E+00 1.1206293E-01 -1.1691701E+00 -9.4579542E-01 -1.2792252E+00 -8.4000281E-01
-9.5557034E-01 1.1898656E-01 -1.0728488E+00 -8.3727927E-01 -1.1928885E+00 -7.2532349E-01
-8.6420904E-01 1.3598792E-01 -9.9881513E-01 -7.2888521E-01 -1.1377071E+00 -6.0243347E-01
-8.1730631E-01 1.3399154E-01 -9.5071708E-01 -6.8541149E-01 -1.0813135E+00 -5.5819756E-01
-8.3048405E-01 1.3369335E-01 -9.6269784E-01 -6.9686790E-01 -1.0953588E+00 -5.7162359E-01
-9.0014527E-01 1.4578114E-01 -1.0457006E+00 -7.5599599E-01 -1.1827890E+00 -6.1038578E-01
-1.0037292E+00 1.6034388E-01 -1.1605460E+00 -8.4508534E-01 -1.3312394E+00 -6.9475517E-01
-1.1030162E+00 1.7971983E-01 -1.2693177E+00 -9.1549567E-01 -1.4700433E+00 -7.6561172E-01
-1.1660010E+00 2.1021393E-01 -1.3540524E+00 -9.3944868E-01 -1.5955402E+00 -7.7498477E-01
-1.1835682E+00 2.4822059E-01 -1.4016442E+00 -9.1310141E-01 -1.6804552E+00 -7.1200658E-01
-1.1766756E+00 2.8590588E-01 -1.4276813E+00 -8.7174643E-01 -1.7394604E+00 -6.2856808E-01
-1.1730746E+00 3.1225152E-01 -1.4394214E+00 -8.4774727E-01 -1.7943892E+00 -5.7027366E-01
-1.1965807E+00 3.3560561E-01 -1.4535616E+00 -8.3385041E-01 -1.8719505E+00 -5.6542120E-01
-1.2442625E+00 3.9904375E-01 -1.5381792E+00 -7.9148909E-01 -2.0561741E+00 -5.1115555E-01
-1.2969011E+00 5.2704299E-01 -1.7369207E+00 -7.0021057E-01 -2.3578992E+00 -3.2013189E-01
-1.3403095E+00 6.8599184E-01 -1.9513957E+00 -5.4417074E-01 -2.6941181E+00 -8.5897135E-02
-1.3674872E+00 8.2171572E-01 -2.1371312E+00 -4.1511615E-01 -2.9605337E+00 1.5412852E-01
-1.3777389E+00 8.8425676E-01 -2.2218965E+00 -3.5747687E-01 -3.0804154E+00 2.9252266E-01
