-1.1306185E+00 2.3507664E-01 -1.3632842E+00 -8.9556589E-01 -1.5971136E+00 -6.7121223E-01
-1.1173246E+00 1.7870152E-01 -1.2937625E+00 -9.4019240E-01 -1.4772203E+00 -7.7442882E-01
-1.0821498E+00 1.1797220E-01 -1.1941464E+00 -9.5774316E-01 -1.3190356E+00 -8.5936625E-01
-1.0390130E+00 1.2085832E-01 -1.1554778E+00 -9.1811231E-01 -1.2800951E+00 -8.0392497E-01
-1.0057110E+00 1.3808684E-01 -1.1361724E+00 -8.6162060E-01 -1.2786312E+00 -7.4123332E-01
-9.9372369E-01 1.4220124E-01 -1.1356216E+00 -8.5275619E-01 -1.2763864E+00 -7.1751102E-01
-1.0141296E+00 1.4158942E-01 -1.1544377E+00 -8.7228953E-01 -1.2949370E+00 -7.4100037E-01
-1.0675091E+00 1.5447952E-01 -1.2097089E+00 -9.0261556E-01 -1.3814521E+00 -7.7736485E-01
-1.1360440E+00 1.7184225E-01 -1.3046543E+00 -9.6638643E-01 -1.4837264E+00 -8.0791841E-01
-1.1877855E+00 1.9083109E-01 -1.3756234E+00 -1.0012951E+00 -1.5795622E+00 -8.2346760E-01
-1.1916001E+00 2.1581237E-01 -1.3875454E+00 -9.6452031E-01 -1.6386608E+00 -7.9202933E-01
-1.1356724E+00 2.4670270E-01 -1.3592969E+00 -8.7232235E-01 -1.6178266E+00 -6.6413945E-01
-1.0373460E+00 2.7234581E-01 -1.2828804E+00 -7.5072403E-01 -1.5722833E+00 -5.0971207E-01
-9.3687528E-01 2.9040175E-01 -1.1884698E+00 -6.2921812E-01 -1.5150351E+00 -3.8088336E-01
-8.7066400E-01 3.1114052E-01 -1.1203578E+00 -5.4058137E-01 -1.4905650E+00 -2.8025045E-01
-8.5398334E-01 3.5694897E-01 -1.1273701E+00 -4.7047931E-01 -1.5462694E+00 -1.8809958E-01
-8.8312946E-01 4.6041346E-01 -1.2372667E+00 -3.5882074E-01 -1.7857185E+00 -4.2727298E-02
-9.3746222E-01 6.0880140E-01 -1.4239283E+00 -2.1224902E-01 -2.1154069E+00 1.6105394E-01
-9.8881933E-01 7.4291709E-01 -1.6225532E+00 -1.0113184E-01 -2.3802843E+00 3.7054870E-01
-1.0135530E+00 8.0427774E-01 -1.7178514E+00 -5.7383685E-02 -2.4343963E+00 5.0000000E-01
