-7.3106404E-01 2.3640796E-01 -9.6644225E-01 -4.9412434E-01 -1.1973226E+00 -2.7022333E-01
-7.9840997E-01 1.7849837E-01 -9.7547965E-01 -6.2057459E-01 -1.1487110E+00 -4.5145053E-01
-9.3518168E-01 1.1349338E-01 -1.0487181E+00 -8.2288063E-01 -1.1607284E+00 -7.1568200E-01
-1.0638938E+00 1.2231503E-01 -1.1855688E+00 -9.4164671E-01 -1.3021036E+00 -8.2386347E-01
-1.1208780E+00 1.4463841E-01 -1.2658765E+00 -9.7712286E-01 -1.4091346E+00 -8.4317031E-01
-1.1002451E+00 1.4353035E-01 -1.2362076E+00 -9.4907257E-01 -1.3895213E+00 -8.2905735E-01
-1.0490000E+00 1.3994197E-01 -1.1900018E+00 -9.0867712E-01 -1.3246524E+00 -7.8017994E-01
-1.0212136E+00 1.4983519E-01 -1.1720977E+00 -8.7461088E-01 -1.3169561E+00 -7.2742864E-01
-1.0327585E+00 1.6331985E-01 -1.1947373E+00 -8.7050673E-01 -1.3551792E+00 -7.1984448E-01
-1.0578326E+00 1.7928434E-01 -1.2251115E+00 -8.7244411E-01 -1.4208279E+00 -7.1524446E-01
-1.0680690E+00 2.0426906E-01 -1.2543800E+00 -8.5238697E-01 -1.4919224E+00 -6.9076305E-01
-1.0636556E+00 2.3870600E-01 -1.2720230E+00 -8.0560903E-01 -1.5426982E+00 -6.0919113E-01
-1.0624437E+00 2.7362042E-01 -1.2958936E+00 -7.6692002E-01 -1.6075901E+00 -5.4359072E-01
-1.0822278E+00 3.0113722E-01 -1.3208569E+00 -7.4571882E-01 -1.6908163E+00 -5.1865041E-01
-1.1244631E+00 3.2848243E-01 -1.3693578E+00 -7.5589195E-01 -1.8032387E+00 -5.2322915E-01
-1.1791759E+00 3.8621060E-01 -1.4679258E+00 -7.4483237E-01 -1.9727395E+00 -4.7339631E-01
-1.2380513E+00 5.0439518E-01 -1.6448145E+00 -6.5784563E-01 -2.2504636E+00 -3.1647375E-01
-1.2898784E+00 6.6067334E-01 -1.8723557E+00 -5.2240264E-01 -2.5815130E+00 -6.9727900E-02
-1.3244945E+00 7.9637429E-01 -2.0702265E+00 -4.1208168E-01 -2.8537140E+00 1.7690843E-01
-1.3352497E+00 8.5919538E-01 -2.1629488E+00 -3.6016809E-01 -2.9687408E+00 3.2033219E-01
