-1.2120289E+00 2.3222027E-01 -1.4434569E+00 -9.8139985E-01 -1.6787100E+00 -7.6428219E-01
-1.1914809E+00 1.7709029E-01 -1.3665205E+00 -1.0150958E+00 -1.5505436E+00 -8.5022300E-01
-1.1409667E+00 1.1516346E-01 -1.2548182E+00 -1.0261083E+00 -1.3731954E+00 -9.2178356E-01
-1.0688457E+00 1.2098788E-01 -1.1888391E+00 -9.4867126E-01 -1.3084935E+00 -8.3343489E-01
-9.9371466E-01 1.3950269E-01 -1.1322532E+00 -8.5659385E-01 -1.2715212E+00 -7.2241798E-01
-9.4149656E-01 1.3911925E-01 -1.0793646E+00 -8.0443472E-01 -1.2155929E+00 -6.7077394E-01
-9.3217527E-01 1.3786710E-01 -1.0718612E+00 -7.9408783E-01 -1.2001558E+00 -6.6501790E-01
-9.6775202E-01 1.4829277E-01 -1.1088145E+00 -8.1420790E-01 -1.2679807E+00 -6.8635531E-01
-1.0312324E+00 1.6514899E-01 -1.1871704E+00 -8.5845961E-01 -1.3664086E+00 -7.2009535E-01
-1.0981812E+00 1.8548924E-01 -1.2660772E+00 -9.0210940E-01 -1.4796188E+00 -7.5427291E-01
-1.1505663E+00 2.1147696E-01 -1.3337506E+00 -9.2355037E-01 -1.5724269E+00 -7.4880305E-01
-1.1763646E+00 2.4693800E-01 -1.3939722E+00 -9.1053689E-01 -1.6670709E+00 -7.0378901E-01
-1.1700189E+00 2.8498636E-01 -1.4111610E+00 -8.6069634E-01 -1.7393496E+00 -6.2895501E-01
-1.1375169E+00 3.1957529E-01 -1.3840859E+00 -7.9025350E-01 -1.7747875E+00 -5.4284814E-01
-1.0998485E+00 3.5814103E-01 -1.3490309E+00 -7.1522067E-01 -1.8138384E+00 -4.5844022E-01
-1.0734870E+00 4.2351456E-01 -1.3558638E+00 -6.0806980E-01 -1.9194858E+00 -3.3112308E-01
-1.0640671E+00 5.3253179E-01 -1.4344899E+00 -4.4739324E-01 -2.1423588E+00 -1.2740465E-01
-1.0684674E+00 6.7094199E-01 -1.5717213E+00 -2.6268060E-01 -2.4211098E+00 1.2850239E-01
-1.0776901E+00 7.9554383E-01 -1.7155541E+00 -1.0348998E-01 -2.6204229E+00 3.5328908E-01
-1.0836487E+00 8.5420454E-01 -1.7825499E+00 -3.1031172E-02 -2.6405488E+00 5.0000000E-01
