-8.2718968E-01 2.3761896E-01 -1.0651242E+00 -5.9040323E-01 -1.2966752E+00 -3.6698783E-01
-8.5130499E-01 1.7861305E-01 -1.0295708E+00 -6.7338109E-01 -1.2051767E+00 -5.0513655E-01
-9.0590011E-01 1.1246456E-01 -1.0189360E+00 -7.9273748E-01 -1.1249303E+00 -6.8636973E-01
-9.6890179E-01 1.2062339E-01 -1.0888102E+00 -8.5071162E-01 -1.2080522E+00 -7.3602678E-01
-1.0190330E+00 1.3877176E-01 -1.1548621E+00 -8.8268343E-01 -1.2947723E+00 -7.4584959E-01
-1.0425429E+00 1.3853114E-01 -1.1803578E+00 -9.0558742E-01 -1.3207927E+00 -7.7738214E-01
-1.0460066E+00 1.4030000E-01 -1.1847157E+00 -9.0742752E-01 -1.3285127E+00 -7.7626570E-01
-1.0491607E+00 1.5233993E-01 -1.2020830E+00 -8.9880235E-01 -1.3525228E+00 -7.5574777E-01
-1.0735228E+00 1.6994526E-01 -1.2308265E+00 -8.9719739E-01 -1.4244041E+00 -7.5393369E-01
-1.1187233E+00 1.9173518E-01 -1.2925316E+00 -9.1635717E-01 -1.5204626E+00 -7.6562911E-01
-1.1641321E+00 2.1537992E-01 -1.3614838E+00 -9.3762651E-01 -1.5889487E+00 -7.4952516E-01
-1.1839978E+00 2.4187435E-01 -1.4019970E+00 -9.2683263E-01 -1.6626117E+00 -7.2007010E-01
-1.1590820E+00 2.6902635E-01 -1.3967944E+00 -8.7395869E-01 -1.6950125E+00 -6.4577827E-01
-1.0941814E+00 2.9286633E-01 -1.3300564E+00 -7.7976225E-01 -1.6866902E+00 -5.3365759E-01
-1.0088960E+00 3.2233011E-01 -1.2494242E+00 -6.5726908E-01 -1.6616145E+00 -4.0810669E-01
-9.2812436E-01 3.8040169E-01 -1.2088704E+00 -5.1333860E-01 -1.7104697E+00 -2.2705983E-01
-8.7368695E-01 4.8540019E-01 -1.2212444E+00 -3.1683184E-01 -1.8691538E+00 3.2118193E-03
-8.4860701E-01 6.2131896E-01 -1.2769001E+00 -8.6438162E-02 -2.0930191E+00 2.4152721E-01
-8.4184748E-01 7.4365978E-01 -1.3116286E+00 1.4294473E-01 -2.2664438E+00 4.2254779E-01
-8.4239008E-01 8.0296464E-01 -1.3657391E+00 2.2171879E-01 -2.3297382E+00 5.0000000E-01
