-7.8874573E-01 2.3843987E-01 -1.0228567E+00 -5.5413888E-01 -1.2598256E+00 -3.1516568E-01
-8.2080244E-01 1.7980211E-01 -9.9835997E-01 -6.4200037E-01 -1.1751598E+00 -4.6820748E-01
-9.0758560E-01 1.1467377E-01 -1.0228547E+00 -7.9205549E-01 -1.1334267E+00 -6.8715145E-01
-1.0232591E+00 1.1825270E-01 -1.1345803E+00 -9.0159401E-01 -1.2606013E+00 -7.9553545E-01
-1.1229387E+00 1.3607304E-01 -1.2590843E+00 -9.8857099E-01 -1.3947077E+00 -8.6019219E-01
-1.1720407E+00 1.3819895E-01 -1.3082244E+00 -1.0352624E+00 -1.4506115E+00 -9.0542919E-01
-1.1553180E+00 1.3800165E-01 -1.2921858E+00 -1.0199973E+00 -1.4282031E+00 -8.8726617E-01
-1.0813925E+00 1.4463818E-01 -1.2251773E+00 -9.3697551E-01 -1.3672172E+00 -8.0122698E-01
-9.8070338E-01 1.5883196E-01 -1.1389442E+00 -8.2393652E-01 -1.2979492E+00 -6.7524548E-01
-8.9216897E-01 1.7658412E-01 -1.0537707E+00 -7.1005420E-01 -1.2565436E+00 -5.5951024E-01
-8.5303843E-01 1.9513822E-01 -1.0310841E+00 -6.4807120E-01 -1.2515389E+00 -4.8735713E-01
-8.8306296E-01 2.1986811E-01 -1.0779897E+00 -6.4758519E-01 -1.3412654E+00 -4.7961277E-01
-9.7587578E-01 2.5281183E-01 -1.2084400E+00 -7.1019314E-01 -1.4705156E+00 -4.8534748E-01
-1.1111633E+00 2.8623473E-01 -1.3623748E+00 -8.0532799E-01 -1.6813129E+00 -5.6249422E-01
-1.2607790E+00 3.2396628E-01 -1.5168972E+00 -9.0161129E-01 -1.9127137E+00 -6.5941235E-01
-1.3969028E+00 3.9726347E-01 -1.7026706E+00 -9.4089771E-01 -2.1946243E+00 -6.7901266E-01
-1.5012535E+00 5.2347255E-01 -1.9591588E+00 -9.0911996E-01 -2.5381298E+00 -5.3206915E-01
-1.5683938E+00 6.7672927E-01 -2.2233086E+00 -8.2009423E-01 -2.8923556E+00 -3.0378658E-01
-1.6058751E+00 8.0907542E-01 -2.4372301E+00 -7.3306056E-01 -3.1997936E+00 -1.2980457E-01
-1.6204240E+00 8.6972142E-01 -2.5619207E+00 -7.2074321E-01 -3.3773511E+00 -7.4400023E-02
