-9.6888198E-01 2.3053897E-01 -1.1975428E+00 -7.3902464E-01 -1.4208969E+00 -5.1905981E-01
-9.8637705E-01 1.7329001E-01 -1.1576954E+00 -8.1369240E-01 -1.3300130E+00 -6.4867265E-01
-1.0169113E+00 1.1296429E-01 -1.1285595E+00 -9.0425983E-01 -1.2408203E+00 -7.9863021E-01
-1.0396022E+00 1.2237422E-01 -1.1612527E+00 -9.1739640E-01 -1.2782309E+00 -7.9971601E-01
-1.0387930E+00 1.3912392E-01 -1.1761605E+00 -8.9872358E-01 -1.3081528E+00 -7.6326193E-01
-1.0117824E+00 1.3939855E-01 -1.1508293E+00 -8.7282922E-01 -1.2852514E+00 -7.3867309E-01
-9.7034062E-01 1.3655691E-01 -1.1047001E+00 -8.3544447E-01 -1.2412797E+00 -7.0673113E-01
-9.3348805E-01 1.4602555E-01 -1.0772047E+00 -7.8859186E-01 -1.2280782E+00 -6.5328639E-01
-9.1876015E-01 1.5832677E-01 -1.0761603E+00 -7.6287987E-01 -1.2368145E+00 -6.1599964E-01
-9.2550386E-01 1.7048045E-01 -1.0834895E+00 -7.4886046E-01 -1.2778640E+00 -6.0359725E-01
-9.3977823E-01 1.9132267E-01 -1.1098178E+00 -7.3665660E-01 -1.3388922E+00 -5.8527546E-01
-9.5747273E-01 2.2572447E-01 -1.1509846E+00 -7.1076880E-01 -1.4335442E+00 -5.4703914E-01
-9.8916020E-01 2.6795177E-01 -1.2159785E+00 -7.0185930E-01 -1.5293345E+00 -4.7662283E-01
-1.0566614E+00 3.0212018E-01 -1.2987683E+00 -7.3173866E-01 -1.6636040E+00 -4.7585839E-01
-1.1765621E+00 3.3055644E-01 -1.4272088E+00 -8.1949647E-01 -1.8395183E+00 -5.5951738E-01
-1.3442736E+00 3.8471354E-01 -1.6347675E+00 -9.1639640E-01 -2.1152638E+00 -6.3085156E-01
-1.5249697E+00 4.9008004E-01 -1.9644453E+00 -9.9571805E-01 -2.4929442E+00 -5.8972055E-01
-1.6767795E+00 6.3211491E-01 -2.3391580E+00 -1.0350929E+00 -2.8902320E+00 -4.5118977E-01
-1.7748595E+00 7.6284103E-01 -2.5886621E+00 -9.9310137E-01 -3.2541118E+00 -3.6927740E-01
-1.8100520E+00 8.2592558E-01 -2.6960246E+00 -9.6049439E-01 -3.4839458E+00 -3.8611399E-01
