-1.3817681E+00 2.4426629E-01 -1.6261685E+00 -1.1379545E+00 -1.8576269E+00 -9.0500584E-01
-1.3150384E+00 1.8665627E-01 -1.5008109E+00 -1.1288991E+00 -1.6798582E+00 -9.4959374E-01
-1.1612716E+00 1.1988132E-01 -1.2797710E+00 -1.0421862E+00 -1.3996832E+00 -9.2988667E-01
-9.8002622E-01 1.2344948E-01 -1.1023169E+00 -8.5667773E-01 -1.2274281E+00 -7.4356404E-01
-8.4426899E-01 1.4022343E-01 -9.8392939E-01 -7.0441132E-01 -1.1212203E+00 -5.7243731E-01
-7.9817510E-01 1.4042730E-01 -9.3728590E-01 -6.5871837E-01 -1.0797633E+00 -5.2910603E-01
-8.4639146E-01 1.4444626E-01 -9.8280619E-01 -6.9748439E-01 -1.1413429E+00 -5.7213861E-01
-9.6556901E-01 1.5681281E-01 -1.1208976E+00 -8.0881233E-01 -1.2790090E+00 -6.6439488E-01
-1.1119851E+00 1.7234186E-01 -1.2810313E+00 -9.4069240E-01 -1.4596271E+00 -7.8342740E-01
-1.2369130E+00 1.9201311E-01 -1.4095568E+00 -1.0332199E+00 -1.6317172E+00 -8.7889214E-01
-1.3020130E+00 2.2242366E-01 -1.4933299E+00 -1.0593869E+00 -1.7552083E+00 -8.8348124E-01
-1.2866331E+00 2.5763934E-01 -1.5077558E+00 -1.0049551E+00 -1.8037422E+00 -8.0191444E-01
-1.1956329E+00 2.8587556E-01 -1.4362389E+00 -8.8408476E-01 -1.7766901E+00 -6.5380156E-01
-1.0637657E+00 3.0201731E-01 -1.3122917E+00 -7.3039134E-01 -1.6771423E+00 -4.9651222E-01
-9.3828448E-01 3.2020625E-01 -1.1904608E+00 -5.8707398E-01 -1.5851579E+00 -3.3908097E-01
-8.4896460E-01 3.7086312E-01 -1.1200489E+00 -4.4467574E-01 -1.6105051E+00 -1.6235138E-01
-8.0219864E-01 4.7265899E-01 -1.1464848E+00 -2.6732638E-01 -1.7558422E+00 5.9037094E-02
-7.9264520E-01 6.0893300E-01 -1.2285976E+00 -4.1548407E-02 -1.9772591E+00 2.7243359E-01
-8.0173289E-01 7.3272635E-01 -1.2984512E+00 1.7080793E-01 -2.1586766E+00 4.4333370E-01
-8.0939184E-01 7.9005923E-01 -1.3587891E+00 2.3922006E-01 -2.2321189E+00 5.0000000E-01
