-1.3026488E+00 2.4071117E-01 -1.5448713E+00 -1.0620203E+00 -1.7675443E+00 -8.2966826E-01
-1.2483806E+00 1.8344436E-01 -1.4328646E+00 -1.0650889E+00 -1.6063913E+00 -8.9236587E-01
-1.1434653E+00 1.1519101E-01 -1.2563206E+00 -1.0293570E+00 -1.3755463E+00 -9.2311981E-01
-1.0421856E+00 1.1984439E-01 -1.1624296E+00 -9.2398378E-01 -1.2795203E+00 -8.0857814E-01
-9.8850231E-01 1.4111383E-01 -1.1292317E+00 -8.4940700E-01 -1.2689306E+00 -7.1212201E-01
-9.8373082E-01 1.3966104E-01 -1.1207707E+00 -8.4647148E-01 -1.2661308E+00 -7.1105996E-01
-9.9495243E-01 1.3567828E-01 -1.1238946E+00 -8.5542664E-01 -1.2670467E+00 -7.3795871E-01
-9.9606340E-01 1.4415637E-01 -1.1366476E+00 -8.5321326E-01 -1.2882555E+00 -7.1962767E-01
-9.7885114E-01 1.6096384E-01 -1.1387313E+00 -8.1955879E-01 -1.3047467E+00 -6.7229278E-01
-9.5906547E-01 1.8219620E-01 -1.1278512E+00 -7.6584346E-01 -1.3328423E+00 -6.2120478E-01
-9.6750927E-01 2.0273600E-01 -1.1523492E+00 -7.5586195E-01 -1.3894853E+00 -5.9126378E-01
-1.0217446E+00 2.2700440E-01 -1.2215280E+00 -7.7676997E-01 -1.4980254E+00 -6.0408693E-01
-1.1155677E+00 2.6020818E-01 -1.3419064E+00 -8.3063621E-01 -1.6585589E+00 -6.4325641E-01
-1.2211002E+00 2.9859255E-01 -1.4692182E+00 -8.9466382E-01 -1.8263358E+00 -6.5770922E-01
-1.3091037E+00 3.5168928E-01 -1.5736261E+00 -9.2149663E-01 -2.0233626E+00 -6.5606966E-01
-1.3688506E+00 4.3669771E-01 -1.6595862E+00 -8.5986412E-01 -2.2769852E+00 -6.0189330E-01
-1.3957443E+00 5.6442032E-01 -1.8085836E+00 -7.1667940E-01 -2.5424411E+00 -3.9315004E-01
-1.3947861E+00 7.1793059E-01 -1.9794846E+00 -5.1968733E-01 -2.8292731E+00 -1.2251997E-01
-1.3842832E+00 8.5197130E-01 -2.1314531E+00 -3.4168127E-01 -3.1092474E+00 1.0481966E-01
-1.3787345E+00 9.1419376E-01 -2.2176075E+00 -2.7441119E-01 -3.5000000E+00 5.0000000E-01
