-1.1418977E+00 2.3644848E-01 -1.3788210E+00 -9.0478056E-01 -1.6033724E+00 -6.8425228E-01
-1.1325489E+00 1.7947278E-01 -1.3131937E+00 -9.5314994E-01 -1.4888327E+00 -7.9226233E-01
-1.1061486E+00 1.1519444E-01 -1.2214021E+00 -9.9134084E-01 -1.3367950E+00 -8.8648518E-01
-1.0654143E+00 1.2017086E-01 -1.1857474E+00 -9.4470117E-01 -1.3023787E+00 -8.3401676E-01
-1.0167949E+00 1.3886293E-01 -1.1543373E+00 -8.7825373E-01 -1.2919643E+00 -7.4647928E-01
-9.6664565E-01 1.4121414E-01 -1.1060073E+00 -8.2751117E-01 -1.2486835E+00 -6.9104194E-01
-9.2380369E-01 1.4207946E-01 -1.0660380E+00 -7.8172107E-01 -1.2013341E+00 -6.4981342E-01
-9.0094284E-01 1.4832255E-01 -1.0492234E+00 -7.5321741E-01 -1.1918105E+00 -6.1470356E-01
-9.0957480E-01 1.5872376E-01 -1.0689473E+00 -7.4935377E-01 -1.2184397E+00 -6.0609606E-01
-9.6217146E-01 1.7885274E-01 -1.1289043E+00 -7.7428755E-01 -1.3270062E+00 -6.3018845E-01
-1.0523366E+00 2.0721891E-01 -1.2303726E+00 -8.2911711E-01 -1.4867441E+00 -6.7568145E-01
-1.1570527E+00 2.4162548E-01 -1.3640381E+00 -8.9740886E-01 -1.6370390E+00 -6.9677548E-01
-1.2483064E+00 2.8115303E-01 -1.4940390E+00 -9.4949372E-01 -1.8006338E+00 -7.1249560E-01
-1.3108340E+00 3.2415675E-01 -1.5731328E+00 -9.5004506E-01 -1.9653081E+00 -7.0199324E-01
-1.3404396E+00 3.7471807E-01 -1.6186873E+00 -9.1878978E-01 -2.1063870E+00 -6.5246138E-01
-1.3494008E+00 4.5312603E-01 -1.6538037E+00 -8.2069638E-01 -2.2959792E+00 -5.4034641E-01
-1.3545698E+00 5.7165913E-01 -1.7709754E+00 -6.8117516E-01 -2.5405531E+00 -3.3159510E-01
-1.3601002E+00 7.1064145E-01 -1.9396975E+00 -5.1221064E-01 -2.7908348E+00 -7.6211242E-02
-1.3640810E+00 8.3166765E-01 -2.1003034E+00 -3.7284478E-01 -2.9907476E+00 1.6259503E-01
-1.3654739E+00 8.8871607E-01 -2.1756868E+00 -3.1097866E-01 -3.0963204E+00 2.8917295E-01
