-1.2903557E+00 2.4057040E-01 -1.5318390E+00 -1.0503796E+00 -1.7608531E+00 -8.2077488E-01
-1.2323836E+00 1.8176887E-01 -1.4132316E+00 -1.0513797E+00 -1.5908715E+00 -8.8082737E-01
-1.0947077E+00 1.1688242E-01 -1.2113883E+00 -9.7909161E-01 -1.3263268E+00 -8.6885938E-01
-9.2842608E-01 1.2234627E-01 -1.0489283E+00 -8.0724930E-01 -1.1688572E+00 -6.8879023E-01
-8.0338043E-01 1.3739269E-01 -9.3938423E-01 -6.6682660E-01 -1.0766488E+00 -5.3687959E-01
-7.6637551E-01 1.3779979E-01 -9.0318475E-01 -6.2988611E-01 -1.0403440E+00 -4.9739296E-01
-8.1899192E-01 1.3729574E-01 -9.5490900E-01 -6.8424703E-01 -1.0905032E+00 -5.5160503E-01
-9.2705083E-01 1.4492530E-01 -1.0695883E+00 -7.8571778E-01 -1.2181223E+00 -6.4385579E-01
-1.0476855E+00 1.6281046E-01 -1.2094934E+00 -8.8784930E-01 -1.3698974E+00 -7.3150537E-01
-1.1524520E+00 1.8687488E-01 -1.3370304E+00 -9.6636218E-01 -1.5305214E+00 -7.9745521E-01
-1.2284654E+00 2.1388937E-01 -1.4249784E+00 -1.0046330E+00 -1.6485271E+00 -8.1504655E-01
-1.2761070E+00 2.5280625E-01 -1.4930165E+00 -1.0026267E+00 -1.7753462E+00 -7.9411253E-01
-1.2931610E+00 2.9799931E-01 -1.5357789E+00 -9.7229324E-01 -1.8923715E+00 -7.3388077E-01
-1.2807687E+00 3.3874262E-01 -1.5364707E+00 -9.1313469E-01 -1.9657526E+00 -6.5304689E-01
-1.2539815E+00 3.7770036E-01 -1.5242036E+00 -8.3817090E-01 -2.0309869E+00 -5.7301995E-01
-1.2270220E+00 4.3648108E-01 -1.5104704E+00 -7.1679441E-01 -2.1314369E+00 -4.6380419E-01
-1.2050311E+00 5.3925206E-01 -1.5818283E+00 -5.5471682E-01 -2.3142373E+00 -2.6329798E-01
-1.1906036E+00 6.7373089E-01 -1.7222749E+00 -3.7031539E-01 -2.5428608E+00 1.7774563E-03
-1.1826254E+00 7.9538003E-01 -1.8682474E+00 -2.2953087E-01 -2.7149866E+00 2.7677761E-01
-1.1791581E+00 8.5314496E-01 -1.9298443E+00 -1.5923356E-01 -2.7286007E+00 4.7552351E-01
