-1.2150401E+00 2.3128624E-01 -1.4459441E+00 -9.8384297E-01 -1.6656635E+00 -7.6383406E-01
-1.1847370E+00 1.7436701E-01 -1.3582921E+00 -1.0102636E+00 -1.5287432E+00 -8.4515240E-01
-1.1235607E+00 1.1224356E-01 -1.2360783E+00 -1.0123294E+00 -1.3442171E+00 -9.0627908E-01
-1.0670090E+00 1.1976132E-01 -1.1845244E+00 -9.4961353E-01 -1.3089194E+00 -8.3503458E-01
-1.0463092E+00 1.3714047E-01 -1.1811708E+00 -9.1030254E-01 -1.3210821E+00 -7.8264114E-01
-1.0539070E+00 1.3663192E-01 -1.1892953E+00 -9.1784692E-01 -1.3239062E+00 -7.9038524E-01
-1.0634369E+00 1.3945507E-01 -1.2015841E+00 -9.2531412E-01 -1.3415596E+00 -7.9788615E-01
-1.0499360E+00 1.5080471E-01 -1.1975691E+00 -9.0057519E-01 -1.3539496E+00 -7.5755916E-01
-1.0031477E+00 1.6262772E-01 -1.1639782E+00 -8.4512752E-01 -1.3338233E+00 -6.9037078E-01
-9.3871261E-01 1.7845907E-01 -1.0998038E+00 -7.4737080E-01 -1.3089972E+00 -6.0890720E-01
-8.8217002E-01 1.9888577E-01 -1.0659812E+00 -6.7123279E-01 -1.2903132E+00 -5.1140176E-01
-8.5781356E-01 2.2564375E-01 -1.0765250E+00 -6.3291068E-01 -1.3264211E+00 -4.3452180E-01
-8.8668267E-01 2.5533881E-01 -1.1118796E+00 -6.1340894E-01 -1.3937784E+00 -3.9641122E-01
-9.7888620E-01 2.8350852E-01 -1.2161320E+00 -6.7617554E-01 -1.5504140E+00 -4.4488604E-01
-1.1261190E+00 3.1783347E-01 -1.3770984E+00 -7.7600818E-01 -1.7567959E+00 -5.3692490E-01
-1.3052538E+00 3.8713564E-01 -1.5995584E+00 -8.6514151E-01 -2.0991303E+00 -5.9626603E-01
-1.4835275E+00 5.0728753E-01 -1.9308716E+00 -9.1415361E-01 -2.4987130E+00 -5.4465096E-01
-1.6286766E+00 6.5715782E-01 -2.2913246E+00 -9.2020481E-01 -2.8893829E+00 -3.8515246E-01
-1.7230401E+00 7.8722566E-01 -2.5704903E+00 -9.0261984E-01 -3.2397087E+00 -2.8366774E-01
-1.7564061E+00 8.4627379E-01 -2.6664439E+00 -8.7021317E-01 -3.4405963E+00 -2.6370383E-01
