-9.8259792E-01 2.4029534E-01 -1.2211243E+00 -7.4358364E-01 -1.4513590E+00 -5.1582996E-01
-9.7262434E-01 1.8378977E-01 -1.1541932E+00 -7.8967237E-01 -1.3337876E+00 -6.1487744E-01
-9.5759206E-01 1.1826412E-01 -1.0736324E+00 -8.4059128E-01 -1.1948928E+00 -7.2741480E-01
-9.5427763E-01 1.2263876E-01 -1.0764369E+00 -8.3194427E-01 -1.1940782E+00 -7.1548642E-01
-9.7372301E-01 1.4179893E-01 -1.1145670E+00 -8.3239148E-01 -1.2476130E+00 -6.9400767E-01
-1.0136003E+00 1.4125945E-01 -1.1533963E+00 -8.7353078E-01 -1.2905109E+00 -7.3989658E-01
-1.0583091E+00 1.4263438E-01 -1.1915425E+00 -9.1160899E-01 -1.3500172E+00 -7.8622846E-01
-1.0926232E+00 1.5619519E-01 -1.2460615E+00 -9.3851717E-01 -1.4085827E+00 -7.9316545E-01
-1.1187432E+00 1.7667132E-01 -1.2921624E+00 -9.4461551E-01 -1.4799914E+00 -7.8200420E-01
-1.1503604E+00 1.9778239E-01 -1.3266329E+00 -9.4145593E-01 -1.5645897E+00 -7.8639247E-01
-1.1930920E+00 2.2000610E-01 -1.3828124E+00 -9.5387046E-01 -1.6363704E+00 -7.7655424E-01
-1.2213154E+00 2.4095570E-01 -1.4296082E+00 -9.6186519E-01 -1.7041627E+00 -7.6393658E-01
-1.2006123E+00 2.6100364E-01 -1.4149127E+00 -9.2383771E-01 -1.7112544E+00 -7.0931087E-01
-1.1108045E+00 2.8692593E-01 -1.3261304E+00 -8.0898658E-01 -1.6642213E+00 -5.8553050E-01
-9.5972248E-01 3.2808532E-01 -1.1839529E+00 -6.0636927E-01 -1.5932791E+00 -3.7494349E-01
-7.8335339E-01 3.8632572E-01 -1.0337261E+00 -3.6860064E-01 -1.5531800E+00 -9.2962833E-02
-6.2058142E-01 4.5906146E-01 -9.0687304E-01 -1.2039297E-01 -1.5438475E+00 1.8627987E-01
-5.0201672E-01 5.4719749E-01 -7.9323161E-01 1.3848947E-01 -1.6027979E+00 3.8927872E-01
-4.3737943E-01 6.3046059E-01 -6.9116562E-01 3.6622844E-01 -1.6602126E+00 4.9259403E-01
-4.1851796E-01 6.7247749E-01 -6.2135078E-01 5.0000000E-01 -1.7121526E+00 5.0000000E-01
