-9.8109007E-01 2.3429818E-01 -1.2157035E+00 -7.4651726E-01 -1.4400676E+00 -5.2574167E-01
-1.0178587E+00 1.7657919E-01 -1.1947354E+00 -8.4155768E-01 -1.3650556E+00 -6.7442666E-01
-1.0911691E+00 1.1274064E-01 -1.2019922E+00 -9.7811674E-01 -1.3151872E+00 -8.7319808E-01
-1.1486152E+00 1.2074474E-01 -1.2689204E+00 -1.0271556E+00 -1.3845263E+00 -9.1312354E-01
-1.1432165E+00 1.3973732E-01 -1.2813949E+00 -1.0029937E+00 -1.4152253E+00 -8.6934630E-01
-1.0712488E+00 1.4084024E-01 -1.2109312E+00 -9.3003929E-01 -1.3487500E+00 -7.9445067E-01
-9.7175607E-01 1.3942842E-01 -1.1096434E+00 -8.3534793E-01 -1.2477929E+00 -6.9924669E-01
-8.9811665E-01 1.4721309E-01 -1.0451342E+00 -7.5051519E-01 -1.1885364E+00 -6.1594499E-01
-8.8991162E-01 1.5671150E-01 -1.0445677E+00 -7.3445717E-01 -1.2073586E+00 -5.9197694E-01
-9.4410566E-01 1.7161947E-01 -1.1031290E+00 -7.6662984E-01 -1.2935264E+00 -6.1496746E-01
-1.0287179E+00 1.9795371E-01 -1.2065550E+00 -8.1658878E-01 -1.4329681E+00 -6.6143030E-01
-1.1120718E+00 2.3154034E-01 -1.3205866E+00 -8.6339413E-01 -1.5759724E+00 -6.7123996E-01
-1.1747613E+00 2.6620663E-01 -1.4176216E+00 -8.9427822E-01 -1.7023710E+00 -6.5604372E-01
-1.2140599E+00 2.9813100E-01 -1.4697012E+00 -8.8682837E-01 -1.8120978E+00 -6.5254234E-01
-1.2392667E+00 3.4062209E-01 -1.4948466E+00 -8.5158271E-01 -1.9367517E+00 -6.1385960E-01
-1.2607120E+00 4.2165041E-01 -1.5686827E+00 -7.7983974E-01 -2.1344367E+00 -5.0471566E-01
-1.2811932E+00 5.4628930E-01 -1.6958289E+00 -6.2903122E-01 -2.3986722E+00 -3.0425269E-01
-1.3005861E+00 6.9099903E-01 -1.8727825E+00 -4.6965906E-01 -2.6829924E+00 -6.2017005E-02
-1.3152305E+00 8.1562017E-01 -2.0296029E+00 -3.3621023E-01 -2.9174773E+00 1.7701312E-01
-1.3198987E+00 8.7359777E-01 -2.1067776E+00 -2.8371337E-01 -3.0086886E+00 3.2505369E-01
