-1.0071230E+00 2.2993703E-01 -1.2384059E+00 -7.8108327E-01 -1.4623603E+00 -5.6226397E-01
-1.0173877E+00 1.7391757E-01 -1.1914701E+00 -8.4588536E-01 -1.3648605E+00 -6.8412336E-01
-1.0406479E+00 1.1187967E-01 -1.1517914E+00 -9.3073457E-01 -1.2654595E+00 -8.2515075E-01
-1.0773607E+00 1.2093796E-01 -1.1904007E+00 -9.5170269E-01 -1.3189818E+00 -8.4391174E-01
-1.1181762E+00 1.3854440E-01 -1.2469268E+00 -9.7109505E-01 -1.3983911E+00 -8.5667255E-01
-1.1394552E+00 1.4028707E-01 -1.2795702E+00 -9.9948146E-01 -1.4196047E+00 -8.6956799E-01
-1.1123814E+00 1.4000513E-01 -1.2505909E+00 -9.7504312E-01 -1.3920465E+00 -8.4220166E-01
-1.0283279E+00 1.4824750E-01 -1.1755478E+00 -8.8166807E-01 -1.3255070E+00 -7.4359075E-01
-9.1795694E-01 1.6258642E-01 -1.0719016E+00 -7.4999475E-01 -1.2423456E+00 -6.0484932E-01
-8.3149535E-01 1.7801093E-01 -9.9682785E-01 -6.4476721E-01 -1.1968587E+00 -5.0073487E-01
-8.0986234E-01 1.9884180E-01 -9.8668378E-01 -6.0244432E-01 -1.2059337E+00 -4.2251944E-01
-8.6495667E-01 2.2851803E-01 -1.0616418E+00 -6.2395881E-01 -1.3214820E+00 -4.2738155E-01
-9.7151669E-01 2.5556520E-01 -1.1964128E+00 -7.0036001E-01 -1.4791545E+00 -4.8124643E-01
-1.0918679E+00 2.7734908E-01 -1.3312744E+00 -7.9106304E-01 -1.6519510E+00 -5.6459780E-01
-1.2012222E+00 3.0896884E-01 -1.4525541E+00 -8.6028572E-01 -1.8321070E+00 -6.1911304E-01
-1.2861135E+00 3.8303016E-01 -1.5746487E+00 -8.4664105E-01 -2.0760432E+00 -5.9133813E-01
-1.3446323E+00 5.1377760E-01 -1.7476914E+00 -7.4073609E-01 -2.3874977E+00 -4.1698992E-01
-1.3844657E+00 6.7072315E-01 -1.9585228E+00 -5.9004323E-01 -2.7196471E+00 -1.6945152E-01
-1.4072199E+00 8.0595850E-01 -2.1523320E+00 -4.7316423E-01 -3.0471180E+00 3.5379049E-02
-1.4144565E+00 8.6813538E-01 -2.2374807E+00 -4.1600858E-01 -3.1699484E+00 1.5625725E-01
