-1.0174994E+00 2.3836661E-01 -1.2559134E+00 -7.8110170E-01 -1.4856409E+00 -5.5085237E-01
-1.0098056E+00 1.8034068E-01 -1.1910839E+00 -8.3108007E-01 -1.3647176E+00 -6.5867698E-01
-9.9956259E-01 1.1459983E-01 -1.1143484E+00 -8.8514961E-01 -1.2262702E+00 -7.7930244E-01
-9.9667500E-01 1.1890859E-01 -1.1146629E+00 -8.7708996E-01 -1.2261308E+00 -7.6220485E-01
-1.0028124E+00 1.3700019E-01 -1.1368714E+00 -8.6655848E-01 -1.2737310E+00 -7.3315549E-01
-1.0115997E+00 1.3751180E-01 -1.1421369E+00 -8.6933530E-01 -1.2841850E+00 -7.4794605E-01
-1.0201890E+00 1.3716470E-01 -1.1545684E+00 -8.8396212E-01 -1.2886284E+00 -7.5140476E-01
-1.0336224E+00 1.5081580E-01 -1.1828556E+00 -8.8395326E-01 -1.3328957E+00 -7.4316339E-01
-1.0620657E+00 1.7090719E-01 -1.2192064E+00 -8.8378822E-01 -1.4132940E+00 -7.4034874E-01
-1.1069782E+00 1.9570893E-01 -1.2813062E+00 -8.9965204E-01 -1.5149907E+00 -7.4036524E-01
-1.1592070E+00 2.2542194E-01 -1.3594483E+00 -9.1881158E-01 -1.6381284E+00 -7.4559367E-01
-1.2029080E+00 2.5693771E-01 -1.4243718E+00 -9.2538037E-01 -1.7240069E+00 -7.1266676E-01
-1.2247482E+00 2.8137344E-01 -1.4638934E+00 -9.1943436E-01 -1.7891058E+00 -6.8360335E-01
-1.2094025E+00 2.9889927E-01 -1.4498249E+00 -8.8341045E-01 -1.8148630E+00 -6.4359583E-01
-1.1528628E+00 3.3795281E-01 -1.3920004E+00 -7.8270765E-01 -1.8538632E+00 -5.3133557E-01
-1.0699769E+00 4.2276841E-01 -1.3384392E+00 -5.9660570E-01 -1.9704499E+00 -3.2413031E-01
-9.8682523E-01 5.4716338E-01 -1.3248057E+00 -3.3406564E-01 -2.1241577E+00 -5.0563781E-02
-9.2182870E-01 6.8586996E-01 -1.3455761E+00 -5.7290935E-02 -2.3191440E+00 2.1744833E-01
-8.8368461E-01 8.0262502E-01 -1.3468564E+00 2.0492661E-01 -2.4600696E+00 4.1959689E-01
-8.7226567E-01 8.5781615E-01 -1.3788148E+00 3.0767874E-01 -2.5013607E+00 5.0000000E-01
