-8.7549997E-01 2.3809642E-01 -1.1117720E+00 -6.3824850E-01 -1.3478394E+00 -4.0875152E-01
-9.0613688E-01 1.8052730E-01 -1.0849738E+00 -7.2549504E-01 -1.2636910E+00 -5.5361541E-01
-9.6649679E-01 1.1565065E-01 -1.0808483E+00 -8.5234156E-01 -1.1951795E+00 -7.4096589E-01
-1.0226010E+00 1.2087234E-01 -1.1432046E+00 -9.0158011E-01 -1.2583393E+00 -7.8561815E-01
-1.0367077E+00 1.3825570E-01 -1.1744802E+00 -9.0081681E-01 -1.3106923E+00 -7.6747700E-01
-9.9121816E-01 1.3804406E-01 -1.1323500E+00 -8.5282526E-01 -1.2627591E+00 -7.2803481E-01
-9.1114783E-01 1.3723745E-01 -1.0477106E+00 -7.7329506E-01 -1.1826970E+00 -6.4742547E-01
-8.5327045E-01 1.4975478E-01 -1.0032224E+00 -7.0407704E-01 -1.1516094E+00 -5.6251315E-01
-8.6901744E-01 1.6785627E-01 -1.0371699E+00 -7.0353049E-01 -1.2087742E+00 -5.4633853E-01
-9.7990212E-01 1.8960328E-01 -1.1522783E+00 -7.8030962E-01 -1.3731667E+00 -6.2270749E-01
-1.1633717E+00 2.1361012E-01 -1.3564423E+00 -9.3595053E-01 -1.6075196E+00 -7.6945243E-01
-1.3522023E+00 2.4211362E-01 -1.5643421E+00 -1.0921742E+00 -1.8636033E+00 -9.0511184E-01
-1.4732261E+00 2.7916889E-01 -1.7171862E+00 -1.1771528E+00 -2.0311258E+00 -9.3422701E-01
-1.4814271E+00 3.2753713E-01 -1.7333188E+00 -1.1139697E+00 -2.1535383E+00 -8.7440927E-01
-1.3768952E+00 3.9268896E-01 -1.6331162E+00 -9.2712860E-01 -2.2065238E+00 -6.8600236E-01
-1.2043540E+00 4.7957770E-01 -1.4751131E+00 -6.4480093E-01 -2.2269179E+00 -3.9369399E-01
-1.0246751E+00 5.8801785E-01 -1.3462760E+00 -3.3084536E-01 -2.2896773E+00 -4.5730266E-02
-8.8436568E-01 7.0393749E-01 -1.2637321E+00 -2.0269622E-02 -2.3593842E+00 2.5809572E-01
-8.0336440E-01 8.0166213E-01 -1.1821694E+00 2.6991607E-01 -2.4095822E+00 4.5408543E-01
-7.7824791E-01 8.4638430E-01 -1.1369640E+00 4.2315269E-01 -2.4357959E+00 5.0000000E-01
