-8.1807922E-01 2.3792430E-01 -1.0561713E+00 -5.8037168E-01 -1.2812869E+00 -3.5565631E-01
-8.4319545E-01 1.8116782E-01 -1.0236520E+00 -6.6149899E-01 -1.1969925E+00 -4.9118943E-01
-9.0291868E-01 1.1501419E-01 -1.0174167E+00 -7.8891908E-01 -1.1287558E+00 -6.7601131E-01
-9.8190326E-01 1.1926525E-01 -1.0991292E+00 -8.6222374E-01 -1.2148747E+00 -7.4783203E-01
-1.0585215E+00 1.3918972E-01 -1.1967465E+00 -9.1997978E-01 -1.3370778E+00 -7.8980293E-01
-1.1081112E+00 1.4023215E-01 -1.2477257E+00 -9.6754841E-01 -1.3887073E+00 -8.4096056E-01
-1.1107391E+00 1.3997073E-01 -1.2500077E+00 -9.7237626E-01 -1.3894150E+00 -8.4037630E-01
-1.0618791E+00 1.4957683E-01 -1.2093781E+00 -9.1317412E-01 -1.3630263E+00 -7.7464669E-01
-9.8721641E-01 1.6312742E-01 -1.1456765E+00 -8.2590303E-01 -1.3195248E+00 -6.7606763E-01
-9.2404020E-01 1.7995649E-01 -1.0893139E+00 -7.3772479E-01 -1.2952623E+00 -5.8602132E-01
-9.0043096E-01 1.9923574E-01 -1.0818922E+00 -6.8879237E-01 -1.3119141E+00 -5.3153106E-01
-9.2513903E-01 2.2481958E-01 -1.1336836E+00 -6.9039846E-01 -1.3910661E+00 -5.0191128E-01
-9.8634357E-01 2.5286343E-01 -1.2158218E+00 -7.1832864E-01 -1.5090874E+00 -5.1573205E-01
-1.0662861E+00 2.7509762E-01 -1.3112973E+00 -7.7580486E-01 -1.6469957E+00 -5.6080936E-01
-1.1536912E+00 3.0512255E-01 -1.4048369E+00 -8.1606946E-01 -1.7623372E+00 -5.8164311E-01
-1.2422145E+00 3.7749341E-01 -1.5339800E+00 -8.0957671E-01 -2.0066307E+00 -5.4695662E-01
-1.3236695E+00 5.0750783E-01 -1.7462222E+00 -7.3738946E-01 -2.3435657E+00 -3.8968632E-01
-1.3884423E+00 6.6451537E-01 -1.9945027E+00 -6.2947596E-01 -2.7455240E+00 -1.9726980E-01
-1.4292436E+00 8.0073097E-01 -2.2010382E+00 -5.2552713E-01 -3.0210343E+00 4.6501629E-02
-1.4437696E+00 8.6462415E-01 -2.2995516E+00 -4.7835872E-01 -3.1491541E+00 1.6431518E-01
