-1.1950762E+00 2.3189795E-01 -1.4247792E+00 -9.6853044E-01 -1.6509898E+00 -7.3673289E-01
-1.1763710E+00 1.7653304E-01 -1.3522188E+00 -1.0032906E+00 -1.5238272E+00 -8.3041054E-01
-1.1225814E+00 1.1403863E-01 -1.2364034E+00 -1.0075224E+00 -1.3479060E+00 -9.0189899E-01
-1.0377096E+00 1.2228624E-01 -1.1583740E+00 -9.1703259E-01 -1.2820598E+00 -7.9905902E-01
-9.4692704E-01 1.4027992E-01 -1.0880675E+00 -8.0739433E-01 -1.2261474E+00 -6.7920237E-01
-8.9726845E-01 1.4028846E-01 -1.0364072E+00 -7.5830055E-01 -1.1731781E+00 -6.2371040E-01
-9.2328161E-01 1.4025141E-01 -1.0618240E+00 -7.8421969E-01 -1.2024458E+00 -6.5011306E-01
-1.0225454E+00 1.4887813E-01 -1.1694389E+00 -8.7306867E-01 -1.3158352E+00 -7.3103770E-01
-1.1416060E+00 1.6300366E-01 -1.3042554E+00 -9.7910097E-01 -1.4581355E+00 -8.2263348E-01
-1.2087262E+00 1.8180111E-01 -1.3789086E+00 -1.0182898E+00 -1.5772307E+00 -8.6982778E-01
-1.1823053E+00 2.0765327E-01 -1.3649553E+00 -9.5768843E-01 -1.6195755E+00 -8.0430472E-01
-1.0781116E+00 2.4270612E-01 -1.2895512E+00 -8.1336542E-01 -1.5618289E+00 -6.1606449E-01
-9.5562929E-01 2.7187702E-01 -1.1893144E+00 -6.6107847E-01 -1.4963121E+00 -4.3989785E-01
-8.8228924E-01 2.8394312E-01 -1.1260811E+00 -5.8017430E-01 -1.4408714E+00 -3.4861336E-01
-8.9203999E-01 2.9362629E-01 -1.1211248E+00 -5.7667995E-01 -1.4873067E+00 -3.4420734E-01
-9.8164333E-01 3.4712146E-01 -1.2512053E+00 -6.0673958E-01 -1.6895471E+00 -3.3022972E-01
-1.1153697E+00 4.7020953E-01 -1.5097210E+00 -5.8758619E-01 -2.0570142E+00 -2.4213374E-01
-1.2449828E+00 6.2917165E-01 -1.8097094E+00 -5.2746070E-01 -2.4894628E+00 -8.0540111E-02
-1.3337143E+00 7.6884274E-01 -2.0487644E+00 -4.5983906E-01 -2.8328380E+00 1.1617536E-01
-1.3670358E+00 8.3426752E-01 -2.1609318E+00 -4.2899836E-01 -2.9935208E+00 2.3288698E-01
