-9.6504901E-01 2.3711960E-01 -1.2026460E+00 -7.3013259E-01 -1.4298716E+00 -5.0049608E-01
-9.5992668E-01 1.8080474E-01 -1.1402072E+00 -7.8115247E-01 -1.3177791E+00 -6.0646469E-01
-9.5368243E-01 1.1618903E-01 -1.0704076E+00 -8.3816860E-01 -1.1807833E+00 -7.2588169E-01
-9.6954441E-01 1.2379213E-01 -1.0920539E+00 -8.4677742E-01 -1.2180057E+00 -7.2964977E-01
-1.0220416E+00 1.4075803E-01 -1.1627403E+00 -8.8200820E-01 -1.2994000E+00 -7.4826092E-01
-1.1021997E+00 1.4074864E-01 -1.2424859E+00 -9.6089845E-01 -1.3846315E+00 -8.3368721E-01
-1.1773612E+00 1.4520160E-01 -1.3221188E+00 -1.0327817E+00 -1.4730820E+00 -9.0098674E-01
-1.2065760E+00 1.6113440E-01 -1.3661513E+00 -1.0470818E+00 -1.5305658E+00 -8.9715955E-01
-1.1767550E+00 1.7550055E-01 -1.3498290E+00 -1.0000344E+00 -1.5310728E+00 -8.4538466E-01
-1.1042730E+00 1.8922627E-01 -1.2802488E+00 -9.0915694E-01 -1.4916020E+00 -7.4823615E-01
-1.0207020E+00 2.1205098E-01 -1.2053416E+00 -7.8988414E-01 -1.4640242E+00 -6.3779010E-01
-9.5228493E-01 2.4190199E-01 -1.1621802E+00 -6.8951185E-01 -1.4334220E+00 -4.9563404E-01
-9.1637050E-01 2.7014365E-01 -1.1460176E+00 -6.1743767E-01 -1.4569296E+00 -4.0761736E-01
-9.2231949E-01 2.8817265E-01 -1.1635365E+00 -6.0994650E-01 -1.5004316E+00 -3.8131276E-01
-9.6836200E-01 3.1073948E-01 -1.2070000E+00 -6.3141454E-01 -1.5891240E+00 -3.9203620E-01
-1.0452940E+00 3.6998277E-01 -1.3173249E+00 -6.4049141E-01 -1.7957822E+00 -3.7015608E-01
-1.1282277E+00 4.9153755E-01 -1.5086343E+00 -5.6785517E-01 -2.1238863E+00 -2.2933570E-01
-1.1932857E+00 6.4811940E-01 -1.7477141E+00 -4.4012004E-01 -2.4689071E+00 1.9814705E-03
-1.2345111E+00 7.8390670E-01 -1.9478741E+00 -3.3157866E-01 -2.7369567E+00 2.4911391E-01
-1.2494125E+00 8.4676464E-01 -2.0387275E+00 -2.8182054E-01 -2.8229743E+00 4.0994617E-01
