-7.4214383E-01 2.3246051E-01 -9.7098910E-01 -5.0969347E-01 -1.1971934E+00 -2.8449495E-01
-7.8174770E-01 1.7698375E-01 -9.5743028E-01 -6.0624050E-01 -1.1293428E+00 -4.3275244E-01
-8.8220289E-01 1.1482366E-01 -9.9823710E-01 -7.6667797E-01 -1.1055014E+00 -6.5913501E-01
-1.0097442E+00 1.2179261E-01 -1.1305140E+00 -8.8859422E-01 -1.2512466E+00 -7.7416690E-01
-1.1158082E+00 1.3809430E-01 -1.2532935E+00 -9.8031241E-01 -1.3895871E+00 -8.4724862E-01
-1.1640958E+00 1.3673245E-01 -1.2996882E+00 -1.0287781E+00 -1.4382700E+00 -9.0136221E-01
-1.1438319E+00 1.3994002E-01 -1.2823565E+00 -1.0053276E+00 -1.4238550E+00 -8.7573777E-01
-1.0731629E+00 1.5264487E-01 -1.2177508E+00 -9.1481277E-01 -1.3807210E+00 -7.8374799E-01
-9.8856825E-01 1.6583917E-01 -1.1425623E+00 -8.1613855E-01 -1.3273406E+00 -6.7283340E-01
-9.2619678E-01 1.7950673E-01 -1.0900520E+00 -7.3985030E-01 -1.2952163E+00 -5.8835633E-01
-9.1440633E-01 2.0001225E-01 -1.0932634E+00 -7.0712366E-01 -1.3266625E+00 -5.4487404E-01
-9.5214048E-01 2.2796551E-01 -1.1505625E+00 -7.1373365E-01 -1.3946079E+00 -5.1909324E-01
-1.0177550E+00 2.5775531E-01 -1.2362255E+00 -7.4600045E-01 -1.5210846E+00 -5.2579188E-01
-1.0919411E+00 2.8880124E-01 -1.3297218E+00 -7.7784679E-01 -1.6666104E+00 -5.5263196E-01
-1.1643287E+00 3.3077089E-01 -1.4276033E+00 -8.0545932E-01 -1.8340732E+00 -5.4524746E-01
-1.2302080E+00 3.9908932E-01 -1.5266480E+00 -7.7969703E-01 -2.0524653E+00 -4.9264857E-01
-1.2892139E+00 5.1085611E-01 -1.6866544E+00 -7.0181961E-01 -2.3447840E+00 -3.6211751E-01
-1.3380453E+00 6.5756932E-01 -1.9014570E+00 -5.7536253E-01 -2.6600121E+00 -1.3546604E-01
-1.3698426E+00 7.9124414E-01 -2.0967946E+00 -4.5948159E-01 -2.9267027E+00 1.0595175E-01
-1.3807082E+00 8.5412741E-01 -2.1875970E+00 -4.0505128E-01 -3.0462618E+00 2.3888719E-01
