-1.1456567E+00 2.4126201E-01 -1.3831018E+00 -9.0918420E-01 -1.6200721E+00 -6.6450247E-01
-1.1266618E+00 1.8113541E-01 -1.3047147E+00 -9.4810611E-01 -1.4804037E+00 -7.6495137E-01
-1.0712147E+00 1.1343415E-01 -1.1843620E+00 -9.5770095E-01 -1.2946965E+00 -8.5262598E-01
-9.8418413E-01 1.2404117E-01 -1.1076654E+00 -8.6085736E-01 -1.2274399E+00 -7.3975672E-01
-8.8273999E-01 1.3886331E-01 -1.0198592E+00 -7.4379164E-01 -1.1615386E+00 -6.1896445E-01
-8.0474823E-01 1.3489415E-01 -9.3782442E-01 -6.7152862E-01 -1.0741779E+00 -5.4534500E-01
-8.0058546E-01 1.3757733E-01 -9.3560886E-01 -6.6396904E-01 -1.0750376E+00 -5.3322038E-01
-8.8976932E-01 1.5004975E-01 -1.0309003E+00 -7.3336980E-01 -1.1959620E+00 -6.0780379E-01
-1.0476323E+00 1.7006490E-01 -1.2064868E+00 -8.7154899E-01 -1.3937568E+00 -7.2236345E-01
-1.2211752E+00 1.9334236E-01 -1.4021013E+00 -1.0185305E+00 -1.6171945E+00 -8.5591991E-01
-1.3541133E+00 2.1926161E-01 -1.5566284E+00 -1.1253055E+00 -1.8116930E+00 -9.4796937E-01
-1.4075034E+00 2.5232468E-01 -1.6289382E+00 -1.1346861E+00 -1.9340331E+00 -9.4683667E-01
-1.3747904E+00 2.8446314E-01 -1.6133228E+00 -1.0698057E+00 -1.9500688E+00 -8.3466756E-01
-1.2728798E+00 3.1666601E-01 -1.5208318E+00 -9.2526570E-01 -1.9220999E+00 -6.8418255E-01
-1.1340205E+00 3.5802192E-01 -1.3936584E+00 -7.2976679E-01 -1.8667319E+00 -4.8103183E-01
-9.9176115E-01 4.1980411E-01 -1.2700246E+00 -5.1598059E-01 -1.8572648E+00 -2.4868789E-01
-8.7296387E-01 5.1815122E-01 -1.2062161E+00 -2.8426402E-01 -1.9326323E+00 3.6466179E-02
-7.9585392E-01 6.4159858E-01 -1.1793054E+00 -9.8561042E-03 -2.0837406E+00 2.8309882E-01
-7.6197096E-01 7.4972502E-01 -1.1634642E+00 2.3182002E-01 -2.2109333E+00 4.5409465E-01
-7.5525085E-01 8.0000379E-01 -1.1870291E+00 3.2777943E-01 -2.2697916E+00 5.0000000E-01
