-1.3615186E+00 2.3589404E-01 -1.5953534E+00 -1.1237287E+00 -1.8143876E+00 -8.9759910E-01
-1.3004567E+00 1.7961949E-01 -1.4796969E+00 -1.1209921E+00 -1.6509468E+00 -9.4994459E-01
-1.1430590E+00 1.1665526E-01 -1.2606271E+00 -1.0271802E+00 -1.3749457E+00 -9.1759160E-01
-9.3838083E-01 1.2264725E-01 -1.0619915E+00 -8.1600259E-01 -1.1797546E+00 -7.0072173E-01
-7.6841061E-01 1.3773011E-01 -9.0465373E-01 -6.3133114E-01 -1.0429876E+00 -4.9880049E-01
-6.9443113E-01 1.3432696E-01 -8.2786626E-01 -5.5998400E-01 -9.6000386E-01 -4.3315095E-01
-7.3643246E-01 1.3470139E-01 -8.6963599E-01 -6.0465354E-01 -1.0061876E+00 -4.7360472E-01
-8.6712219E-01 1.4296802E-01 -1.0076532E+00 -7.2650203E-01 -1.1569773E+00 -5.9177891E-01
-1.0332212E+00 1.6047337E-01 -1.1950368E+00 -8.7275438E-01 -1.3532187E+00 -7.2816445E-01
-1.1830022E+00 1.8247553E-01 -1.3511550E+00 -9.9129870E-01 -1.5597622E+00 -8.4103566E-01
-1.2798929E+00 2.1057770E-01 -1.4698449E+00 -1.0530937E+00 -1.7142291E+00 -8.9129411E-01
-1.3133255E+00 2.4919037E-01 -1.5267998E+00 -1.0382719E+00 -1.8144619E+00 -8.4384228E-01
-1.2938421E+00 2.9359121E-01 -1.5335540E+00 -9.7417119E-01 -1.8852070E+00 -7.3868005E-01
-1.2412940E+00 3.3179228E-01 -1.4965133E+00 -8.7905544E-01 -1.9023771E+00 -6.2010665E-01
-1.1849475E+00 3.6176836E-01 -1.4446276E+00 -7.9523989E-01 -1.9060212E+00 -5.2347952E-01
-1.1506010E+00 4.1193526E-01 -1.4253401E+00 -6.9376372E-01 -1.9743266E+00 -4.1997797E-01
-1.1435817E+00 5.1604709E-01 -1.4965853E+00 -5.4226716E-01 -2.1954416E+00 -2.2472633E-01
-1.1536585E+00 6.6100483E-01 -1.6451890E+00 -3.6062753E-01 -2.5066607E+00 2.5427047E-02
-1.1658824E+00 7.9440257E-01 -1.8054119E+00 -2.1314896E-01 -2.7491990E+00 2.7935339E-01
-1.1716153E+00 8.5734680E-01 -1.8802616E+00 -1.4624792E-01 -2.7949962E+00 4.7109490E-01
