-1.0107078E+00 2.4106382E-01 -1.2513505E+00 -7.7116518E-01 -1.4828933E+00 -5.3875505E-01
-1.0261796E+00 1.8304509E-01 -1.2053452E+00 -8.4473620E-01 -1.3847101E+00 -6.6118983E-01
-1.0533698E+00 1.1427804E-01 -1.1669640E+00 -9.3823746E-01 -1.2758487E+00 -8.2949150E-01
-1.0711630E+00 1.2186992E-01 -1.1912783E+00 -9.4992618E-01 -1.3096040E+00 -8.2953002E-01
-1.0556477E+00 1.4378800E-01 -1.1996002E+00 -9.1359568E-01 -1.3420348E+00 -7.8108697E-01
-1.0060823E+00 1.4183000E-01 -1.1393993E+00 -8.5569622E-01 -1.2896331E+00 -7.4122460E-01
-9.4272147E-01 1.3774241E-01 -1.0808778E+00 -8.0570901E-01 -1.2150403E+00 -6.7845773E-01
-8.9311169E-01 1.4734452E-01 -1.0394531E+00 -7.4570239E-01 -1.1859008E+00 -6.0821755E-01
-8.8030138E-01 1.6480576E-01 -1.0445778E+00 -7.1779948E-01 -1.2103543E+00 -5.6107792E-01
-9.1837103E-01 1.7954862E-01 -1.0944473E+00 -7.4101530E-01 -1.2812610E+00 -5.7205848E-01
-9.9744671E-01 2.0189516E-01 -1.1824689E+00 -7.8236592E-01 -1.4147755E+00 -6.2118353E-01
-1.0911839E+00 2.3924075E-01 -1.2943289E+00 -8.2995153E-01 -1.5770754E+00 -6.3823090E-01
-1.1797998E+00 2.8162068E-01 -1.4088483E+00 -8.7716918E-01 -1.7514557E+00 -6.4245674E-01
-1.2603803E+00 3.1877811E-01 -1.5113149E+00 -9.1534119E-01 -1.9100915E+00 -6.5493717E-01
-1.3343047E+00 3.5372044E-01 -1.6013559E+00 -9.4513334E-01 -2.0580667E+00 -6.7647055E-01
-1.4034220E+00 4.1666546E-01 -1.7156793E+00 -9.3266615E-01 -2.2541182E+00 -6.4790225E-01
-1.4606424E+00 5.3290615E-01 -1.9017897E+00 -8.4068200E-01 -2.5255985E+00 -4.9142330E-01
-1.5031433E+00 6.8472563E-01 -2.1586716E+00 -7.3632401E-01 -2.8698091E+00 -2.5834200E-01
-1.5301651E+00 8.1941222E-01 -2.3433001E+00 -6.1846723E-01 -3.1152608E+00 1.1242579E-02
-1.5395491E+00 8.8313858E-01 -2.4282424E+00 -5.6131411E-01 -3.2406343E+00 1.4021074E-01
