-7.2201218E-01 2.3929920E-01 -9.6212882E-01 -4.8424249E-01 -1.1922005E+00 -2.5448333E-01
-7.8375597E-01 1.8066557E-01 -9.6343481E-01 -6.0577700E-01 -1.1393331E+00 -4.2912098E-01
-9.1973307E-01 1.1551541E-01 -1.0341276E+00 -8.0446598E-01 -1.1454820E+00 -6.9328377E-01
-1.0652449E+00 1.2651325E-01 -1.1912113E+00 -9.3811646E-01 -1.3130765E+00 -8.2098731E-01
-1.1500439E+00 1.4388781E-01 -1.2937106E+00 -1.0083435E+00 -1.4376298E+00 -8.7210777E-01
-1.1488651E+00 1.4258973E-01 -1.2895094E+00 -1.0076502E+00 -1.4351677E+00 -8.7650941E-01
-1.0912984E+00 1.4270918E-01 -1.2241319E+00 -9.4158295E-01 -1.3806921E+00 -8.2001318E-01
-1.0226184E+00 1.5302418E-01 -1.1743630E+00 -8.6991328E-01 -1.3287863E+00 -7.3111406E-01
-9.7226042E-01 1.6728626E-01 -1.1379070E+00 -8.0248334E-01 -1.3063653E+00 -6.5567638E-01
-9.5301697E-01 1.8315702E-01 -1.1219408E+00 -7.5798986E-01 -1.3281857E+00 -6.1212730E-01
-9.6683219E-01 2.0306589E-01 -1.1495408E+00 -7.5125164E-01 -1.3864852E+00 -5.9070382E-01
-1.0128921E+00 2.2875131E-01 -1.2197201E+00 -7.7132898E-01 -1.4902017E+00 -5.9335674E-01
-1.0757954E+00 2.5387218E-01 -1.3087618E+00 -8.0941637E-01 -1.5768530E+00 -5.8634610E-01
-1.1318045E+00 2.8060709E-01 -1.3663431E+00 -8.2529934E-01 -1.6971629E+00 -5.9954728E-01
-1.1599135E+00 3.3568257E-01 -1.4029226E+00 -7.8771076E-01 -1.8520935E+00 -5.4916398E-01
-1.1524104E+00 4.3318338E-01 -1.4484577E+00 -6.6373174E-01 -2.0340178E+00 -3.7270994E-01
-1.1233890E+00 5.6323093E-01 -1.4995979E+00 -4.5830731E-01 -2.2867958E+00 -1.3882277E-01
-1.0933561E+00 7.0982426E-01 -1.5642900E+00 -2.0195991E-01 -2.5521249E+00 1.1351706E-01
-1.0728802E+00 8.3407764E-01 -1.6337813E+00 1.8884807E-02 -2.7241361E+00 3.5020264E-01
-1.0643278E+00 8.9086438E-01 -1.6983111E+00 9.4767947E-02 -2.7407956E+00 5.0000000E-01
