-9.8304769E-01 2.3341163E-01 -1.2175791E+00 -7.4979496E-01 -1.4445697E+00 -5.3088426E-01
-1.0256189E+00 1.7831821E-01 -1.2050156E+00 -8.4757438E-01 -1.3759350E+00 -6.7973833E-01
-1.1053964E+00 1.1506205E-01 -1.2192219E+00 -9.9077388E-01 -1.3360656E+00 -8.8457857E-01
-1.1607945E+00 1.2015552E-01 -1.2801119E+00 -1.0417474E+00 -1.4023818E+00 -9.2618403E-01
-1.1440074E+00 1.3701070E-01 -1.2791779E+00 -1.0089699E+00 -1.4190087E+00 -8.7802020E-01
-1.0601743E+00 1.3837277E-01 -1.1961027E+00 -9.2252809E-01 -1.3371184E+00 -7.9255854E-01
-9.6355239E-01 1.3875951E-01 -1.1014435E+00 -8.2403643E-01 -1.2368632E+00 -6.9646837E-01
-9.1046234E-01 1.5238307E-01 -1.0608775E+00 -7.5828218E-01 -1.2090969E+00 -6.1274494E-01
-9.2736895E-01 1.6622903E-01 -1.0907497E+00 -7.6506656E-01 -1.2608221E+00 -6.0399216E-01
-1.0032436E+00 1.8047730E-01 -1.1690615E+00 -8.1672963E-01 -1.3782057E+00 -6.6587273E-01
-1.1014059E+00 2.0516885E-01 -1.2825347E+00 -8.7985758E-01 -1.5357258E+00 -7.2786110E-01
-1.1844631E+00 2.3761367E-01 -1.3854391E+00 -9.2320404E-01 -1.6877175E+00 -7.4988818E-01
-1.2302032E+00 2.7406690E-01 -1.4638521E+00 -9.3520882E-01 -1.7832151E+00 -7.1285306E-01
-1.2361272E+00 3.1208475E-01 -1.4816604E+00 -8.9701716E-01 -1.8666873E+00 -6.5093151E-01
-1.2084099E+00 3.5771797E-01 -1.4569066E+00 -8.1616865E-01 -1.9374741E+00 -5.5825143E-01
-1.1564327E+00 4.3701052E-01 -1.4243923E+00 -6.6039498E-01 -2.0793328E+00 -3.9756806E-01
-1.0956623E+00 5.6212835E-01 -1.4442166E+00 -4.3002934E-01 -2.2899529E+00 -1.4136332E-01
-1.0427515E+00 7.0551354E-01 -1.4961067E+00 -1.5926607E-01 -2.4959465E+00 1.5344926E-01
-1.0087218E+00 8.2580095E-01 -1.5577347E+00 7.5555968E-02 -2.6256158E+00 3.9133950E-01
-9.9807224E-01 8.8058574E-01 -1.6320752E+00 1.4108754E-01 -2.6466227E+00 5.0000000E-01
