-1.1368784E+00 2.3697211E-01 -1.3715031E+00 -9.0071610E-01 -1.6086064E+00 -6.7924786E-01
-1.1065930E+00 1.7902025E-01 -1.2841891E+00 -9.2820472E-01 -1.4628725E+00 -7.5786914E-01
-1.0479909E+00 1.1222375E-01 -1.1600555E+00 -9.3738991E-01 -1.2686720E+00 -8.2836501E-01
-9.9467365E-01 1.1889400E-01 -1.1133814E+00 -8.7610863E-01 -1.2308004E+00 -7.6521858E-01
-9.7370636E-01 1.3731894E-01 -1.1098265E+00 -8.3853039E-01 -1.2485324E+00 -7.0826155E-01
-9.8491508E-01 1.3730266E-01 -1.1191275E+00 -8.4981996E-01 -1.2535120E+00 -7.1136821E-01
-1.0017551E+00 1.3740088E-01 -1.1371152E+00 -8.6460826E-01 -1.2722420E+00 -7.3351653E-01
-1.0003835E+00 1.4567484E-01 -1.1451063E+00 -8.5526483E-01 -1.2867056E+00 -7.1845155E-01
-9.7687908E-01 1.5884706E-01 -1.1348957E+00 -8.1703704E-01 -1.2901600E+00 -6.7185863E-01
-9.5358890E-01 1.7354786E-01 -1.1255622E+00 -7.8073388E-01 -1.3024935E+00 -6.2059061E-01
-9.5902554E-01 1.9760213E-01 -1.1564621E+00 -7.6074068E-01 -1.3567503E+00 -5.8753345E-01
-1.0129133E+00 2.2905241E-01 -1.2240350E+00 -7.6841747E-01 -1.4802593E+00 -5.9210175E-01
-1.1194878E+00 2.6292209E-01 -1.3481413E+00 -8.3789496E-01 -1.6386013E+00 -6.2043391E-01
-1.2570272E+00 3.0063892E-01 -1.4992139E+00 -9.3136379E-01 -1.8630283E+00 -6.8674421E-01
-1.3971671E+00 3.5431738E-01 -1.6623620E+00 -9.9980685E-01 -2.1204450E+00 -7.4152514E-01
-1.5134601E+00 4.4024474E-01 -1.8476732E+00 -1.0022828E+00 -2.4079293E+00 -7.1632942E-01
-1.5902123E+00 5.7076238E-01 -2.0794308E+00 -9.1680736E-01 -2.7156720E+00 -5.5881386E-01
-1.6297027E+00 7.2937039E-01 -2.3511055E+00 -7.9381356E-01 -3.0156223E+00 -3.0359884E-01
-1.6443144E+00 8.6576189E-01 -2.5370421E+00 -6.5910393E-01 -3.2978715E+00 -1.2292809E-01
-1.6475539E+00 9.2788227E-01 -2.6202007E+00 -6.0202166E-01 -3.5000000E+00 -1.1501803E-01
