-1.1462327E+00 2.3769555E-01 -1.3839417E+00 -9.1047336E-01 -1.6072752E+00 -6.7702331E-01
-1.1429810E+00 1.7891100E-01 -1.3214403E+00 -9.6480736E-01 -1.4931296E+00 -7.9227072E-01
-1.1462743E+00 1.1193189E-01 -1.2569509E+00 -1.0351233E+00 -1.3656579E+00 -9.2730396E-01
-1.1552025E+00 1.2180619E-01 -1.2761532E+00 -1.0344160E+00 -1.3971125E+00 -9.2163948E-01
-1.1563121E+00 1.3985665E-01 -1.2949303E+00 -1.0171146E+00 -1.4335375E+00 -8.8678299E-01
-1.1295322E+00 1.3942527E-01 -1.2691996E+00 -9.9126824E-01 -1.4024776E+00 -8.5634549E-01
-1.0619897E+00 1.3822775E-01 -1.1981325E+00 -9.2429623E-01 -1.3351814E+00 -7.9265246E-01
-9.6678085E-01 1.5013292E-01 -1.1162191E+00 -8.1785053E-01 -1.2696023E+00 -6.7902910E-01
-8.8359460E-01 1.6277692E-01 -1.0452126E+00 -7.2131635E-01 -1.2090103E+00 -5.7150997E-01
-8.5076796E-01 1.7647710E-01 -1.0265119E+00 -6.7621317E-01 -1.2040632E+00 -5.0988172E-01
-8.7977504E-01 1.9971166E-01 -1.0610959E+00 -6.6947477E-01 -1.2916973E+00 -5.0588243E-01
-9.6072727E-01 2.3072532E-01 -1.1659501E+00 -7.1587285E-01 -1.4476404E+00 -5.3456651E-01
-1.0716950E+00 2.6190769E-01 -1.3075850E+00 -7.9573642E-01 -1.6224750E+00 -5.8722910E-01
-1.1925889E+00 2.9492005E-01 -1.4408089E+00 -8.7020814E-01 -1.7784537E+00 -6.3586047E-01
-1.3051834E+00 3.4255165E-01 -1.5661391E+00 -9.2037692E-01 -1.9982968E+00 -6.7796644E-01
-1.3955707E+00 4.2358682E-01 -1.7184077E+00 -9.1151053E-01 -2.2631194E+00 -6.2324632E-01
-1.4585668E+00 5.4834609E-01 -1.9117538E+00 -8.0566482E-01 -2.5537438E+00 -4.7356983E-01
-1.4941339E+00 7.0046905E-01 -2.1314766E+00 -6.6664465E-01 -2.8832663E+00 -2.4897105E-01
-1.5085637E+00 8.3170977E-01 -2.3200465E+00 -5.4976270E-01 -3.1113435E+00 1.7628962E-02
-1.5115639E+00 8.9285700E-01 -2.4043954E+00 -4.9478368E-01 -3.2237107E+00 1.4471746E-01
