-9.5598374E-01 2.3511655E-01 -1.1874071E+00 -7.2545840E-01 -1.4241801E+00 -4.9414833E-01
-9.8576403E-01 1.7930742E-01 -1.1616727E+00 -8.0848248E-01 -1.3414237E+00 -6.3596126E-01
-1.0509095E+00 1.1704075E-01 -1.1663531E+00 -9.3556950E-01 -1.2844383E+00 -8.2407937E-01
-1.1210913E+00 1.2274496E-01 -1.2445680E+00 -9.9935429E-01 -1.3626561E+00 -8.8345104E-01
-1.1505465E+00 1.4049825E-01 -1.2889714E+00 -1.0119056E+00 -1.4314034E+00 -8.7945310E-01
-1.1143773E+00 1.4158927E-01 -1.2546969E+00 -9.7560661E-01 -1.3970688E+00 -8.3781174E-01
-1.0239623E+00 1.4029578E-01 -1.1629216E+00 -8.8634175E-01 -1.3026301E+00 -7.4843354E-01
-9.2486052E-01 1.5114359E-01 -1.0751381E+00 -7.7360022E-01 -1.2278428E+00 -6.3621962E-01
-8.7129182E-01 1.6583026E-01 -1.0346754E+00 -7.0500948E-01 -1.2043193E+00 -5.5252877E-01
-8.9838493E-01 1.8590202E-01 -1.0654637E+00 -6.9880754E-01 -1.2813903E+00 -5.5311024E-01
-1.0004535E+00 2.1706014E-01 -1.1885817E+00 -7.6611663E-01 -1.4352569E+00 -5.8667237E-01
-1.1369130E+00 2.5094174E-01 -1.3456103E+00 -8.7109790E-01 -1.6386808E+00 -6.5803734E-01
-1.2592489E+00 2.8658082E-01 -1.4848854E+00 -9.6024170E-01 -1.8253584E+00 -7.1188453E-01
-1.3316952E+00 3.2905980E-01 -1.5702732E+00 -9.8821933E-01 -1.9882399E+00 -7.2407197E-01
-1.3385135E+00 3.8978042E-01 -1.5818193E+00 -9.0989717E-01 -2.1320036E+00 -6.4452681E-01
-1.2868788E+00 4.8178940E-01 -1.5645300E+00 -7.3352679E-01 -2.3140313E+00 -4.6068908E-01
-1.2077965E+00 6.1124379E-01 -1.5744768E+00 -4.6837676E-01 -2.5093478E+00 -1.8476780E-01
-1.1338709E+00 7.5775721E-01 -1.6080325E+00 -1.6152539E-01 -2.7074295E+00 1.1494456E-01
-1.0881026E+00 8.7895294E-01 -1.6293112E+00 1.1717739E-01 -2.8318846E+00 3.6846159E-01
-1.0727625E+00 9.3375250E-01 -1.6827889E+00 2.0902556E-01 -2.8368225E+00 5.0000000E-01
