-7.1893492E-01 2.3603110E-01 -9.5294122E-01 -4.8415610E-01 -1.1874155E+00 -2.5990393E-01
-8.0076092E-01 1.7945048E-01 -9.7902047E-01 -6.2360579E-01 -1.1558234E+00 -4.5017886E-01
-9.7229800E-01 1.1432146E-01 -1.0854706E+00 -8.5887183E-01 -1.1985066E+00 -7.4879636E-01
-1.1450454E+00 1.2178660E-01 -1.2664138E+00 -1.0224917E+00 -1.3836682E+00 -9.0801685E-01
-1.2375157E+00 1.4113153E-01 -1.3788200E+00 -1.0954347E+00 -1.5164579E+00 -9.6380755E-01
-1.2158787E+00 1.4201753E-01 -1.3574577E+00 -1.0751007E+00 -1.5002476E+00 -9.4100860E-01
-1.1001424E+00 1.4271567E-01 -1.2418661E+00 -9.5769535E-01 -1.3818971E+00 -8.2434885E-01
-9.4956043E-01 1.5265685E-01 -1.0990700E+00 -7.9848994E-01 -1.2624843E+00 -6.5806818E-01
-8.3565638E-01 1.6519578E-01 -9.8904398E-01 -6.6693434E-01 -1.1741176E+00 -5.2060308E-01
-8.0712779E-01 1.7901687E-01 -9.8313161E-01 -6.2940704E-01 -1.1693740E+00 -4.6486369E-01
-8.7072429E-01 2.0032240E-01 -1.0516016E+00 -6.5549469E-01 -1.2853105E+00 -5.0434844E-01
-9.9636214E-01 2.2960457E-01 -1.1999581E+00 -7.4783636E-01 -1.4489710E+00 -5.5865100E-01
-1.1361160E+00 2.6138710E-01 -1.3642199E+00 -8.5300789E-01 -1.6538507E+00 -6.3278264E-01
-1.2459606E+00 2.9217229E-01 -1.4914367E+00 -9.2785702E-01 -1.8278912E+00 -6.9088779E-01
-1.3040784E+00 3.4194057E-01 -1.5701167E+00 -9.3195346E-01 -2.0047910E+00 -6.6416101E-01
-1.3079307E+00 4.3469288E-01 -1.6229811E+00 -8.1032977E-01 -2.2164785E+00 -5.3222254E-01
-1.2778220E+00 5.7283928E-01 -1.6853033E+00 -5.8468490E-01 -2.4668279E+00 -2.8289354E-01
-1.2398800E+00 7.3346800E-01 -1.7818469E+00 -3.1250330E-01 -2.7204730E+00 1.9060285E-02
-1.2104264E+00 8.7113466E-01 -1.8926356E+00 -8.8932959E-02 -2.8966438E+00 3.0498904E-01
-1.2006738E+00 9.3472956E-01 -1.9614548E+00 -3.9836307E-03 -2.9087031E+00 5.0000000E-01
