-1.3171577E+00 2.3830673E-01 -1.5545076E+00 -1.0809302E+00 -1.7735824E+00 -8.4447122E-01
-1.2880868E+00 1.7920246E-01 -1.4654462E+00 -1.1109451E+00 -1.6331806E+00 -9.3055621E-01
-1.2084997E+00 1.1501274E-01 -1.3223510E+00 -1.0945014E+00 -1.4355046E+00 -9.8483858E-01
-1.0906504E+00 1.2398832E-01 -1.2135556E+00 -9.6773031E-01 -1.3399514E+00 -8.5346760E-01
-9.6433262E-01 1.4021990E-01 -1.1022510E+00 -8.2697499E-01 -1.2443192E+00 -6.9131688E-01
-8.7568522E-01 1.3984549E-01 -1.0141599E+00 -7.3518424E-01 -1.1535500E+00 -6.0641598E-01
-8.5863910E-01 1.3832476E-01 -9.9637351E-01 -7.2107567E-01 -1.1311804E+00 -5.8764992E-01
-9.2125946E-01 1.4711983E-01 -1.0674436E+00 -7.7576723E-01 -1.2126162E+00 -6.3527669E-01
-1.0423818E+00 1.6789183E-01 -1.2107035E+00 -8.7546784E-01 -1.3719689E+00 -7.2050130E-01
-1.1810710E+00 1.9301053E-01 -1.3576327E+00 -9.7775950E-01 -1.5782769E+00 -8.1936574E-01
-1.2909201E+00 2.2130090E-01 -1.4796291E+00 -1.0525658E+00 -1.7323472E+00 -8.7097408E-01
-1.3394580E+00 2.5209242E-01 -1.5550363E+00 -1.0681946E+00 -1.8357737E+00 -8.6320354E-01
-1.3164674E+00 2.8530660E-01 -1.5507389E+00 -1.0039632E+00 -1.8844437E+00 -7.8148485E-01
-1.2366456E+00 3.1649717E-01 -1.4882004E+00 -8.9280645E-01 -1.8641110E+00 -6.5127695E-01
-1.1298072E+00 3.5353556E-01 -1.3812185E+00 -7.4190825E-01 -1.8446474E+00 -4.8902009E-01
-1.0234354E+00 4.1774826E-01 -1.2976551E+00 -5.5665452E-01 -1.8775492E+00 -2.7751768E-01
-9.3731565E-01 5.2345214E-01 -1.2783415E+00 -3.3343765E-01 -2.0186186E+00 -1.8927441E-02
-8.8427886E-01 6.5362615E-01 -1.2914233E+00 -8.1338788E-02 -2.2225955E+00 2.3471817E-01
-8.5984259E-01 7.6902003E-01 -1.3291312E+00 1.3713375E-01 -2.3671264E+00 4.2876946E-01
-8.5327132E-01 8.2439110E-01 -1.3802430E+00 2.2182039E-01 -2.4114297E+00 5.0000000E-01
