-9.7459385E-01 2.3748807E-01 -1.2108335E+00 -7.3771896E-01 -1.4441202E+00 -5.1189298E-01
-9.8911109E-01 1.7940290E-01 -1.1689799E+00 -8.1067317E-01 -1.3416765E+00 -6.4071102E-01
-1.0203405E+00 1.1628850E-01 -1.1359728E+00 -9.0365697E-01 -1.2489111E+00 -7.9456021E-01
-1.0521648E+00 1.2234421E-01 -1.1736154E+00 -9.2935754E-01 -1.2945539E+00 -8.1365261E-01
-1.0675173E+00 1.3782916E-01 -1.2046775E+00 -9.3131503E-01 -1.3395483E+00 -7.9781101E-01
-1.0589347E+00 1.4073170E-01 -1.1997066E+00 -9.1812099E-01 -1.3396149E+00 -7.9020667E-01
-1.0207753E+00 1.4203779E-01 -1.1556207E+00 -8.7480556E-01 -1.3057920E+00 -7.4548775E-01
-9.7219942E-01 1.4823301E-01 -1.1179980E+00 -8.2414001E-01 -1.2677859E+00 -6.8788258E-01
-9.4488840E-01 1.6017652E-01 -1.1049576E+00 -7.8528238E-01 -1.2628483E+00 -6.3795634E-01
-9.6070147E-01 1.7709186E-01 -1.1276836E+00 -7.7674667E-01 -1.3187938E+00 -6.2625716E-01
-1.0236047E+00 2.0268402E-01 -1.2054692E+00 -8.1064452E-01 -1.4268184E+00 -6.2932115E-01
-1.1101815E+00 2.3660568E-01 -1.3194954E+00 -8.5899662E-01 -1.5829001E+00 -6.5588795E-01
-1.1839064E+00 2.7731401E-01 -1.4155310E+00 -8.7974772E-01 -1.7350427E+00 -6.6351931E-01
-1.2236851E+00 3.1853153E-01 -1.4744627E+00 -8.7575972E-01 -1.8530403E+00 -6.3005604E-01
-1.2374009E+00 3.6087804E-01 -1.4973618E+00 -8.4334081E-01 -1.9762690E+00 -5.8063923E-01
-1.2430666E+00 4.2401031E-01 -1.5290023E+00 -7.6342093E-01 -2.1288942E+00 -4.8885572E-01
-1.2535491E+00 5.3099106E-01 -1.6421556E+00 -6.3474644E-01 -2.3498699E+00 -3.0594655E-01
-1.2684702E+00 6.7110285E-01 -1.8120949E+00 -4.7565954E-01 -2.6164896E+00 -5.2852963E-02
-1.2831137E+00 7.9844115E-01 -1.9724198E+00 -3.4218855E-01 -2.8507479E+00 2.0389429E-01
-1.2912580E+00 8.5921904E-01 -2.0534676E+00 -2.8569235E-01 -2.9480649E+00 3.6211665E-01
