-8.1013615E-01 2.4004145E-01 -1.0461498E+00 -5.7450171E-01 -1.2857127E+00 -3.3428415E-01
-8.3401260E-01 1.8089120E-01 -1.0136749E+00 -6.5578537E-01 -1.1922857E+00 -4.8036462E-01
-8.9556486E-01 1.1288620E-01 -1.0086453E+00 -7.8227486E-01 -1.1190798E+00 -6.8087749E-01
-9.8694795E-01 1.2221958E-01 -1.1067008E+00 -8.6545316E-01 -1.2290376E+00 -7.4875014E-01
-1.0822157E+00 1.4146518E-01 -1.2215139E+00 -9.4174765E-01 -1.3615166E+00 -8.0438615E-01
-1.1478648E+00 1.3962669E-01 -1.2875424E+00 -1.0086401E+00 -1.4233519E+00 -8.7308919E-01
-1.1545994E+00 1.4027715E-01 -1.2949854E+00 -1.0143279E+00 -1.4316099E+00 -8.8571956E-01
-1.1014854E+00 1.5392443E-01 -1.2559385E+00 -9.4747927E-01 -1.4100514E+00 -8.1137011E-01
-1.0115900E+00 1.6595454E-01 -1.1699295E+00 -8.3838011E-01 -1.3465197E+00 -6.9948279E-01
-9.2135269E-01 1.7731771E-01 -1.0869894E+00 -7.3489360E-01 -1.2834893E+00 -5.9147160E-01
-8.6948835E-01 1.9664222E-01 -1.0459980E+00 -6.6117478E-01 -1.2796972E+00 -5.0726750E-01
-8.7410440E-01 2.2755542E-01 -1.0781882E+00 -6.2990298E-01 -1.3432724E+00 -4.5628667E-01
-9.3369167E-01 2.6163717E-01 -1.1658590E+00 -6.5156556E-01 -1.4499190E+00 -4.3554593E-01
-1.0358327E+00 2.8436374E-01 -1.2769185E+00 -7.2441545E-01 -1.6080516E+00 -4.9569280E-01
-1.1674610E+00 3.1026647E-01 -1.4120772E+00 -8.2032343E-01 -1.8008166E+00 -5.8916362E-01
-1.3103896E+00 3.7746202E-01 -1.6151870E+00 -8.9780885E-01 -2.0803666E+00 -6.0548429E-01
-1.4405386E+00 5.0027093E-01 -1.8752276E+00 -8.8357076E-01 -2.4447160E+00 -5.0197800E-01
-1.5370910E+00 6.5334254E-01 -2.1582584E+00 -8.0580223E-01 -2.8355175E+00 -3.3266033E-01
-1.5939562E+00 7.8996322E-01 -2.3866714E+00 -7.2613194E-01 -3.1159900E+00 -1.0278029E-01
-1.6141625E+00 8.5515729E-01 -2.4839544E+00 -6.7892256E-01 -3.3349578E+00 -7.8235628E-02
