-1.0057306E+00 2.3556425E-01 -1.2409192E+00 -7.7266960E-01 -1.4731124E+00 -5.5018230E-01
-1.0114749E+00 1.8017896E-01 -1.1914954E+00 -8.3177948E-01 -1.3690473E+00 -6.6520011E-01
-1.0224448E+00 1.1757142E-01 -1.1384387E+00 -9.0361113E-01 -1.2550793E+00 -7.9576763E-01
-1.0270562E+00 1.2377021E-01 -1.1502703E+00 -9.0394928E-01 -1.2756491E+00 -7.8924755E-01
-1.0148477E+00 1.4064269E-01 -1.1533914E+00 -8.7602419E-01 -1.2917323E+00 -7.3406441E-01
-9.8728636E-01 1.4292814E-01 -1.1292502E+00 -8.4503790E-01 -1.2666736E+00 -7.0629501E-01
-9.6004952E-01 1.4510788E-01 -1.1047972E+00 -8.1477690E-01 -1.2502603E+00 -6.8180029E-01
-9.5368872E-01 1.5521119E-01 -1.1036560E+00 -7.9392811E-01 -1.2608808E+00 -6.5722088E-01
-9.7890200E-01 1.6980121E-01 -1.1402663E+00 -8.0161123E-01 -1.3200874E+00 -6.5971532E-01
-1.0378639E+00 1.8763266E-01 -1.2063091E+00 -8.4004920E-01 -1.4136105E+00 -6.7534661E-01
-1.1142116E+00 2.1440226E-01 -1.3019057E+00 -8.8586107E-01 -1.5458579E+00 -7.0160491E-01
-1.1794884E+00 2.4512522E-01 -1.3989560E+00 -9.2257252E-01 -1.6692469E+00 -7.0447748E-01
-1.2141822E+00 2.7296072E-01 -1.4512007E+00 -9.2224637E-01 -1.7663656E+00 -6.8489830E-01
-1.2100254E+00 3.0018697E-01 -1.4514429E+00 -8.8806382E-01 -1.8327812E+00 -6.3472348E-01
-1.1749273E+00 3.3605009E-01 -1.4181030E+00 -8.0323561E-01 -1.8689591E+00 -5.6146733E-01
-1.1268111E+00 3.9789541E-01 -1.4065360E+00 -6.8329680E-01 -1.9538095E+00 -4.0565674E-01
-1.0822488E+00 5.0586889E-01 -1.4392074E+00 -4.9582625E-01 -2.1511701E+00 -1.7978076E-01
-1.0557105E+00 6.4825176E-01 -1.5305620E+00 -2.6802864E-01 -2.3782270E+00 8.5181121E-02
-1.0429917E+00 7.7756712E-01 -1.6552717E+00 -9.3096212E-02 -2.5528177E+00 3.3676980E-01
-1.0380735E+00 8.3853646E-01 -1.7219286E+00 -1.9556511E-02 -2.5769052E+00 5.0000000E-01
