-1.1824842E+00 2.3717374E-01 -1.4190806E+00 -9.4211485E-01 -1.6374635E+00 -7.1521215E-01
-1.1262422E+00 1.7869713E-01 -1.3027607E+00 -9.4656100E-01 -1.4749005E+00 -7.7727709E-01
-1.0078472E+00 1.1558425E-01 -1.1224597E+00 -8.9484876E-01 -1.2375008E+00 -7.8252849E-01
-8.9374203E-01 1.2611223E-01 -1.0186688E+00 -7.6742723E-01 -1.1462753E+00 -6.5181860E-01
-8.4489267E-01 1.4294339E-01 -9.8673873E-01 -7.0298012E-01 -1.1334318E+00 -5.7098146E-01
-8.8420284E-01 1.4096060E-01 -1.0247643E+00 -7.4435799E-01 -1.1637801E+00 -6.1095655E-01
-9.9006972E-01 1.3971032E-01 -1.1321604E+00 -8.5051566E-01 -1.2674971E+00 -7.2288079E-01
-1.1118887E+00 1.5048464E-01 -1.2611341E+00 -9.6096922E-01 -1.4105638E+00 -8.2301867E-01
-1.2041185E+00 1.6978744E-01 -1.3717305E+00 -1.0339453E+00 -1.5435451E+00 -8.8040745E-01
-1.2529193E+00 1.9499681E-01 -1.4273754E+00 -1.0461988E+00 -1.6595954E+00 -8.9206581E-01
-1.2687056E+00 2.2602962E-01 -1.4630079E+00 -1.0297412E+00 -1.7215409E+00 -8.3292715E-01
-1.2669974E+00 2.6171186E-01 -1.4848222E+00 -9.8454368E-01 -1.7841651E+00 -7.7353538E-01
-1.2571934E+00 3.0062255E-01 -1.4978546E+00 -9.3404063E-01 -1.8566513E+00 -6.9051501E-01
-1.2369207E+00 3.4467363E-01 -1.4822482E+00 -8.6256345E-01 -1.9360289E+00 -6.0766204E-01
-1.2045392E+00 3.9947158E-01 -1.4483386E+00 -7.6215332E-01 -2.0262810E+00 -5.0882455E-01
-1.1621168E+00 4.7280322E-01 -1.4352394E+00 -6.2605091E-01 -2.1561639E+00 -3.5541820E-01
-1.1235375E+00 5.7698035E-01 -1.4925469E+00 -4.4315373E-01 -2.3384215E+00 -1.2958029E-01
-1.1013593E+00 7.0838631E-01 -1.6051936E+00 -2.2911090E-01 -2.5435161E+00 1.3518303E-01
-1.0933326E+00 8.2821617E-01 -1.7270536E+00 -4.7578404E-02 -2.6942171E+00 3.6011762E-01
-1.0915303E+00 8.8271475E-01 -1.8021321E+00 1.4966619E-02 -2.7062341E+00 5.0000000E-01
