-1.4356025E+00 2.3556990E-01 -1.6703472E+00 -1.2040403E+00 -1.8932233E+00 -9.6992417E-01
-1.3762788E+00 1.7840990E-01 -1.5525468E+00 -1.2001302E+00 -1.7242382E+00 -1.0238181E+00
-1.2302616E+00 1.1709832E-01 -1.3462524E+00 -1.1119664E+00 -1.4617842E+00 -1.0030169E+00
-1.0452985E+00 1.2286160E-01 -1.1681978E+00 -9.2224289E-01 -1.2873856E+00 -8.0806023E-01
-8.9317230E-01 1.3934520E-01 -1.0335087E+00 -7.5354859E-01 -1.1691444E+00 -6.2374661E-01
-8.3297919E-01 1.4089240E-01 -9.7352456E-01 -6.9351953E-01 -1.1107658E+00 -5.5987591E-01
-8.8198939E-01 1.4098986E-01 -1.0151178E+00 -7.3537028E-01 -1.1652106E+00 -6.1179819E-01
-1.0112522E+00 1.5371826E-01 -1.1633252E+00 -8.5931139E-01 -1.3216702E+00 -7.1742636E-01
-1.1597572E+00 1.7187120E-01 -1.3276174E+00 -9.9148936E-01 -1.5062543E+00 -8.2865744E-01
-1.2615989E+00 1.9335578E-01 -1.4365639E+00 -1.0568845E+00 -1.6650484E+00 -9.0471724E-01
-1.2722368E+00 2.2151547E-01 -1.4654732E+00 -1.0326730E+00 -1.7180443E+00 -8.5036570E-01
-1.1999024E+00 2.5239064E-01 -1.4189157E+00 -9.3088453E-01 -1.7085145E+00 -7.1517584E-01
-1.0877765E+00 2.8146968E-01 -1.3350322E+00 -7.9243534E-01 -1.6423656E+00 -5.4016968E-01
-9.7808680E-01 3.0430002E-01 -1.2336101E+00 -6.5969768E-01 -1.5748007E+00 -3.9574945E-01
-9.0721151E-01 3.2713050E-01 -1.1499268E+00 -5.5451597E-01 -1.5554565E+00 -3.0315266E-01
-8.9133740E-01 3.7685605E-01 -1.1618023E+00 -4.9406833E-01 -1.6464966E+00 -1.9173270E-01
-9.1645074E-01 4.8304955E-01 -1.2718344E+00 -3.8575753E-01 -1.8931523E+00 -2.5827343E-02
-9.6268725E-01 6.3096287E-01 -1.4473856E+00 -2.1697660E-01 -2.2187594E+00 1.7077988E-01
-1.0023140E+00 7.6431504E-01 -1.5947140E+00 -5.6414741E-02 -2.4667213E+00 3.6548027E-01
-1.0177790E+00 8.2730472E-01 -1.6781348E+00 3.9855330E-03 -2.5196125E+00 5.0000000E-01
