-9.4873612E-01 2.3575667E-01 -1.1857504E+00 -7.1459391E-01 -1.4074391E+00 -4.8481399E-01
-9.7954402E-01 1.7712931E-01 -1.1566107E+00 -8.0472624E-01 -1.3225932E+00 -6.2867189E-01
-1.0438727E+00 1.1176639E-01 -1.1556380E+00 -9.3264463E-01 -1.2606005E+00 -8.2427901E-01
-1.1019001E+00 1.2132314E-01 -1.2222523E+00 -9.8109340E-01 -1.3426668E+00 -8.6674789E-01
-1.1107672E+00 1.4121743E-01 -1.2510715E+00 -9.7036949E-01 -1.3887181E+00 -8.3378024E-01
-1.0658198E+00 1.3902402E-01 -1.2057394E+00 -9.2450989E-01 -1.3361507E+00 -7.9607666E-01
-9.9403401E-01 1.3510381E-01 -1.1312906E+00 -8.5842498E-01 -1.2565873E+00 -7.3422675E-01
-9.3440410E-01 1.4579018E-01 -1.0725798E+00 -7.8360724E-01 -1.2271464E+00 -6.5516287E-01
-9.1595666E-01 1.5927524E-01 -1.0715514E+00 -7.5836499E-01 -1.2419247E+00 -6.0944836E-01
-9.3791474E-01 1.7230465E-01 -1.1088057E+00 -7.6534846E-01 -1.2826982E+00 -6.1114887E-01
-9.7781615E-01 1.9516601E-01 -1.1700495E+00 -7.8395460E-01 -1.3724662E+00 -6.0736070E-01
-1.0208031E+00 2.2739013E-01 -1.2258972E+00 -7.8011593E-01 -1.4929285E+00 -5.9894190E-01
-1.0633094E+00 2.6486743E-01 -1.2960575E+00 -7.7406630E-01 -1.5900351E+00 -5.6303979E-01
-1.1117612E+00 2.9834119E-01 -1.3646864E+00 -7.8307256E-01 -1.7142601E+00 -5.4943761E-01
-1.1785784E+00 3.3490910E-01 -1.4411897E+00 -8.0195357E-01 -1.8669393E+00 -5.6441892E-01
-1.2638053E+00 4.0262851E-01 -1.5594066E+00 -7.9453978E-01 -2.0884498E+00 -5.3724230E-01
-1.3544885E+00 5.2253008E-01 -1.7709271E+00 -7.4278486E-01 -2.4175481E+00 -4.0906285E-01
-1.4305272E+00 6.7158418E-01 -2.0309360E+00 -6.5392646E-01 -2.8124147E+00 -2.3372820E-01
-1.4791717E+00 8.0298215E-01 -2.2455799E+00 -5.6515965E-01 -3.0719868E+00 1.9133735E-04
-1.4974832E+00 8.6575898E-01 -2.3510350E+00 -5.2613688E-01 -3.1978686E+00 1.1217191E-01
