-7.7593071E-01 2.3644511E-01 -1.0113525E+00 -5.4018293E-01 -1.2367800E+00 -3.1346170E-01
-8.0201567E-01 1.7755742E-01 -9.7712602E-01 -6.2529275E-01 -1.1485270E+00 -4.5432938E-01
-8.8258351E-01 1.1335273E-01 -9.9611961E-01 -7.7059357E-01 -1.1048046E+00 -6.6198839E-01
-1.0133286E+00 1.2198754E-01 -1.1334717E+00 -8.9361291E-01 -1.2572684E+00 -7.7342792E-01
-1.1557246E+00 1.4030809E-01 -1.2864412E+00 -1.0093994E+00 -1.4391332E+00 -8.8907048E-01
-1.2487951E+00 1.4002000E-01 -1.3889710E+00 -1.1089617E+00 -1.5275167E+00 -9.8225951E-01
-1.2465449E+00 1.3808829E-01 -1.3774872E+00 -1.1034233E+00 -1.5239235E+00 -9.8487961E-01
-1.1428010E+00 1.4851463E-01 -1.2905595E+00 -9.9375888E-01 -1.4325585E+00 -8.5528275E-01
-9.8413966E-01 1.6629129E-01 -1.1491063E+00 -8.1928524E-01 -1.3100705E+00 -6.5683828E-01
-8.4935124E-01 1.8364242E-01 -1.0200543E+00 -6.6063563E-01 -1.2224877E+00 -4.9902009E-01
-8.0232601E-01 2.0496809E-01 -9.9147607E-01 -5.8836703E-01 -1.2306599E+00 -4.2362766E-01
-8.6481440E-01 2.2971483E-01 -1.0734175E+00 -6.2009565E-01 -1.3250377E+00 -4.2586718E-01
-1.0068742E+00 2.5486723E-01 -1.2400737E+00 -7.3927803E-01 -1.5287221E+00 -5.3187979E-01
-1.1709962E+00 2.8891557E-01 -1.4225010E+00 -8.6544228E-01 -1.7431492E+00 -6.1331626E-01
-1.3056812E+00 3.4833546E-01 -1.5659490E+00 -9.1413041E-01 -2.0154830E+00 -6.6893599E-01
-1.3870559E+00 4.4990732E-01 -1.7023840E+00 -8.6144585E-01 -2.3288561E+00 -5.8725031E-01
-1.4158114E+00 5.8923137E-01 -1.8691472E+00 -7.0802365E-01 -2.6232520E+00 -3.6856114E-01
-1.4090707E+00 7.4348421E-01 -2.0325551E+00 -5.0284146E-01 -2.8870072E+00 -9.8765795E-02
-1.3937984E+00 8.7345818E-01 -2.1863539E+00 -3.4293124E-01 -3.1462593E+00 1.3070638E-01
-1.3857303E+00 9.3254023E-01 -2.2499535E+00 -2.6182329E-01 -3.5000000E+00 5.0000000E-01
