-9.7401840E-01 2.3939842E-01 -1.2101389E+00 -7.3591793E-01 -1.4392411E+00 -4.9579089E-01
-9.5751065E-01 1.8050214E-01 -1.1323619E+00 -7.7743802E-01 -1.3122604E+00 -5.9769012E-01
-9.3224160E-01 1.1307329E-01 -1.0441847E+00 -8.2058493E-01 -1.1550758E+00 -7.1096362E-01
-9.3253902E-01 1.1939215E-01 -1.0497874E+00 -8.1542133E-01 -1.1663610E+00 -6.9464004E-01
-9.7678248E-01 1.3912304E-01 -1.1142301E+00 -8.3937612E-01 -1.2516946E+00 -7.0646412E-01
-1.0515704E+00 1.3928214E-01 -1.1898354E+00 -9.1284920E-01 -1.3235218E+00 -7.8259384E-01
-1.1091122E+00 1.3788456E-01 -1.2468350E+00 -9.7356642E-01 -1.3829737E+00 -8.4197751E-01
-1.1058558E+00 1.5023695E-01 -1.2572533E+00 -9.5524781E-01 -1.4002174E+00 -8.1479214E-01
-1.0454432E+00 1.6590292E-01 -1.2110277E+00 -8.8015488E-01 -1.3784306E+00 -7.2914939E-01
-9.7108750E-01 1.8190240E-01 -1.1380673E+00 -7.8033818E-01 -1.3426272E+00 -6.2736449E-01
-9.3279301E-01 2.0534738E-01 -1.1214340E+00 -7.1982867E-01 -1.3547896E+00 -5.4489976E-01
-9.6166432E-01 2.3357359E-01 -1.1689784E+00 -7.1388837E-01 -1.4319424E+00 -5.1224124E-01
-1.0583876E+00 2.6355753E-01 -1.2829795E+00 -7.7401266E-01 -1.5892077E+00 -5.6064224E-01
-1.1951314E+00 2.9676052E-01 -1.4419580E+00 -8.7334588E-01 -1.7971059E+00 -6.3691096E-01
-1.3285541E+00 3.4940211E-01 -1.5901210E+00 -9.3421183E-01 -2.0586567E+00 -6.9627306E-01
-1.4249486E+00 4.4239318E-01 -1.7370738E+00 -9.0696502E-01 -2.3630745E+00 -6.4416235E-01
-1.4697434E+00 5.7944745E-01 -1.9133425E+00 -7.6178377E-01 -2.6511345E+00 -4.4909543E-01
-1.4734868E+00 7.3858889E-01 -2.1004418E+00 -5.5944408E-01 -2.9558721E+00 -2.0723332E-01
-1.4570214E+00 8.7324069E-01 -2.2495533E+00 -3.8608831E-01 -3.1687949E+00 7.7497062E-02
-1.4458424E+00 9.3376794E-01 -2.3244676E+00 -3.2009373E-01 -3.5000000E+00 5.0000000E-01
