-1.3092697E+00 2.4469914E-01 -1.5488011E+00 -1.0678125E+00 -1.7986184E+00 -8.2690625E-01
-1.2666447E+00 1.8577912E-01 -1.4501973E+00 -1.0823188E+00 -1.6340275E+00 -9.0229066E-01
-1.1604729E+00 1.1661429E-01 -1.2710413E+00 -1.0391321E+00 -1.3954656E+00 -9.3806495E-01
-1.0246411E+00 1.2372473E-01 -1.1483550E+00 -9.0175952E-01 -1.2697462E+00 -7.8588524E-01
-9.1816736E-01 1.4194477E-01 -1.0606963E+00 -7.7837358E-01 -1.1973004E+00 -6.4294007E-01
-8.8548769E-01 1.4012489E-01 -1.0236730E+00 -7.4832713E-01 -1.1654134E+00 -6.1181638E-01
-9.2802573E-01 1.4195803E-01 -1.0704506E+00 -7.8772118E-01 -1.2095450E+00 -6.5289765E-01
-1.0139858E+00 1.5438250E-01 -1.1602955E+00 -8.5397423E-01 -1.3233760E+00 -7.1754269E-01
-1.1022821E+00 1.6621620E-01 -1.2669924E+00 -9.3848946E-01 -1.4392873E+00 -7.8558455E-01
-1.1643974E+00 1.8458249E-01 -1.3342663E+00 -9.7401827E-01 -1.5440367E+00 -8.1742192E-01
-1.1857695E+00 2.1564619E-01 -1.3827357E+00 -9.6006265E-01 -1.6055614E+00 -7.6954330E-01
-1.1655145E+00 2.5032986E-01 -1.3823824E+00 -8.9779514E-01 -1.6619558E+00 -6.9266872E-01
-1.1185894E+00 2.8000969E-01 -1.3558258E+00 -8.2124744E-01 -1.6886865E+00 -5.8967160E-01
-1.0689447E+00 2.9999950E-01 -1.3057550E+00 -7.4027272E-01 -1.6885066E+00 -5.0918819E-01
-1.0366175E+00 3.2310613E-01 -1.2805438E+00 -6.8521016E-01 -1.6993307E+00 -4.3107973E-01
-1.0283453E+00 3.8515743E-01 -1.2999056E+00 -5.9332884E-01 -1.8128267E+00 -3.2020560E-01
-1.0428407E+00 5.0351042E-01 -1.4116244E+00 -4.6106301E-01 -2.0742320E+00 -1.3183956E-01
-1.0658289E+00 6.5225817E-01 -1.5603572E+00 -2.8483629E-01 -2.3787601E+00 1.0391917E-01
-1.0821490E+00 7.8625648E-01 -1.7186475E+00 -1.3816356E-01 -2.6035413E+00 3.4866136E-01
-1.0880487E+00 8.4948375E-01 -1.7915692E+00 -6.7147012E-02 -2.6436784E+00 5.0000000E-01
