-1.0803141E+00 2.3349620E-01 -1.3090038E+00 -8.4976711E-01 -1.5468821E+00 -6.2615841E-01
-1.0830984E+00 1.7636734E-01 -1.2565706E+00 -9.1110387E-01 -1.4366053E+00 -7.3972554E-01
-1.0967097E+00 1.1649574E-01 -1.2132316E+00 -9.8012290E-01 -1.3242707E+00 -8.6966545E-01
-1.1206050E+00 1.2306149E-01 -1.2434528E+00 -9.9762132E-01 -1.3605043E+00 -8.8299838E-01
-1.1385010E+00 1.3876403E-01 -1.2765920E+00 -9.9996942E-01 -1.4106849E+00 -8.6935002E-01
-1.1246431E+00 1.3961518E-01 -1.2635242E+00 -9.8447052E-01 -1.4003529E+00 -8.5522956E-01
-1.0660174E+00 1.3760300E-01 -1.2026829E+00 -9.2840566E-01 -1.3382317E+00 -7.9883963E-01
-9.7083223E-01 1.4612030E-01 -1.1168565E+00 -8.2626911E-01 -1.2589363E+00 -6.8727581E-01
-8.6645880E-01 1.5953715E-01 -1.0246610E+00 -7.0940367E-01 -1.1896460E+00 -5.5912971E-01
-7.9582006E-01 1.7558429E-01 -9.5744110E-01 -6.1383351E-01 -1.1532598E+00 -4.6225479E-01
-7.9882542E-01 1.9828638E-01 -9.8118589E-01 -5.9283589E-01 -1.2083891E+00 -4.2924554E-01
-8.8617787E-01 2.2475129E-01 -1.0897316E+00 -6.4958492E-01 -1.3475888E+00 -4.6694492E-01
-1.0339984E+00 2.5449717E-01 -1.2597785E+00 -7.6363493E-01 -1.5640813E+00 -5.6685783E-01
-1.2020854E+00 2.9005219E-01 -1.4446073E+00 -8.8908022E-01 -1.7880722E+00 -6.5241965E-01
-1.3488361E+00 3.3988719E-01 -1.6141273E+00 -9.6572631E-01 -2.0444136E+00 -7.1534083E-01
-1.4517504E+00 4.2294433E-01 -1.7706603E+00 -9.6070051E-01 -2.3251770E+00 -6.8759454E-01
-1.5125806E+00 5.4965914E-01 -1.9442964E+00 -8.6398813E-01 -2.6454998E+00 -5.2391161E-01
-1.5449582E+00 6.9848292E-01 -2.1591910E+00 -7.2398722E-01 -2.9715686E+00 -2.9975811E-01
-1.5601163E+00 8.2966019E-01 -2.3336824E+00 -5.9003084E-01 -3.2208453E+00 -9.1594993E-02
-1.5648106E+00 8.9198358E-01 -2.4169246E+00 -5.2917878E-01 -3.3914395E+00 -2.8769206E-02
