-8.1187219E-01 2.4319458E-01 -1.0551167E+00 -5.6740008E-01 -1.2878008E+00 -3.4091512E-01
-8.2183531E-01 1.8469791E-01 -1.0080762E+00 -6.3659500E-01 -1.1815226E+00 -4.6277408E-01
-8.4747241E-01 1.1586111E-01 -9.6318479E-01 -7.3182759E-01 -1.0767485E+00 -6.2515511E-01
-8.9250899E-01 1.2305323E-01 -1.0150041E+00 -7.7132725E-01 -1.1360934E+00 -6.5215447E-01
-9.5975189E-01 1.4266467E-01 -1.1035421E+00 -8.1765303E-01 -1.2452176E+00 -6.9031646E-01
-1.0434152E+00 1.4432152E-01 -1.1879543E+00 -8.9804384E-01 -1.3347564E+00 -7.7078388E-01
-1.1283270E+00 1.4412487E-01 -1.2721206E+00 -9.8607280E-01 -1.4197019E+00 -8.4935516E-01
-1.1930417E+00 1.5333425E-01 -1.3460459E+00 -1.0409743E+00 -1.5028959E+00 -8.9954573E-01
-1.2210551E+00 1.7197713E-01 -1.3823256E+00 -1.0431099E+00 -1.5724673E+00 -8.9547570E-01
-1.2078071E+00 1.9655246E-01 -1.3888127E+00 -1.0032521E+00 -1.6158202E+00 -8.4152853E-01
-1.1519464E+00 2.1870054E-01 -1.3416733E+00 -9.1664777E-01 -1.6151212E+00 -7.5077760E-01
-1.0649082E+00 2.4294891E-01 -1.2823434E+00 -8.0434954E-01 -1.5735636E+00 -6.2025800E-01
-9.7052267E-01 2.7059005E-01 -1.2105338E+00 -6.7886597E-01 -1.5443953E+00 -4.7855980E-01
-8.9586074E-01 2.9418762E-01 -1.1376324E+00 -5.7827514E-01 -1.4813686E+00 -3.3738857E-01
-8.6497905E-01 3.2259941E-01 -1.0968434E+00 -5.1800699E-01 -1.5173850E+00 -2.7437211E-01
-8.8321018E-01 3.8897174E-01 -1.1486185E+00 -4.5796984E-01 -1.6901918E+00 -1.8067368E-01
-9.3620545E-01 5.0489989E-01 -1.3076684E+00 -3.6068596E-01 -1.9817901E+00 -1.9303135E-02
-9.9789941E-01 6.4604882E-01 -1.5073567E+00 -2.3211681E-01 -2.2873470E+00 1.8056710E-01
-1.0440983E+00 7.7045152E-01 -1.6771798E+00 -1.1205487E-01 -2.5229003E+00 3.6643269E-01
-1.0632387E+00 8.2851008E-01 -1.7557848E+00 -5.8144587E-02 -2.5646459E+00 5.0000000E-01
