-1.0506928E+00 2.3759313E-01 -1.2860347E+00 -8.1626882E-01 -1.5191031E+00 -5.8450653E-01
-1.0405436E+00 1.8167463E-01 -1.2200172E+00 -8.5912217E-01 -1.4012244E+00 -6.8693509E-01
-1.0178783E+00 1.1530658E-01 -1.1332056E+00 -9.0253271E-01 -1.2415929E+00 -7.9129584E-01
-9.8594529E-01 1.1978009E-01 -1.1036291E+00 -8.6574449E-01 -1.2216823E+00 -7.5243266E-01
-9.5421810E-01 1.3752738E-01 -1.0915677E+00 -8.1929034E-01 -1.2260087E+00 -6.8395865E-01
-9.3781021E-01 1.3888699E-01 -1.0750004E+00 -8.0095688E-01 -1.2201382E+00 -6.7156269E-01
-9.5228381E-01 1.3967109E-01 -1.0928488E+00 -8.1253287E-01 -1.2302057E+00 -6.8381949E-01
-9.9399220E-01 1.4774203E-01 -1.1333934E+00 -8.4048242E-01 -1.2918683E+00 -7.1444540E-01
-1.0466283E+00 1.6408880E-01 -1.2127280E+00 -8.8291010E-01 -1.3718252E+00 -7.3157189E-01
-1.0944067E+00 1.8297722E-01 -1.2760077E+00 -9.1295833E-01 -1.4649482E+00 -7.4545931E-01
-1.1303033E+00 2.0639502E-01 -1.3174387E+00 -9.1275588E-01 -1.5646051E+00 -7.4769877E-01
-1.1592314E+00 2.4110214E-01 -1.3675106E+00 -8.9760182E-01 -1.6702941E+00 -7.1964721E-01
-1.1865569E+00 2.7607461E-01 -1.4248937E+00 -8.8354095E-01 -1.7426549E+00 -6.6904503E-01
-1.2099219E+00 3.0509310E-01 -1.4583940E+00 -8.7363673E-01 -1.8255479E+00 -6.3511163E-01
-1.2289005E+00 3.4598819E-01 -1.4804274E+00 -8.4414770E-01 -1.9387355E+00 -5.9842206E-01
-1.2434226E+00 4.3324246E-01 -1.5438474E+00 -7.4887922E-01 -2.1393789E+00 -4.7944127E-01
-1.2545685E+00 5.6633687E-01 -1.6655281E+00 -5.7936989E-01 -2.4214469E+00 -2.6140373E-01
-1.2569036E+00 7.1472389E-01 -1.8012735E+00 -3.6368287E-01 -2.6831627E+00 -4.3633465E-03
-1.2531169E+00 8.4180312E-01 -1.9496412E+00 -1.9861015E-01 -2.8816761E+00 2.5215592E-01
-1.2483136E+00 9.0198042E-01 -2.0312531E+00 -1.3403280E-01 -2.9157183E+00 4.4599321E-01
