-6.6846187E-01 2.4299706E-01 -9.0824774E-01 -4.2602654E-01 -1.1383951E+00 -1.8176145E-01
-7.4726323E-01 1.8562612E-01 -9.3091352E-01 -5.6096053E-01 -1.1066066E+00 -3.7825942E-01
-9.1400093E-01 1.1518156E-01 -1.0299330E+00 -7.9832230E-01 -1.1397227E+00 -6.9093201E-01
-1.0837672E+00 1.1844170E-01 -1.2001677E+00 -9.6731135E-01 -1.3209005E+00 -8.5551683E-01
-1.1670344E+00 1.4172229E-01 -1.3000910E+00 -1.0188793E+00 -1.4521227E+00 -8.9722525E-01
-1.1377088E+00 1.4406448E-01 -1.2825527E+00 -9.9533324E-01 -1.4211783E+00 -8.5732876E-01
-1.0418721E+00 1.4031328E-01 -1.1815898E+00 -9.0217450E-01 -1.3181598E+00 -7.6826500E-01
-9.5789878E-01 1.5131246E-01 -1.1079265E+00 -8.0761858E-01 -1.2583783E+00 -6.6718249E-01
-9.4053461E-01 1.7009065E-01 -1.1007409E+00 -7.6460278E-01 -1.2848974E+00 -6.2362705E-01
-9.8903894E-01 1.8949749E-01 -1.1632058E+00 -7.9133268E-01 -1.3792660E+00 -6.3701359E-01
-1.0696129E+00 2.1301951E-01 -1.2599560E+00 -8.4371360E-01 -1.5120996E+00 -6.7736545E-01
-1.1494451E+00 2.4175513E-01 -1.3600554E+00 -8.8788366E-01 -1.6577576E+00 -7.1175351E-01
-1.2048086E+00 2.7300547E-01 -1.4445023E+00 -9.1067628E-01 -1.7441560E+00 -6.8342039E-01
-1.2201918E+00 2.9868519E-01 -1.4623043E+00 -8.8904306E-01 -1.8231045E+00 -6.6293315E-01
-1.1888474E+00 3.3237382E-01 -1.4320271E+00 -8.1768138E-01 -1.8774982E+00 -5.7844154E-01
-1.1205157E+00 4.0975279E-01 -1.3982134E+00 -6.5765537E-01 -1.9966168E+00 -3.8199657E-01
-1.0371775E+00 5.3425741E-01 -1.3864784E+00 -4.0445595E-01 -2.1679537E+00 -1.0944957E-01
-9.6063903E-01 6.7716650E-01 -1.3937203E+00 -1.1280532E-01 -2.3433343E+00 1.8373886E-01
-9.0674122E-01 8.0104769E-01 -1.3737601E+00 1.6903047E-01 -2.4823787E+00 4.0662223E-01
-8.8494443E-01 8.5875225E-01 -1.4042084E+00 2.7485818E-01 -2.5195239E+00 5.0000000E-01
