-1.1410360E+00 2.3637718E-01 -1.3750993E+00 -9.0547873E-01 -1.6006151E+00 -6.7538553E-01
-1.1399420E+00 1.7805785E-01 -1.3154413E+00 -9.6352048E-01 -1.4904296E+00 -7.9118551E-01
-1.1220212E+00 1.1151373E-01 -1.2266879E+00 -1.0053676E+00 -1.3473807E+00 -9.0932188E-01
-1.0678934E+00 1.1720013E-01 -1.1833351E+00 -9.5278593E-01 -1.2976395E+00 -8.3587006E-01
-9.8399511E-01 1.3750351E-01 -1.1183304E+00 -8.4874069E-01 -1.2533796E+00 -7.1402660E-01
-8.9685705E-01 1.3757161E-01 -1.0331528E+00 -7.5892824E-01 -1.1685837E+00 -6.2695520E-01
-8.4152840E-01 1.3328915E-01 -9.7379260E-01 -7.0729421E-01 -1.1078546E+00 -5.8309576E-01
-8.4193309E-01 1.4558840E-01 -9.8869756E-01 -6.9563600E-01 -1.1272013E+00 -5.5880180E-01
-9.0271256E-01 1.6339321E-01 -1.0660489E+00 -7.4118318E-01 -1.2277164E+00 -5.8449575E-01
-1.0053858E+00 1.8350335E-01 -1.1749665E+00 -8.1344857E-01 -1.3830551E+00 -6.6203219E-01
-1.1248336E+00 2.1304402E-01 -1.3083855E+00 -8.9696624E-01 -1.5755125E+00 -7.3486824E-01
-1.2424373E+00 2.5240763E-01 -1.4593977E+00 -9.7320913E-01 -1.7472416E+00 -7.5761404E-01
-1.3434248E+00 2.9171575E-01 -1.5854226E+00 -1.0270868E+00 -1.9219821E+00 -7.8949627E-01
-1.4152684E+00 3.2799804E-01 -1.6737645E+00 -1.0564329E+00 -2.0703276E+00 -7.9890574E-01
-1.4518682E+00 3.7991147E-01 -1.7331761E+00 -1.0260557E+00 -2.2302044E+00 -7.6301328E-01
-1.4519385E+00 4.6845007E-01 -1.7919857E+00 -8.9911876E-01 -2.4015236E+00 -6.2183130E-01
-1.4225177E+00 5.9471893E-01 -1.8967412E+00 -7.0891090E-01 -2.6189044E+00 -3.6605401E-01
-1.3841253E+00 7.3810599E-01 -2.0147916E+00 -4.8698565E-01 -2.8268192E+00 -7.2510558E-02
-1.3564544E+00 8.5983490E-01 -2.1296162E+00 -3.0462626E-01 -3.0024474E+00 1.9711562E-01
-1.3457300E+00 9.1609878E-01 -2.1974377E+00 -2.4247722E-01 -3.5000000E+00 5.0000000E-01
