-7.7686553E-01 2.3989538E-01 -1.0167999E+00 -5.3639561E-01 -1.2420323E+00 -3.0521213E-01
-8.2063033E-01 1.8301603E-01 -1.0042033E+00 -6.3835101E-01 -1.1756991E+00 -4.6158017E-01
-9.1599674E-01 1.1665877E-01 -1.0311288E+00 -7.9948036E-01 -1.1469761E+00 -6.8772329E-01
-1.0229450E+00 1.2051040E-01 -1.1440729E+00 -9.0298594E-01 -1.2593760E+00 -7.9065014E-01
-1.0978375E+00 1.3784746E-01 -1.2341846E+00 -9.6166618E-01 -1.3706530E+00 -8.2982545E-01
-1.1163905E+00 1.4114135E-01 -1.2558056E+00 -9.7564745E-01 -1.3989976E+00 -8.4559127E-01
-1.0905085E+00 1.4467969E-01 -1.2333940E+00 -9.4723008E-01 -1.3802072E+00 -8.1097599E-01
-1.0597791E+00 1.5684049E-01 -1.2083574E+00 -8.9836082E-01 -1.3764430E+00 -7.6097573E-01
-1.0664398E+00 1.7478642E-01 -1.2265888E+00 -8.8627384E-01 -1.4267888E+00 -7.3534061E-01
-1.1311429E+00 1.9695362E-01 -1.3131688E+00 -9.2780982E-01 -1.5359085E+00 -7.6139527E-01
-1.2329918E+00 2.1971716E-01 -1.4308480E+00 -9.9927356E-01 -1.6885906E+00 -8.2585796E-01
-1.3175545E+00 2.4163299E-01 -1.5276794E+00 -1.0562617E+00 -1.8278278E+00 -8.7574005E-01
-1.3276188E+00 2.6184052E-01 -1.5479695E+00 -1.0414642E+00 -1.8572735E+00 -8.3157255E-01
-1.2309418E+00 2.8680072E-01 -1.4622779E+00 -9.2340456E-01 -1.8043112E+00 -6.8615809E-01
-1.0387127E+00 3.2761772E-01 -1.2764132E+00 -6.8322723E-01 -1.6955282E+00 -4.3969685E-01
-8.0370592E-01 3.8525352E-01 -1.0613386E+00 -3.7932226E-01 -1.5831927E+00 -1.1629418E-01
-5.9164710E-01 4.5306464E-01 -8.7229374E-01 -9.0715159E-02 -1.5181939E+00 2.0016583E-01
-4.4215637E-01 5.3058421E-01 -7.0037665E-01 1.8391019E-01 -1.5297797E+00 4.0294898E-01
-3.6089642E-01 6.0659101E-01 -5.8046224E-01 3.9027987E-01 -1.5730267E+00 4.8844877E-01
-3.3535814E-01 6.4699291E-01 -5.1769213E-01 5.0000000E-01 -1.6150765E+00 5.0000000E-01
