-7.5549765E-01 2.3386819E-01 -9.8777591E-01 -5.2498705E-01 -1.2181900E+00 -2.9820090E-01
-8.1769373E-01 1.7781245E-01 -9.9653996E-01 -6.4434558E-01 -1.1683372E+00 -4.6946124E-01
-9.4274591E-01 1.1325291E-01 -1.0564040E+00 -8.3040303E-01 -1.1652455E+00 -7.2246678E-01
-1.0573582E+00 1.2132910E-01 -1.1779587E+00 -9.3545355E-01 -1.2957990E+00 -8.2222089E-01
-1.1019296E+00 1.4006076E-01 -1.2393914E+00 -9.6338754E-01 -1.3852968E+00 -8.3353920E-01
-1.0776097E+00 1.4191959E-01 -1.2104511E+00 -9.3329881E-01 -1.3700734E+00 -8.0655302E-01
-1.0355879E+00 1.4492240E-01 -1.1705917E+00 -8.8556272E-01 -1.3295506E+00 -7.5956716E-01
-1.0226599E+00 1.5399983E-01 -1.1693832E+00 -8.6186484E-01 -1.3312188E+00 -7.3130548E-01
-1.0430226E+00 1.6309298E-01 -1.1980471E+00 -8.7435350E-01 -1.3712860E+00 -7.3121509E-01
-1.0637032E+00 1.7715623E-01 -1.2369677E+00 -8.8684854E-01 -1.4186388E+00 -7.2627029E-01
-1.0512635E+00 2.0079165E-01 -1.2385224E+00 -8.3828327E-01 -1.4590252E+00 -6.7312362E-01
-1.0048873E+00 2.3533772E-01 -1.2065223E+00 -7.4409362E-01 -1.4831558E+00 -5.6332676E-01
-9.5531963E-01 2.7371583E-01 -1.1795086E+00 -6.5315853E-01 -1.5104170E+00 -4.4192447E-01
-9.4655998E-01 3.0402504E-01 -1.1870584E+00 -6.1432658E-01 -1.5469605E+00 -3.7815606E-01
-1.0027490E+00 3.3500141E-01 -1.2452105E+00 -6.3863348E-01 -1.6811596E+00 -3.8486554E-01
-1.1131943E+00 4.0002519E-01 -1.3921028E+00 -6.7080784E-01 -1.9405026E+00 -3.8729245E-01
-1.2480976E+00 5.2003250E-01 -1.6528245E+00 -6.5665720E-01 -2.3111288E+00 -2.8900613E-01
-1.3707150E+00 6.7047139E-01 -1.9666281E+00 -6.0424112E-01 -2.7638862E+00 -1.6132603E-01
-1.4554911E+00 8.0250683E-01 -2.2314329E+00 -5.5706903E-01 -3.0540506E+00 4.1000326E-02
-1.4903520E+00 8.6302799E-01 -2.3467885E+00 -5.3300355E-01 -3.1886023E+00 1.3007532E-01
