-1.0127200E+00 2.3610684E-01 -1.2475579E+00 -7.8080669E-01 -1.4789724E+00 -5.5043464E-01
-1.0331059E+00 1.8047167E-01 -1.2122190E+00 -8.5630494E-01 -1.3916550E+00 -6.8216956E-01
-1.0677929E+00 1.1675257E-01 -1.1799160E+00 -9.4739162E-01 -1.2994326E+00 -8.4389665E-01
-1.0821699E+00 1.2181645E-01 -1.2017295E+00 -9.6248560E-01 -1.3254381E+00 -8.4643318E-01
-1.0553118E+00 1.3855758E-01 -1.1942360E+00 -9.1743711E-01 -1.3268497E+00 -7.8349446E-01
-1.0002715E+00 1.3758946E-01 -1.1350530E+00 -8.6381839E-01 -1.2755234E+00 -7.3477614E-01
-9.5365236E-01 1.3962468E-01 -1.0939740E+00 -8.1383764E-01 -1.2302413E+00 -6.8357691E-01
-9.5308559E-01 1.5256127E-01 -1.0922110E+00 -7.9315290E-01 -1.2709027E+00 -6.6522874E-01
-1.0171535E+00 1.7206158E-01 -1.1728404E+00 -8.3647408E-01 -1.3693675E+00 -6.9335594E-01
-1.1279484E+00 1.9323566E-01 -1.3035661E+00 -9.2369430E-01 -1.5274318E+00 -7.6538989E-01
-1.2441653E+00 2.1110824E-01 -1.4386900E+00 -1.0213314E+00 -1.6805481E+00 -8.5185960E-01
-1.3215154E+00 2.3178833E-01 -1.5352614E+00 -1.0840871E+00 -1.7770951E+00 -8.6801169E-01
-1.3294354E+00 2.6217242E-01 -1.5654308E+00 -1.0553226E+00 -1.8465657E+00 -8.2218555E-01
-1.2589700E+00 2.9750957E-01 -1.5101408E+00 -9.3693367E-01 -1.8541101E+00 -6.9259955E-01
-1.1258736E+00 3.4237375E-01 -1.3832817E+00 -7.4904953E-01 -1.8351569E+00 -4.9218075E-01
-9.6718059E-01 4.1383931E-01 -1.2415029E+00 -5.0694798E-01 -1.8144981E+00 -2.1974299E-01
-8.2437058E-01 5.1938072E-01 -1.1380982E+00 -2.3138243E-01 -1.9201250E+00 7.4842498E-02
-7.2463456E-01 6.4268645E-01 -1.0686221E+00 6.0834140E-02 -2.0556809E+00 3.2147105E-01
-6.7095740E-01 7.5038759E-01 -9.9993473E-01 3.2400642E-01 -2.1557660E+00 4.7079938E-01
-6.5478004E-01 8.0098940E-01 -9.1844785E-01 5.0000000E-01 -2.2116185E+00 5.0000000E-01
