-1.0378108E+00 2.3283028E-01 -1.2678669E+00 -8.0327414E-01 -1.4916703E+00 -5.7889600E-01
-1.0177431E+00 1.7626137E-01 -1.1930683E+00 -8.4105665E-01 -1.3585154E+00 -6.7002398E-01
-9.8994680E-01 1.1165196E-01 -1.0994743E+00 -8.7962722E-01 -1.2099836E+00 -7.6991711E-01
-9.8558980E-01 1.1897484E-01 -1.1016874E+00 -8.6880438E-01 -1.2248342E+00 -7.5337369E-01
-1.0175179E+00 1.3764774E-01 -1.1554827E+00 -8.8091438E-01 -1.2863957E+00 -7.4777449E-01
-1.0669312E+00 1.3825496E-01 -1.2037783E+00 -9.2991688E-01 -1.3420160E+00 -7.9900970E-01
-1.0870385E+00 1.3633216E-01 -1.2222975E+00 -9.5217616E-01 -1.3585075E+00 -8.2281806E-01
-1.0426586E+00 1.4512251E-01 -1.1885298E+00 -8.9913376E-01 -1.3310610E+00 -7.6021021E-01
-9.4004428E-01 1.5890570E-01 -1.0984339E+00 -7.8331710E-01 -1.2581347E+00 -6.3646887E-01
-8.2717222E-01 1.7477682E-01 -9.8762509E-01 -6.4537345E-01 -1.1781677E+00 -4.9887021E-01
-7.7178133E-01 1.9486707E-01 -9.4278485E-01 -5.6744149E-01 -1.1795300E+00 -4.1313718E-01
-8.1913766E-01 2.2005767E-01 -1.0100736E+00 -5.8494738E-01 -1.2615415E+00 -3.9944826E-01
-9.7030378E-01 2.5138538E-01 -1.1933359E+00 -7.0373367E-01 -1.4708838E+00 -4.8732002E-01
-1.1915227E+00 2.8665143E-01 -1.4357768E+00 -8.8120059E-01 -1.7581339E+00 -6.4272085E-01
-1.4290059E+00 3.3157943E-01 -1.6900072E+00 -1.0583507E+00 -2.1087967E+00 -8.1660756E-01
-1.6353505E+00 4.0357322E-01 -1.9488541E+00 -1.1685654E+00 -2.4610702E+00 -9.0131015E-01
-1.7858800E+00 5.1799840E-01 -2.2673308E+00 -1.2070109E+00 -2.8269541E+00 -8.3984211E-01
-1.8761603E+00 6.6351909E-01 -2.5938530E+00 -1.1852620E+00 -3.1295316E+00 -6.3965445E-01
-1.9168880E+00 7.9290675E-01 -2.8393817E+00 -1.1442847E+00 -3.3750767E+00 -4.9823115E-01
-1.9267125E+00 8.5324439E-01 -2.9282768E+00 -1.0997827E+00 -3.5000000E+00 -4.6818175E-01
