-1.1617685E+00 2.3332852E-01 -1.3957656E+00 -9.3038237E-01 -1.6211469E+00 -7.0752515E-01
-1.1513065E+00 1.7735611E-01 -1.3288522E+00 -9.7428744E-01 -1.4980994E+00 -8.0616531E-01
-1.1237653E+00 1.1510806E-01 -1.2393291E+00 -1.0093396E+00 -1.3485926E+00 -8.9861082E-01
-1.0819767E+00 1.2012371E-01 -1.2009631E+00 -9.6238947E-01 -1.3175187E+00 -8.4595414E-01
-1.0332409E+00 1.3885310E-01 -1.1725028E+00 -8.9523356E-01 -1.3039542E+00 -7.6203543E-01
-9.8777988E-01 1.3951282E-01 -1.1270327E+00 -8.4918948E-01 -1.2609110E+00 -7.1824677E-01
-9.6775852E-01 1.3816163E-01 -1.1046910E+00 -8.2939986E-01 -1.2416292E+00 -7.0442595E-01
-9.9236595E-01 1.5252546E-01 -1.1444685E+00 -8.3874429E-01 -1.2926332E+00 -6.9820759E-01
-1.0620961E+00 1.7426765E-01 -1.2371407E+00 -8.8744174E-01 -1.4089609E+00 -7.3274132E-01
-1.1529518E+00 1.9547136E-01 -1.3290200E+00 -9.4400453E-01 -1.5550170E+00 -7.9556532E-01
-1.2226522E+00 2.2052967E-01 -1.4195223E+00 -9.9393654E-01 -1.6605338E+00 -7.9092596E-01
-1.2361146E+00 2.4742627E-01 -1.4491393E+00 -9.7152396E-01 -1.7269310E+00 -7.6494674E-01
-1.1803826E+00 2.7046217E-01 -1.4103237E+00 -8.9654413E-01 -1.7080060E+00 -6.6677230E-01
-1.0691064E+00 2.9210855E-01 -1.2965578E+00 -7.5842597E-01 -1.6497771E+00 -5.2344924E-01
-9.3008592E-01 3.1653487E-01 -1.1577101E+00 -5.8963122E-01 -1.5756319E+00 -3.4453564E-01
-7.9186183E-01 3.6416359E-01 -1.0559528E+00 -3.9883255E-01 -1.5198156E+00 -1.2155085E-01
-6.7891139E-01 4.4739523E-01 -9.8790494E-01 -1.7013227E-01 -1.5833156E+00 1.2504087E-01
-6.0597897E-01 5.5710664E-01 -9.5078782E-01 7.2481433E-02 -1.7325842E+00 3.3208669E-01
-5.7366590E-01 6.6222329E-01 -9.1682072E-01 3.0330474E-01 -1.8598115E+00 4.6975087E-01
-5.6714760E-01 7.1456567E-01 -8.7061441E-01 4.5462429E-01 -1.9228977E+00 5.0000000E-01
