-9.6850469E-01 2.4112190E-01 -1.2113983E+00 -7.2735385E-01 -1.4406006E+00 -5.0157569E-01
-9.4473401E-01 1.8063610E-01 -1.1250169E+00 -7.6356397E-01 -1.3025652E+00 -5.9708469E-01
-9.1006975E-01 1.1335446E-01 -1.0231234E+00 -7.9703426E-01 -1.1372019E+00 -6.9291316E-01
-9.0609814E-01 1.2142723E-01 -1.0258016E+00 -7.8560359E-01 -1.1503605E+00 -6.7148930E-01
-9.6673076E-01 1.3808971E-01 -1.1031794E+00 -8.2878823E-01 -1.2385227E+00 -6.9638957E-01
-1.0735029E+00 1.3842857E-01 -1.2115704E+00 -9.3355368E-01 -1.3452359E+00 -8.0538754E-01
-1.1666722E+00 1.4006885E-01 -1.3070383E+00 -1.0274790E+00 -1.4428132E+00 -8.9514539E-01
-1.1859060E+00 1.4686281E-01 -1.3321979E+00 -1.0393793E+00 -1.4733817E+00 -9.0013634E-01
-1.1023912E+00 1.5917155E-01 -1.2541844E+00 -9.3816309E-01 -1.4207748E+00 -7.9713594E-01
-9.4225992E-01 1.7244007E-01 -1.1079776E+00 -7.6021869E-01 -1.2835482E+00 -6.1410424E-01
-7.7770941E-01 1.8600065E-01 -9.4981506E-01 -5.8131524E-01 -1.1578327E+00 -4.2797369E-01
-6.8573988E-01 2.0596059E-01 -8.7591368E-01 -4.6816713E-01 -1.1076554E+00 -3.0424647E-01
-7.1674756E-01 2.3500954E-01 -9.2771483E-01 -4.6794718E-01 -1.2050008E+00 -2.8331791E-01
-8.7632512E-01 2.6618137E-01 -1.1048270E+00 -5.8771981E-01 -1.4086297E+00 -3.6901206E-01
-1.1304278E+00 3.0357367E-01 -1.3718294E+00 -7.9111463E-01 -1.7463835E+00 -5.6352609E-01
-1.4247097E+00 3.6202978E-01 -1.7349891E+00 -1.0320828E+00 -2.1559358E+00 -7.4128768E-01
-1.6994131E+00 4.6220621E-01 -2.1678213E+00 -1.2358961E+00 -2.6283815E+00 -8.2361340E-01
-1.9089870E+00 5.9262380E-01 -2.5626415E+00 -1.3389819E+00 -3.0319360E+00 -7.7865827E-01
-2.0339969E+00 7.0928898E-01 -2.8673982E+00 -1.3803318E+00 -3.3366665E+00 -7.3005563E-01
-2.0785795E+00 7.6492531E-01 -2.9993973E+00 -1.3889829E+00 -3.5000000E+00 -7.4997604E-01
