-1.2626869E+00 2.3785402E-01 -1.4988263E+00 -1.0259124E+00 -1.7343754E+00 -8.0193949E-01
-1.2151991E+00 1.7920710E-01 -1.3930263E+00 -1.0360251E+00 -1.5690989E+00 -8.6802055E-01
-1.1078727E+00 1.1356888E-01 -1.2208192E+00 -9.9405914E-01 -1.3325184E+00 -8.9019038E-01
-9.7852923E-01 1.2264361E-01 -1.0999466E+00 -8.5447417E-01 -1.2187883E+00 -7.3893888E-01
-8.7502357E-01 1.3894965E-01 -1.0109491E+00 -7.3815091E-01 -1.1497457E+00 -6.0142333E-01
-8.2892497E-01 1.3400685E-01 -9.5975024E-01 -6.9705960E-01 -1.1017759E+00 -5.7048530E-01
-8.4469162E-01 1.3172855E-01 -9.7618442E-01 -7.1360405E-01 -1.1114765E+00 -5.9402738E-01
-8.9823414E-01 1.4119506E-01 -1.0396925E+00 -7.5682440E-01 -1.1765115E+00 -6.2539289E-01
-9.5310676E-01 1.5094818E-01 -1.0963761E+00 -7.9952968E-01 -1.2561556E+00 -6.6037340E-01
-9.8049460E-01 1.6542249E-01 -1.1414141E+00 -8.1761047E-01 -1.3179230E+00 -6.6377096E-01
-9.7232167E-01 1.8881165E-01 -1.1453050E+00 -7.7315864E-01 -1.3589175E+00 -6.2030465E-01
-9.4970315E-01 2.1983791E-01 -1.1432035E+00 -7.1658952E-01 -1.3915679E+00 -5.2520817E-01
-9.5386091E-01 2.5356572E-01 -1.1699651E+00 -6.8135975E-01 -1.4648957E+00 -4.7094715E-01
-1.0180845E+00 2.8306940E-01 -1.2567530E+00 -7.1417346E-01 -1.5871719E+00 -4.7804883E-01
-1.1585926E+00 3.1266092E-01 -1.4160322E+00 -8.1187468E-01 -1.7831000E+00 -5.7501680E-01
-1.3614596E+00 3.5823708E-01 -1.6551136E+00 -9.5976503E-01 -2.0817552E+00 -6.9817970E-01
-1.5853553E+00 4.4595853E-01 -1.9919951E+00 -1.1032306E+00 -2.5066967E+00 -7.6632460E-01
-1.7799462E+00 5.7818094E-01 -2.3811003E+00 -1.1910109E+00 -2.8744473E+00 -6.4649847E-01
-1.9068399E+00 7.0782541E-01 -2.6554335E+00 -1.1784131E+00 -3.2672673E+00 -6.1066658E-01
-1.9539496E+00 7.7155143E-01 -2.7732373E+00 -1.1601949E+00 -3.5000000E+00 -6.4147327E-01
