-1.0752415E+00 2.3300870E-01 -1.3062715E+00 -8.4305106E-01 -1.5364358E+00 -6.2776526E-01
-1.0732122E+00 1.7562010E-01 -1.2471722E+00 -8.9728144E-01 -1.4174504E+00 -7.3268530E-01
-1.0670453E+00 1.1438954E-01 -1.1814162E+00 -9.5260383E-01 -1.2928959E+00 -8.4645506E-01
-1.0594696E+00 1.2360015E-01 -1.1822969E+00 -9.3583172E-01 -1.3047334E+00 -8.2170270E-01
-1.0508191E+00 1.3778664E-01 -1.1861147E+00 -9.1247655E-01 -1.3234359E+00 -7.8326912E-01
-1.0452320E+00 1.4006567E-01 -1.1839831E+00 -9.0648367E-01 -1.3247863E+00 -7.7372489E-01
-1.0523971E+00 1.4448769E-01 -1.1979822E+00 -9.0926402E-01 -1.3377255E+00 -7.7258893E-01
-1.0793177E+00 1.5373564E-01 -1.2309291E+00 -9.2777789E-01 -1.3908090E+00 -7.8077229E-01
-1.1169733E+00 1.6768813E-01 -1.2735217E+00 -9.4156350E-01 -1.4574272E+00 -8.0004024E-01
-1.1396127E+00 1.8764495E-01 -1.3158694E+00 -9.4735630E-01 -1.5264383E+00 -7.8918146E-01
-1.1221806E+00 2.1308505E-01 -1.3152963E+00 -8.9942755E-01 -1.5469446E+00 -7.0926400E-01
-1.0667757E+00 2.4170554E-01 -1.2847766E+00 -8.1015449E-01 -1.5412493E+00 -6.0103930E-01
-1.0006420E+00 2.6766141E-01 -1.2431102E+00 -7.1205999E-01 -1.5298149E+00 -4.8696472E-01
-9.6097952E-01 2.8530286E-01 -1.2039895E+00 -6.4555106E-01 -1.5297518E+00 -4.2426291E-01
-9.6896604E-01 3.0699002E-01 -1.2193979E+00 -6.3527907E-01 -1.5848087E+00 -3.8918471E-01
-1.0224896E+00 3.6907414E-01 -1.3236196E+00 -6.1612713E-01 -1.7708225E+00 -3.3361726E-01
-1.0963235E+00 4.8983309E-01 -1.4940299E+00 -5.3329387E-01 -2.0930034E+00 -1.9617607E-01
-1.1632453E+00 6.4218732E-01 -1.6937531E+00 -3.9971650E-01 -2.4480609E+00 3.6865080E-03
-1.2070401E+00 7.7561316E-01 -1.8805514E+00 -2.8551633E-01 -2.7138126E+00 2.2645042E-01
-1.2228929E+00 8.3788827E-01 -1.9753092E+00 -2.3678546E-01 -2.8065017E+00 3.7696198E-01
