-7.1506725E-01 2.3837000E-01 -9.4205673E-01 -4.7024361E-01 -1.1934269E+00 -2.5604192E-01
-7.6899753E-01 1.8097777E-01 -9.4121698E-01 -5.8169860E-01 -1.1304430E+00 -4.2162686E-01
-9.0052358E-01 1.1299893E-01 -1.0124740E+00 -7.8855547E-01 -1.1277745E+00 -6.8159892E-01
-1.0646376E+00 1.2125949E-01 -1.1856836E+00 -9.4318069E-01 -1.3052056E+00 -8.3109568E-01
-1.1887563E+00 1.4333914E-01 -1.3310549E+00 -1.0446612E+00 -1.4748337E+00 -9.1172958E-01
-1.2157891E+00 1.4381118E-01 -1.3582741E+00 -1.0722135E+00 -1.5001570E+00 -9.3635913E-01
-1.1423699E+00 1.4201848E-01 -1.2844365E+00 -1.0004259E+00 -1.4237490E+00 -8.7202650E-01
-1.0113579E+00 1.5256583E-01 -1.1617427E+00 -8.6101361E-01 -1.3151885E+00 -7.1377260E-01
-8.9019080E-01 1.6719483E-01 -1.0546340E+00 -7.2206570E-01 -1.2224374E+00 -5.6915627E-01
-8.2431116E-01 1.7898800E-01 -1.0027341E+00 -6.4580132E-01 -1.1813730E+00 -4.8136519E-01
-8.2990498E-01 1.9301777E-01 -1.0203694E+00 -6.3868042E-01 -1.2207710E+00 -4.6219476E-01
-9.0082645E-01 2.1629169E-01 -1.1158624E+00 -6.8392537E-01 -1.3359142E+00 -4.9178885E-01
-1.0192354E+00 2.4622986E-01 -1.2664586E+00 -7.7138270E-01 -1.5085532E+00 -5.5414802E-01
-1.1594836E+00 2.7756334E-01 -1.4112179E+00 -8.7086001E-01 -1.7427963E+00 -6.4558749E-01
-1.2911897E+00 3.2484716E-01 -1.5425753E+00 -9.3536877E-01 -1.9609055E+00 -6.8354578E-01
-1.3921674E+00 4.1459642E-01 -1.6951803E+00 -9.0790577E-01 -2.2428042E+00 -6.4349986E-01
-1.4608957E+00 5.4997335E-01 -1.9067917E+00 -8.0620827E-01 -2.5688385E+00 -4.6866206E-01
-1.5047112E+00 7.0215894E-01 -2.1508946E+00 -6.9205058E-01 -2.9039471E+00 -2.4694372E-01
-1.5287195E+00 8.3042710E-01 -2.3556791E+00 -5.9417822E-01 -3.1390386E+00 9.2135460E-03
-1.5376919E+00 8.8895197E-01 -2.4484255E+00 -5.5367364E-01 -3.2467605E+00 1.3031291E-01
