-1.1228397E+00 2.3547323E-01 -1.3575826E+00 -8.8845306E-01 -1.5903235E+00 -6.7083016E-01
-1.0865350E+00 1.7839563E-01 -1.2642882E+00 -9.0990994E-01 -1.4411212E+00 -7.4434231E-01
-1.0088377E+00 1.1576087E-01 -1.1226639E+00 -8.9248013E-01 -1.2393292E+00 -7.8521850E-01
-9.2715746E-01 1.2062848E-01 -1.0466674E+00 -8.0643110E-01 -1.1687173E+00 -6.9378515E-01
-8.8655044E-01 1.3925734E-01 -1.0251473E+00 -7.4797261E-01 -1.1603417E+00 -6.1471099E-01
-9.0657364E-01 1.3771428E-01 -1.0445151E+00 -7.6976281E-01 -1.1776194E+00 -6.4017402E-01
-9.7561694E-01 1.3805452E-01 -1.1128746E+00 -8.3825255E-01 -1.2494409E+00 -7.0744533E-01
-1.0601394E+00 1.5272205E-01 -1.2106173E+00 -9.0757143E-01 -1.3626792E+00 -7.6402120E-01
-1.1257708E+00 1.6949492E-01 -1.2913423E+00 -9.5926886E-01 -1.4683852E+00 -7.9716529E-01
-1.1524104E+00 1.8655086E-01 -1.3203737E+00 -9.5713784E-01 -1.5433816E+00 -8.0507154E-01
-1.1445625E+00 2.1503409E-01 -1.3267286E+00 -9.1532683E-01 -1.5787623E+00 -7.3258283E-01
-1.1204700E+00 2.5048530E-01 -1.3311147E+00 -8.4818688E-01 -1.6182843E+00 -6.4341939E-01
-1.1028360E+00 2.8095299E-01 -1.3465198E+00 -7.9901396E-01 -1.6573929E+00 -5.7023708E-01
-1.1000949E+00 3.0180830E-01 -1.3581543E+00 -7.7785103E-01 -1.7005779E+00 -5.2484260E-01
-1.1040761E+00 3.2597747E-01 -1.3601703E+00 -7.4988442E-01 -1.7651135E+00 -4.9363286E-01
-1.1065949E+00 3.9404935E-01 -1.3956616E+00 -6.6525541E-01 -1.9155652E+00 -3.8790664E-01
-1.1069209E+00 5.2461050E-01 -1.5027448E+00 -4.9890554E-01 -2.1853400E+00 -1.6483014E-01
-1.1045382E+00 6.8212927E-01 -1.6242708E+00 -2.5745557E-01 -2.4701828E+00 9.2311684E-02
-1.0998518E+00 8.1609720E-01 -1.7181268E+00 -2.9902990E-02 -2.6595429E+00 3.3372381E-01
-1.0978573E+00 8.7877688E-01 -1.8010892E+00 3.3546187E-02 -2.6810545E+00 5.0000000E-01
