-9.0166983E-01 2.2928329E-01 -1.1285567E+00 -6.7352160E-01 -1.3533253E+00 -4.5664395E-01
-9.5158751E-01 1.7352264E-01 -1.1233731E+00 -7.8047819E-01 -1.2949584E+00 -6.1498130E-01
-1.0617781E+00 1.1062940E-01 -1.1724097E+00 -9.5214383E-01 -1.2765623E+00 -8.4404377E-01
-1.1734054E+00 1.2084240E-01 -1.2934446E+00 -1.0530106E+00 -1.4164198E+00 -9.4240078E-01
-1.2225528E+00 1.3852959E-01 -1.3617612E+00 -1.0843315E+00 -1.4981142E+00 -9.5894105E-01
-1.1836953E+00 1.3755659E-01 -1.3186188E+00 -1.0472972E+00 -1.4582365E+00 -9.1747463E-01
-1.0762676E+00 1.3781804E-01 -1.2129398E+00 -9.3983650E-01 -1.3516720E+00 -8.0919601E-01
-9.4415180E-01 1.4626603E-01 -1.0898994E+00 -7.9990559E-01 -1.2352855E+00 -6.6221778E-01
-8.3606006E-01 1.5743080E-01 -9.9175278E-01 -6.7909314E-01 -1.1515271E+00 -5.3300820E-01
-7.8268128E-01 1.6944413E-01 -9.4070650E-01 -6.0526573E-01 -1.1296247E+00 -4.6504227E-01
-7.9016838E-01 1.8424375E-01 -9.5785176E-01 -5.9768587E-01 -1.1729942E+00 -4.4318911E-01
-8.4680712E-01 2.1324821E-01 -1.0413494E+00 -6.2611939E-01 -1.2900278E+00 -4.4773984E-01
-9.3822786E-01 2.5098964E-01 -1.1507660E+00 -6.6893412E-01 -1.4379538E+00 -4.6179510E-01
-1.0592524E+00 2.8781275E-01 -1.2882625E+00 -7.5292248E-01 -1.6340756E+00 -5.1128707E-01
-1.2096525E+00 3.2717142E-01 -1.4495619E+00 -8.5312333E-01 -1.8782344E+00 -6.0300146E-01
-1.3831474E+00 3.8566242E-01 -1.6653688E+00 -9.4235731E-01 -2.1724380E+00 -6.8495116E-01
-1.5583917E+00 4.8259049E-01 -1.9648131E+00 -1.0133583E+00 -2.5370476E+00 -6.6577037E-01
-1.7040888E+00 6.1486660E-01 -2.3131960E+00 -1.0473754E+00 -2.9033238E+00 -5.3970519E-01
-1.7983763E+00 7.4200713E-01 -2.5907118E+00 -1.0358200E+00 -3.2398605E+00 -4.4272961E-01
-1.8338646E+00 8.0416788E-01 -2.7006533E+00 -1.0011653E+00 -3.4365352E+00 -4.2721020E-01
