-6.3687861E-01 2.3383326E-01 -8.6878130E-01 -4.0307437E-01 -1.0941561E+00 -1.8170811E-01
-6.6986616E-01 1.7691480E-01 -8.4567524E-01 -4.9315379E-01 -1.0171040E+00 -3.2564368E-01
-7.6703492E-01 1.1037614E-01 -8.7608057E-01 -6.5693585E-01 -9.8117221E-01 -5.4789437E-01
-9.2069445E-01 1.1885611E-01 -1.0374490E+00 -8.0438779E-01 -1.1583500E+00 -6.8781276E-01
-1.0928193E+00 1.3877050E-01 -1.2298715E+00 -9.5681657E-01 -1.3692283E+00 -8.2351270E-01
-1.2376125E+00 1.4050743E-01 -1.3749372E+00 -1.0975928E+00 -1.5156444E+00 -9.6269288E-01
-1.3105100E+00 1.4179692E-01 -1.4499505E+00 -1.1682883E+00 -1.5893179E+00 -1.0352183E+00
-1.2822217E+00 1.4907115E-01 -1.4307924E+00 -1.1349815E+00 -1.5798181E+00 -9.9805681E-01
-1.1544796E+00 1.5644078E-01 -1.3093756E+00 -9.9791068E-01 -1.4667427E+00 -8.5377994E-01
-9.6733303E-01 1.6762384E-01 -1.1235333E+00 -7.9321643E-01 -1.3049359E+00 -6.4751990E-01
-7.7418840E-01 1.8693923E-01 -9.4538202E-01 -5.8090773E-01 -1.1651844E+00 -4.2211087E-01
-6.3498458E-01 2.1036740E-01 -8.1888796E-01 -4.1471690E-01 -1.0854246E+00 -2.4578960E-01
-6.0460083E-01 2.3498508E-01 -8.1249297E-01 -3.5591319E-01 -1.0666084E+00 -1.5190018E-01
-7.0751916E-01 2.5852064E-01 -9.3906230E-01 -4.2846448E-01 -1.2198922E+00 -2.1962277E-01
-9.2766237E-01 2.8209077E-01 -1.1675926E+00 -6.1639590E-01 -1.5005969E+00 -3.9705059E-01
-1.2200242E+00 3.3205810E-01 -1.5003516E+00 -8.5272100E-01 -1.8917594E+00 -5.9805388E-01
-1.5221597E+00 4.3596740E-01 -1.9335593E+00 -1.0572732E+00 -2.4002475E+00 -7.0802770E-01
-1.7707882E+00 5.8020990E-01 -2.3859899E+00 -1.1781886E+00 -2.8811840E+00 -6.7363855E-01
-1.9271732E+00 7.1447372E-01 -2.7420292E+00 -1.2503745E+00 -3.2617198E+00 -6.0842021E-01
-1.9824725E+00 7.7976114E-01 -2.8870298E+00 -1.2526209E+00 -3.5000000E+00 -6.3448690E-01
