-1.2008647E+00 2.3093599E-01 -1.4295611E+00 -9.7122716E-01 -1.6529749E+00 -7.4456975E-01
-1.1712725E+00 1.7493602E-01 -1.3467184E+00 -9.9823506E-01 -1.5102899E+00 -8.2568695E-01
-1.1098893E+00 1.1281640E-01 -1.2213764E+00 -9.9802798E-01 -1.3319710E+00 -8.8917681E-01
-1.0509453E+00 1.2313678E-01 -1.1740522E+00 -9.2769712E-01 -1.2999437E+00 -8.1713659E-01
-1.0225257E+00 1.4183392E-01 -1.1586478E+00 -8.7570595E-01 -1.3059540E+00 -7.5268893E-01
-1.0260200E+00 1.4130166E-01 -1.1663932E+00 -8.8464613E-01 -1.3105010E+00 -7.5671139E-01
-1.0395344E+00 1.4017370E-01 -1.1724585E+00 -8.9492850E-01 -1.3226615E+00 -7.7073685E-01
-1.0443639E+00 1.4897860E-01 -1.1922071E+00 -8.9584694E-01 -1.3371514E+00 -7.5389269E-01
-1.0371716E+00 1.6386410E-01 -1.1993846E+00 -8.7500510E-01 -1.3634212E+00 -7.1672863E-01
-1.0251080E+00 1.8000427E-01 -1.1899955E+00 -8.3479470E-01 -1.3962787E+00 -6.8940875E-01
-1.0145840E+00 2.0400715E-01 -1.1976189E+00 -7.9521256E-01 -1.4352619E+00 -6.3862958E-01
-1.0101062E+00 2.3951319E-01 -1.2255151E+00 -7.5205518E-01 -1.5024371E+00 -5.7303554E-01
-1.0210172E+00 2.7623867E-01 -1.2581767E+00 -7.1903636E-01 -1.5971576E+00 -5.2687901E-01
-1.0497536E+00 3.0470227E-01 -1.2969763E+00 -7.1973326E-01 -1.6452303E+00 -4.8232324E-01
-1.0907807E+00 3.3404017E-01 -1.3403069E+00 -7.2370241E-01 -1.7473476E+00 -4.8245230E-01
-1.1393906E+00 3.9790054E-01 -1.4121457E+00 -6.8743740E-01 -1.9615623E+00 -4.3465817E-01
-1.1907189E+00 5.1636906E-01 -1.5669922E+00 -5.8935763E-01 -2.2565065E+00 -2.6390125E-01
-1.2355370E+00 6.6912487E-01 -1.7751945E+00 -4.3548142E-01 -2.5803693E+00 -2.3687440E-02
-1.2656171E+00 8.0626372E-01 -1.9777406E+00 -3.1799612E-01 -2.8336622E+00 2.3112513E-01
-1.2771625E+00 8.7108395E-01 -2.0678459E+00 -2.5834215E-01 -2.9153443E+00 3.9997514E-01
