-9.3986926E-01 2.3556072E-01 -1.1724162E+00 -7.0399659E-01 -1.4007555E+00 -4.7585797E-01
-9.5364673E-01 1.7828256E-01 -1.1303464E+00 -7.7580959E-01 -1.3020422E+00 -6.0329098E-01
-9.8945094E-01 1.1524035E-01 -1.1046427E+00 -8.7434738E-01 -1.2141983E+00 -7.6600311E-01
-1.0365619E+00 1.2293752E-01 -1.1593933E+00 -9.1359389E-01 -1.2759435E+00 -7.9690549E-01
-1.0744943E+00 1.3863984E-01 -1.2117734E+00 -9.3498414E-01 -1.3421652E+00 -8.0186367E-01
-1.0738679E+00 1.3876082E-01 -1.2127990E+00 -9.3353961E-01 -1.3478170E+00 -8.0485700E-01
-1.0236785E+00 1.3983805E-01 -1.1572820E+00 -8.7750959E-01 -1.3046391E+00 -7.5846628E-01
-9.4004047E-01 1.5163712E-01 -1.0902589E+00 -7.9002098E-01 -1.2444422E+00 -6.4919948E-01
-8.5530686E-01 1.6665589E-01 -1.0210481E+00 -6.8855649E-01 -1.1892150E+00 -5.3987199E-01
-8.1490686E-01 1.7945041E-01 -9.9326194E-01 -6.3666931E-01 -1.1751653E+00 -4.7307191E-01
-8.4612806E-01 1.9796581E-01 -1.0299008E+00 -6.3995568E-01 -1.2502146E+00 -4.7636061E-01
-9.4904130E-01 2.2635454E-01 -1.1557209E+00 -7.1330208E-01 -1.4201600E+00 -5.2624103E-01
-1.0970617E+00 2.5312990E-01 -1.3298144E+00 -8.3378537E-01 -1.6208077E+00 -6.2454412E-01
-1.2423074E+00 2.7802075E-01 -1.4856774E+00 -9.4938686E-01 -1.8311309E+00 -7.2847278E-01
-1.3435346E+00 3.2711112E-01 -1.6032664E+00 -9.8974340E-01 -2.0156991E+00 -7.2509599E-01
-1.3892265E+00 4.2187641E-01 -1.6951549E+00 -9.0665081E-01 -2.2710341E+00 -6.2121063E-01
-1.3904203E+00 5.5837012E-01 -1.8194815E+00 -7.2754201E-01 -2.5404310E+00 -3.9591555E-01
-1.3691166E+00 7.1200197E-01 -1.9458128E+00 -4.9414835E-01 -2.7959854E+00 -1.1151130E-01
-1.3448824E+00 8.4105880E-01 -2.0722533E+00 -3.1339922E-01 -2.9867539E+00 1.6743623E-01
-1.3338734E+00 9.0070003E-01 -2.1406695E+00 -2.4111908E-01 -3.5000000E+00 5.0000000E-01
