-1.1297814E+00 2.3263794E-01 -1.3606481E+00 -8.9950862E-01 -1.5882965E+00 -6.7374246E-01
-1.1558674E+00 1.7816835E-01 -1.3326245E+00 -9.7791161E-01 -1.5079396E+00 -8.0988147E-01
-1.1848351E+00 1.1472722E-01 -1.2992410E+00 -1.0714749E+00 -1.4147962E+00 -9.6569714E-01
-1.1719001E+00 1.2469070E-01 -1.2910555E+00 -1.0410435E+00 -1.4206421E+00 -9.3492524E-01
-1.1067215E+00 1.4415460E-01 -1.2499136E+00 -9.6368721E-01 -1.3935036E+00 -8.2797167E-01
-1.0192151E+00 1.4477837E-01 -1.1611257E+00 -8.7632295E-01 -1.3136701E+00 -7.4329161E-01
-9.5114904E-01 1.4369573E-01 -1.0865296E+00 -8.0388542E-01 -1.2440583E+00 -6.7813256E-01
-9.2634126E-01 1.5181611E-01 -1.0758658E+00 -7.7479817E-01 -1.2294221E+00 -6.3348712E-01
-9.4765127E-01 1.6908043E-01 -1.1064993E+00 -7.7074671E-01 -1.2920781E+00 -6.2869525E-01
-1.0055008E+00 1.8871294E-01 -1.1915305E+00 -8.1963955E-01 -1.3946117E+00 -6.4778906E-01
-1.0723855E+00 2.0749929E-01 -1.2645446E+00 -8.5727916E-01 -1.5002196E+00 -6.8144274E-01
-1.1209170E+00 2.3406393E-01 -1.3325747E+00 -8.7329345E-01 -1.5822005E+00 -6.6726698E-01
-1.1430292E+00 2.6899374E-01 -1.3739330E+00 -8.6014979E-01 -1.6828860E+00 -6.2261988E-01
-1.1382412E+00 3.0509789E-01 -1.3812560E+00 -8.1711422E-01 -1.7563778E+00 -5.5509500E-01
-1.1185926E+00 3.4956075E-01 -1.3666388E+00 -7.3699834E-01 -1.8238169E+00 -4.7195913E-01
-1.1030469E+00 4.1825798E-01 -1.3859413E+00 -6.3836199E-01 -1.9688512E+00 -3.5506017E-01
-1.1011278E+00 5.2761147E-01 -1.4687775E+00 -4.8461404E-01 -2.1911668E+00 -1.5673624E-01
-1.1063420E+00 6.6689591E-01 -1.6017790E+00 -2.9399187E-01 -2.4447695E+00 8.4095122E-02
-1.1099664E+00 7.9178548E-01 -1.7569638E+00 -1.4537252E-01 -2.6366364E+00 3.2447541E-01
-1.1095126E+00 8.5239814E-01 -1.8324035E+00 -7.8672538E-02 -2.6506749E+00 5.0000000E-01
