-1.0219849E+00 2.3402128E-01 -1.2529408E+00 -7.8945397E-01 -1.4843908E+00 -5.6214678E-01
-9.9962190E-01 1.8141987E-01 -1.1789057E+00 -8.1980902E-01 -1.3588421E+00 -6.4370706E-01
-9.6606428E-01 1.1957186E-01 -1.0830660E+00 -8.4880289E-01 -1.2036734E+00 -7.2995101E-01
-9.5048835E-01 1.2395133E-01 -1.0740242E+00 -8.2682907E-01 -1.1966436E+00 -7.1015275E-01
-9.7338250E-01 1.4197143E-01 -1.1138582E+00 -8.3249789E-01 -1.2554183E+00 -6.9835424E-01
-1.0334727E+00 1.4369233E-01 -1.1775401E+00 -8.8992105E-01 -1.3188990E+00 -7.5879960E-01
-1.1034413E+00 1.4530611E-01 -1.2414109E+00 -9.5291789E-01 -1.3955022E+00 -8.2541023E-01
-1.1546591E+00 1.6179169E-01 -1.3072203E+00 -9.8693162E-01 -1.4787440E+00 -8.4556340E-01
-1.1770834E+00 1.8184664E-01 -1.3458650E+00 -9.8511382E-01 -1.5491360E+00 -8.3673616E-01
-1.1729483E+00 1.9840541E-01 -1.3556299E+00 -9.6226800E-01 -1.5802423E+00 -8.0738715E-01
-1.1472883E+00 2.1901757E-01 -1.3390227E+00 -9.1348199E-01 -1.5813106E+00 -7.2707567E-01
-1.0975852E+00 2.4351311E-01 -1.3061668E+00 -8.3949057E-01 -1.5839644E+00 -6.2974277E-01
-1.0242919E+00 2.6387092E-01 -1.2423726E+00 -7.3893587E-01 -1.5478031E+00 -5.2069422E-01
-9.3335887E-01 2.8116013E-01 -1.1537572E+00 -6.2813272E-01 -1.5040605E+00 -4.0295346E-01
-8.3861458E-01 3.0523038E-01 -1.0663163E+00 -5.0807480E-01 -1.4587870E+00 -2.6780751E-01
-7.5848331E-01 3.5417141E-01 -1.0122881E+00 -3.7137806E-01 -1.4842032E+00 -1.0444841E-01
-7.0261536E-01 4.4325552E-01 -1.0153694E+00 -2.1072949E-01 -1.6138962E+00 1.1124903E-01
-6.7434410E-01 5.6110537E-01 -1.0471675E+00 -6.7972164E-03 -1.8087074E+00 3.0440137E-01
-6.6605343E-01 6.7289913E-01 -1.0709029E+00 2.0861722E-01 -1.9581327E+00 4.5158731E-01
-6.6637213E-01 7.2795983E-01 -1.1092723E+00 3.0194377E-01 -2.0181966E+00 5.0000000E-01
