-9.0690282E-01 2.4140214E-01 -1.1474412E+00 -6.6811337E-01 -1.3872314E+00 -4.3630306E-01
-9.2422711E-01 1.8281712E-01 -1.1061582E+00 -7.4394480E-01 -1.2865540E+00 -5.6884773E-01
-9.5907858E-01 1.1493920E-01 -1.0742230E+00 -8.4343976E-01 -1.1844151E+00 -7.3690115E-01
-9.9375119E-01 1.2089130E-01 -1.1162823E+00 -8.7347414E-01 -1.2313144E+00 -7.5951213E-01
-1.0151941E+00 1.3979938E-01 -1.1551992E+00 -8.7622987E-01 -1.2901501E+00 -7.4500907E-01
-1.0277820E+00 1.4351310E-01 -1.1703788E+00 -8.8479392E-01 -1.3100477E+00 -7.5294071E-01
-1.0426952E+00 1.4607220E-01 -1.1880655E+00 -8.9834358E-01 -1.3368082E+00 -7.6225195E-01
-1.0652852E+00 1.5524238E-01 -1.2082618E+00 -9.0030301E-01 -1.3805416E+00 -7.7107496E-01
-1.0843333E+00 1.6598558E-01 -1.2399573E+00 -9.1103354E-01 -1.4207751E+00 -7.7085543E-01
-1.0848437E+00 1.8304831E-01 -1.2515382E+00 -8.9284112E-01 -1.4591593E+00 -7.4202126E-01
-1.0612623E+00 2.0947097E-01 -1.2520054E+00 -8.4142436E-01 -1.4942115E+00 -6.7355991E-01
-1.0247024E+00 2.3785953E-01 -1.2384055E+00 -7.7212926E-01 -1.5199164E+00 -5.8455678E-01
-9.9418167E-01 2.5892471E-01 -1.2244672E+00 -7.1444000E-01 -1.5100845E+00 -4.9803700E-01
-9.7661205E-01 2.7492484E-01 -1.2067861E+00 -6.7774763E-01 -1.5322475E+00 -4.5370428E-01
-9.7241138E-01 2.9794395E-01 -1.2073423E+00 -6.4316989E-01 -1.5727062E+00 -4.1936827E-01
-9.8742342E-01 3.6127047E-01 -1.2647457E+00 -5.7628584E-01 -1.7218204E+00 -3.3197462E-01
-1.0168728E+00 4.8266304E-01 -1.3849646E+00 -4.4642620E-01 -1.9920316E+00 -1.5650557E-01
-1.0506991E+00 6.3725159E-01 -1.5582246E+00 -2.8238377E-01 -2.3105351E+00 8.3266308E-02
-1.0792478E+00 7.6991754E-01 -1.7246216E+00 -1.4513845E-01 -2.5451864E+00 3.1180804E-01
-1.0906171E+00 8.3030567E-01 -1.8052664E+00 -8.7562656E-02 -2.5831806E+00 4.8689304E-01
