-8.5257758E-01 2.4248964E-01 -1.0951044E+00 -6.1146063E-01 -1.3307959E+00 -3.7921536E-01
-8.9528293E-01 1.8257382E-01 -1.0786208E+00 -7.1229546E-01 -1.2534609E+00 -5.4100030E-01
-9.8892949E-01 1.1334562E-01 -1.1020512E+00 -8.7577374E-01 -1.2119448E+00 -7.6931495E-01
-1.0808537E+00 1.1968792E-01 -1.1973869E+00 -9.6301747E-01 -1.3189199E+00 -8.4614437E-01
-1.1183047E+00 1.3685657E-01 -1.2524099E+00 -9.8310296E-01 -1.3924720E+00 -8.5034913E-01
-1.0805812E+00 1.3729461E-01 -1.2152664E+00 -9.4225103E-01 -1.3544475E+00 -8.1661672E-01
-9.9948122E-01 1.3683627E-01 -1.1341413E+00 -8.6297032E-01 -1.2665954E+00 -7.2729334E-01
-9.3389469E-01 1.4854945E-01 -1.0811839E+00 -7.8647701E-01 -1.2270174E+00 -6.4575435E-01
-9.3363235E-01 1.6734144E-01 -1.0969110E+00 -7.6879718E-01 -1.2732692E+00 -6.1569704E-01
-1.0154860E+00 1.8726073E-01 -1.1882908E+00 -8.2052608E-01 -1.3973751E+00 -6.6836352E-01
-1.1540020E+00 2.0909502E-01 -1.3482864E+00 -9.3596574E-01 -1.5799355E+00 -7.6175121E-01
-1.2842713E+00 2.3200741E-01 -1.5014790E+00 -1.0428278E+00 -1.7614028E+00 -8.4970453E-01
-1.3363485E+00 2.5672278E-01 -1.5666558E+00 -1.0673457E+00 -1.8446717E+00 -8.3879672E-01
-1.2827620E+00 2.8662346E-01 -1.5114993E+00 -9.7004450E-01 -1.8613991E+00 -7.4588145E-01
-1.1427614E+00 3.3101342E-01 -1.3807109E+00 -7.8036428E-01 -1.8157337E+00 -5.3640474E-01
-9.6354005E-01 3.9595517E-01 -1.2240843E+00 -5.2683304E-01 -1.7878446E+00 -2.5533469E-01
-7.8990796E-01 4.8819760E-01 -1.0803024E+00 -2.4156630E-01 -1.8162099E+00 5.8911995E-02
-6.5674597E-01 6.0369859E-01 -9.7076079E-01 5.5713643E-02 -1.9071553E+00 3.2828260E-01
-5.8509860E-01 7.0979801E-01 -8.9342386E-01 3.2034283E-01 -1.9886186E+00 4.7986267E-01
-5.6610424E-01 7.6159327E-01 -8.0343689E-01 5.0000000E-01 -2.0516678E+00 5.0000000E-01
