-8.5995758E-01 2.4149524E-01 -1.1027471E+00 -6.1628331E-01 -1.3334883E+00 -3.9063565E-01
-8.7126108E-01 1.8384501E-01 -1.0555090E+00 -6.8749188E-01 -1.2278692E+00 -5.0924970E-01
-9.0732361E-01 1.1759372E-01 -1.0246881E+00 -7.8998987E-01 -1.1375029E+00 -6.7747264E-01
-9.7113191E-01 1.2201537E-01 -1.0921275E+00 -8.5041429E-01 -1.2129743E+00 -7.3555983E-01
-1.0541807E+00 1.4396511E-01 -1.1959221E+00 -9.1062961E-01 -1.3398425E+00 -7.7509227E-01
-1.1273933E+00 1.4669330E-01 -1.2725584E+00 -9.8122535E-01 -1.4189314E+00 -8.4536737E-01
-1.1587942E+00 1.4667041E-01 -1.3060464E+00 -1.0130709E+00 -1.4502209E+00 -8.7846535E-01
-1.1337700E+00 1.5777842E-01 -1.2844278E+00 -9.7073162E-01 -1.4516029E+00 -8.3256496E-01
-1.0674827E+00 1.7018100E-01 -1.2259163E+00 -8.9276652E-01 -1.4163466E+00 -7.4578829E-01
-9.9381448E-01 1.8214255E-01 -1.1613479E+00 -8.0658415E-01 -1.3677321E+00 -6.5379098E-01
-9.4590457E-01 2.0595985E-01 -1.1243361E+00 -7.2921404E-01 -1.3848338E+00 -5.6553456E-01
-9.3922280E-01 2.3784404E-01 -1.1415317E+00 -6.8278668E-01 -1.4183103E+00 -4.8535552E-01
-9.7103236E-01 2.6210081E-01 -1.1895139E+00 -6.8885366E-01 -1.4970209E+00 -4.7011241E-01
-1.0256161E+00 2.8071812E-01 -1.2685812E+00 -7.2751322E-01 -1.5890224E+00 -4.9482886E-01
-1.0886249E+00 3.1210876E-01 -1.3364961E+00 -7.5130555E-01 -1.7256242E+00 -4.9444513E-01
-1.1481902E+00 3.8596369E-01 -1.4335664E+00 -7.1254953E-01 -1.9403586E+00 -4.3701881E-01
-1.2011450E+00 5.1648064E-01 -1.5958852E+00 -6.0309678E-01 -2.2610340E+00 -2.6469154E-01
-1.2409770E+00 6.7697976E-01 -1.7896376E+00 -4.3504882E-01 -2.6070050E+00 -2.5684121E-02
-1.2638453E+00 8.1539930E-01 -1.9622766E+00 -2.8734892E-01 -2.8719992E+00 2.2252143E-01
-1.2725694E+00 8.7711461E-01 -2.0417761E+00 -2.1979616E-01 -2.9543498E+00 3.7849095E-01
