-7.2801656E-01 2.3452509E-01 -9.5858638E-01 -4.9752976E-01 -1.1908577E+00 -2.6749285E-01
-7.6724471E-01 1.7684298E-01 -9.4101991E-01 -5.9294261E-01 -1.1185728E+00 -4.2400917E-01
-8.5884214E-01 1.1489353E-01 -9.7434773E-01 -7.4276114E-01 -1.0839709E+00 -6.3629528E-01
-9.7945990E-01 1.2252647E-01 -1.1010160E+00 -8.5737560E-01 -1.2254204E+00 -7.4678283E-01
-1.0956453E+00 1.3937946E-01 -1.2320564E+00 -9.5925942E-01 -1.3717042E+00 -8.2139357E-01
-1.1778708E+00 1.4138492E-01 -1.3167646E+00 -1.0396378E+00 -1.4649060E+00 -9.0313503E-01
-1.2080469E+00 1.4401422E-01 -1.3452296E+00 -1.0583928E+00 -1.4951773E+00 -9.3435168E-01
-1.1882500E+00 1.5400117E-01 -1.3422586E+00 -1.0347462E+00 -1.4926596E+00 -8.9040936E-01
-1.1301283E+00 1.6770665E-01 -1.2878663E+00 -9.5362226E-01 -1.4695172E+00 -8.1457626E-01
-1.0504714E+00 1.8453837E-01 -1.2207926E+00 -8.5561394E-01 -1.4277473E+00 -7.0876594E-01
-9.7160126E-01 2.0554605E-01 -1.1560813E+00 -7.5368746E-01 -1.3829398E+00 -5.7988676E-01
-9.1609308E-01 2.2872836E-01 -1.1146395E+00 -6.6996191E-01 -1.3998092E+00 -4.9691697E-01
-8.9923815E-01 2.5178040E-01 -1.1243913E+00 -6.3405236E-01 -1.4290841E+00 -4.2979188E-01
-9.2374777E-01 2.7107389E-01 -1.1594624E+00 -6.3756411E-01 -1.4708507E+00 -4.0263746E-01
-9.8486667E-01 2.9814241E-01 -1.2265623E+00 -6.5810756E-01 -1.5871155E+00 -4.2549217E-01
-1.0678476E+00 3.6449261E-01 -1.3388591E+00 -6.5372044E-01 -1.8218858E+00 -4.0363596E-01
-1.1509637E+00 4.8677981E-01 -1.5297018E+00 -5.8548813E-01 -2.1465923E+00 -2.7096023E-01
-1.2168864E+00 6.3998877E-01 -1.7531621E+00 -4.6273434E-01 -2.4976182E+00 -4.8249178E-02
-1.2585327E+00 7.7403003E-01 -1.9507937E+00 -3.6226827E-01 -2.7679624E+00 1.8472509E-01
-1.2735526E+00 8.3690747E-01 -2.0451146E+00 -3.1464439E-01 -2.8788926E+00 3.3309978E-01
