-9.5430583E-01 2.3970540E-01 -1.1925239E+00 -7.1416737E-01 -1.4291403E+00 -4.9090469E-01
-9.6970026E-01 1.8120544E-01 -1.1482381E+00 -7.8987581E-01 -1.3350137E+00 -6.2078041E-01
-1.0016133E+00 1.1760108E-01 -1.1184053E+00 -8.8562355E-01 -1.2357042E+00 -7.7201973E-01
-1.0384876E+00 1.2257285E-01 -1.1599694E+00 -9.1612506E-01 -1.2777630E+00 -7.9692427E-01
-1.0575823E+00 1.3594963E-01 -1.1937211E+00 -9.2312835E-01 -1.3263456E+00 -7.9269340E-01
-1.0397280E+00 1.3876949E-01 -1.1755147E+00 -9.0307101E-01 -1.3168971E+00 -7.7002899E-01
-9.8683615E-01 1.4085025E-01 -1.1246962E+00 -8.4630891E-01 -1.2665261E+00 -7.1399594E-01
-9.2759584E-01 1.4604788E-01 -1.0723484E+00 -7.8273794E-01 -1.2150192E+00 -6.4252696E-01
-9.0354160E-01 1.5568339E-01 -1.0568310E+00 -7.5011531E-01 -1.2128339E+00 -5.9859367E-01
-9.4131471E-01 1.7381106E-01 -1.1119079E+00 -7.6882197E-01 -1.2926212E+00 -6.0930821E-01
-1.0358906E+00 2.0100946E-01 -1.2210108E+00 -8.2081108E-01 -1.4482957E+00 -6.6192097E-01
-1.1519435E+00 2.3451536E-01 -1.3625809E+00 -9.0182364E-01 -1.6166429E+00 -7.0283125E-01
-1.2504759E+00 2.6961844E-01 -1.4798614E+00 -9.5915507E-01 -1.7844573E+00 -7.3837254E-01
-1.3077172E+00 3.0533469E-01 -1.5578855E+00 -9.7298884E-01 -1.9257030E+00 -7.3299040E-01
-1.3234015E+00 3.5585469E-01 -1.5852046E+00 -9.2301541E-01 -2.0617653E+00 -6.6457294E-01
-1.3124095E+00 4.3951964E-01 -1.6121421E+00 -7.9802195E-01 -2.2304124E+00 -5.3792493E-01
-1.2853508E+00 5.6538904E-01 -1.7021826E+00 -6.0884334E-01 -2.4557689E+00 -2.9526846E-01
-1.2534520E+00 7.1379806E-01 -1.8231644E+00 -3.7450113E-01 -2.6804936E+00 -5.0014773E-03
-1.2287606E+00 8.4177853E-01 -1.9541123E+00 -1.9293360E-01 -2.8441429E+00 2.8128603E-01
-1.2189569E+00 9.0118463E-01 -2.0253944E+00 -1.2456920E-01 -2.8306742E+00 5.0000000E-01
