-8.3310417E-01 2.4130019E-01 -1.0724864E+00 -5.9198480E-01 -1.3122973E+00 -3.6468613E-01
-8.5077851E-01 1.8514529E-01 -1.0362020E+00 -6.6529861E-01 -1.2137943E+00 -4.9118855E-01
-8.9269816E-01 1.1865689E-01 -1.0129161E+00 -7.7380213E-01 -1.1240154E+00 -6.6420282E-01
-9.4776746E-01 1.1964931E-01 -1.0619363E+00 -8.2287569E-01 -1.1835758E+00 -7.1758908E-01
-9.9151129E-01 1.4035335E-01 -1.1321752E+00 -8.5118503E-01 -1.2666407E+00 -7.1893144E-01
-1.0114499E+00 1.4382736E-01 -1.1557254E+00 -8.6728401E-01 -1.3013859E+00 -7.4043336E-01
-1.0174684E+00 1.4245258E-01 -1.1507803E+00 -8.7154177E-01 -1.3058291E+00 -7.4331063E-01
-1.0315537E+00 1.5356476E-01 -1.1823277E+00 -8.7692215E-01 -1.3386975E+00 -7.3510554E-01
-1.0701721E+00 1.7387870E-01 -1.2339276E+00 -8.8950717E-01 -1.4203285E+00 -7.4354934E-01
-1.1326753E+00 1.9794638E-01 -1.3139418E+00 -9.2669576E-01 -1.5433714E+00 -7.6205404E-01
-1.2025032E+00 2.2360648E-01 -1.4093314E+00 -9.6842851E-01 -1.6384395E+00 -7.6954755E-01
-1.2495335E+00 2.4663632E-01 -1.4736617E+00 -9.8523292E-01 -1.7264174E+00 -7.7625475E-01
-1.2485285E+00 2.6666079E-01 -1.4891326E+00 -9.7134385E-01 -1.7767490E+00 -7.2978248E-01
-1.1944192E+00 2.9628737E-01 -1.4443181E+00 -8.7754085E-01 -1.7942443E+00 -6.2637185E-01
-1.0935719E+00 3.4010004E-01 -1.3504028E+00 -7.1396565E-01 -1.7872507E+00 -4.6514821E-01
-9.6585534E-01 4.0516635E-01 -1.2481408E+00 -5.1156907E-01 -1.8234064E+00 -2.3842872E-01
-8.4396948E-01 5.0240023E-01 -1.1683332E+00 -2.6182367E-01 -1.9004005E+00 3.1172742E-02
-7.5641347E-01 6.2473032E-01 -1.1146953E+00 2.0181050E-02 -2.0458495E+00 2.7198476E-01
-7.0780307E-01 7.3739544E-01 -1.0756808E+00 2.7219993E-01 -2.1694504E+00 4.4834188E-01
-6.9106170E-01 7.9212642E-01 -1.0548878E+00 4.1029805E-01 -2.2176255E+00 5.0000000E-01
