-1.3041136E+00 2.3455623E-01 -1.5364295E+00 -1.0717174E+00 -1.7712480E+00 -8.4791187E-01
-1.2707379E+00 1.7886435E-01 -1.4469317E+00 -1.0933413E+00 -1.6293365E+00 -9.2523253E-01
-1.1893829E+00 1.1476969E-01 -1.3039620E+00 -1.0759412E+00 -1.4179021E+00 -9.6546346E-01
-1.0780848E+00 1.2196885E-01 -1.1991133E+00 -9.5507100E-01 -1.3174008E+00 -8.4024988E-01
-9.6977553E-01 1.3824375E-01 -1.1097145E+00 -8.3107930E-01 -1.2432225E+00 -7.0526923E-01
-8.9265060E-01 1.3844501E-01 -1.0299015E+00 -7.5419979E-01 -1.1708092E+00 -6.2614903E-01
-8.6316117E-01 1.3858067E-01 -1.0002790E+00 -7.2499295E-01 -1.1410090E+00 -5.9837384E-01
-8.8127092E-01 1.4535969E-01 -1.0178425E+00 -7.2981199E-01 -1.1741047E+00 -6.0338969E-01
-9.3578921E-01 1.5642163E-01 -1.0914822E+00 -7.7989011E-01 -1.2472868E+00 -6.3806866E-01
-1.0084406E+00 1.7527433E-01 -1.1720918E+00 -8.2561927E-01 -1.3661753E+00 -6.7761893E-01
-1.0749002E+00 2.0316380E-01 -1.2513850E+00 -8.5283141E-01 -1.5027862E+00 -7.0624334E-01
-1.1194704E+00 2.3709795E-01 -1.3239682E+00 -8.6276813E-01 -1.5965220E+00 -6.6852240E-01
-1.1452022E+00 2.7507910E-01 -1.3783746E+00 -8.4894776E-01 -1.6933505E+00 -6.2272177E-01
-1.1673558E+00 3.0778198E-01 -1.4022823E+00 -8.3527713E-01 -1.7984939E+00 -5.9347389E-01
-1.1964393E+00 3.4901462E-01 -1.4356911E+00 -8.1681540E-01 -1.9117750E+00 -5.6279381E-01
-1.2352131E+00 4.2894968E-01 -1.5268682E+00 -7.5910493E-01 -2.1168001E+00 -4.6800974E-01
-1.2769469E+00 5.5420073E-01 -1.6852925E+00 -6.2595583E-01 -2.4020918E+00 -2.8528581E-01
-1.3111549E+00 7.0249702E-01 -1.8847948E+00 -4.7086036E-01 -2.7185823E+00 -5.1682651E-02
-1.3337772E+00 8.2862800E-01 -2.0711496E+00 -3.5560950E-01 -2.9562511E+00 1.9428205E-01
-1.3433063E+00 8.8604603E-01 -2.1581088E+00 -3.0710929E-01 -3.0651613E+00 3.2051282E-01
