-1.1279793E+00 2.4451040E-01 -1.3727768E+00 -8.8282509E-01 -1.6035368E+00 -6.5406846E-01
-1.1040710E+00 1.8581578E-01 -1.2903330E+00 -9.1865114E-01 -1.4656815E+00 -7.4374736E-01
-1.0578272E+00 1.1891416E-01 -1.1754778E+00 -9.3922100E-01 -1.2948643E+00 -8.2967010E-01
-1.0148929E+00 1.2471731E-01 -1.1377717E+00 -8.9137528E-01 -1.2616808E+00 -7.6982659E-01
-9.9614116E-01 1.4161065E-01 -1.1373095E+00 -8.5515011E-01 -1.2718505E+00 -7.1660476E-01
-1.0106192E+00 1.4106593E-01 -1.1509367E+00 -8.7011700E-01 -1.2882320E+00 -7.3873823E-01
-1.0482887E+00 1.4049394E-01 -1.1883593E+00 -9.0921099E-01 -1.3291884E+00 -7.7927120E-01
-1.0879950E+00 1.5199088E-01 -1.2383330E+00 -9.3806597E-01 -1.3926661E+00 -7.9666186E-01
-1.1091624E+00 1.7215934E-01 -1.2792314E+00 -9.3730851E-01 -1.4533690E+00 -7.7907637E-01
-1.1089069E+00 1.9481186E-01 -1.2890292E+00 -9.0161649E-01 -1.5046584E+00 -7.4533726E-01
-1.0950651E+00 2.1809486E-01 -1.2880490E+00 -8.6189969E-01 -1.5510080E+00 -6.9745099E-01
-1.0758947E+00 2.4256577E-01 -1.2862768E+00 -8.1282584E-01 -1.5579432E+00 -6.1867958E-01
-1.0531085E+00 2.6408622E-01 -1.2847670E+00 -7.7082656E-01 -1.6075570E+00 -5.7433607E-01
-1.0171612E+00 2.8067793E-01 -1.2505152E+00 -7.1581947E-01 -1.5798793E+00 -4.8629407E-01
-9.6412525E-01 3.1000450E-01 -1.2008207E+00 -6.3000986E-01 -1.5868566E+00 -3.8925445E-01
-9.0432954E-01 3.8199532E-01 -1.1790827E+00 -4.8473742E-01 -1.6839676E+00 -2.0695166E-01
-8.5651329E-01 5.0060568E-01 -1.2057862E+00 -2.7746370E-01 -1.8743946E+00 4.0909246E-02
-8.2937771E-01 6.3757393E-01 -1.2544319E+00 -4.0187140E-02 -2.1026790E+00 2.6984067E-01
-8.2059035E-01 7.5458197E-01 -1.2901021E+00 1.8941134E-01 -2.2550135E+00 4.4761869E-01
-8.2163959E-01 8.0735464E-01 -1.3416383E+00 2.6873047E-01 -2.3055722E+00 5.0000000E-01
