-8.9013927E-01 2.4164165E-01 -1.1262671E+00 -6.5250940E-01 -1.3654502E+00 -4.1333037E-01
-8.9645360E-01 1.8274202E-01 -1.0743177E+00 -7.1580642E-01 -1.2560542E+00 -5.3690039E-01
-9.2472421E-01 1.1592919E-01 -1.0409096E+00 -8.0916011E-01 -1.1526372E+00 -6.9783572E-01
-9.7668935E-01 1.2010929E-01 -1.0968415E+00 -8.5594308E-01 -1.2102663E+00 -7.4352844E-01
-1.0374606E+00 1.3868831E-01 -1.1747167E+00 -9.0114349E-01 -1.3141061E+00 -7.6695530E-01
-1.0904696E+00 1.4553305E-01 -1.2362093E+00 -9.4638392E-01 -1.3794367E+00 -8.0902720E-01
-1.1235392E+00 1.4918959E-01 -1.2711279E+00 -9.7572990E-01 -1.4196793E+00 -8.3107962E-01
-1.1282990E+00 1.5543162E-01 -1.2833141E+00 -9.7195542E-01 -1.4411353E+00 -8.3253906E-01
-1.1136415E+00 1.7068333E-01 -1.2680312E+00 -9.3227341E-01 -1.4659666E+00 -7.9478910E-01
-1.0946861E+00 1.9531819E-01 -1.2673347E+00 -8.8444176E-01 -1.5024676E+00 -7.3571414E-01
-1.0848959E+00 2.1876319E-01 -1.2782791E+00 -8.4966810E-01 -1.5417597E+00 -6.7954290E-01
-1.0882970E+00 2.3591452E-01 -1.3022999E+00 -8.3621118E-01 -1.5780649E+00 -6.5086459E-01
-1.0959090E+00 2.5259296E-01 -1.3283443E+00 -8.3395609E-01 -1.6135320E+00 -6.2983950E-01
-1.0864793E+00 2.7223315E-01 -1.3280681E+00 -7.9895765E-01 -1.6159076E+00 -5.6973583E-01
-1.0511212E+00 3.0909102E-01 -1.2891665E+00 -7.1002993E-01 -1.6695475E+00 -4.8254567E-01
-9.9448116E-01 3.8635306E-01 -1.2675238E+00 -5.6152972E-01 -1.7853720E+00 -3.0159758E-01
-9.2966219E-01 5.0906044E-01 -1.2816851E+00 -3.3771464E-01 -1.9749965E+00 -4.0251317E-02
-8.7175164E-01 6.4911200E-01 -1.2919537E+00 -5.9757844E-02 -2.1763257E+00 2.1641859E-01
-8.3272909E-01 7.6677046E-01 -1.2675452E+00 2.2090113E-01 -2.3128407E+00 4.2015191E-01
-8.1769082E-01 8.2057367E-01 -1.2867631E+00 3.2644000E-01 -2.3467822E+00 5.0000000E-01
