-9.5092833E-01 2.3466582E-01 -1.1837097E+00 -7.1862909E-01 -1.4129229E+00 -4.8566440E-01
-9.7196152E-01 1.7827722E-01 -1.1474658E+00 -7.9606418E-01 -1.3196692E+00 -6.1928399E-01
-1.0198508E+00 1.1628326E-01 -1.1350832E+00 -9.0335162E-01 -1.2504577E+00 -7.9575266E-01
-1.0690859E+00 1.2188621E-01 -1.1901540E+00 -9.4682593E-01 -1.3080020E+00 -8.3028936E-01
-1.0908239E+00 1.3872837E-01 -1.2287363E+00 -9.5195967E-01 -1.3661971E+00 -8.2426975E-01
-1.0764714E+00 1.3957588E-01 -1.2143057E+00 -9.3710127E-01 -1.3491301E+00 -8.0140874E-01
-1.0413444E+00 1.4293062E-01 -1.1838582E+00 -8.9994149E-01 -1.3234897E+00 -7.6333587E-01
-1.0051783E+00 1.5581298E-01 -1.1544597E+00 -8.4546324E-01 -1.3166050E+00 -7.0514787E-01
-9.8380077E-01 1.6974861E-01 -1.1498838E+00 -8.1576309E-01 -1.3244070E+00 -6.5424174E-01
-9.8825486E-01 1.8914711E-01 -1.1613350E+00 -7.8931288E-01 -1.3736529E+00 -6.3048248E-01
-1.0216822E+00 2.1515286E-01 -1.2152579E+00 -7.9231905E-01 -1.4650121E+00 -6.2616287E-01
-1.0746779E+00 2.4202798E-01 -1.2846998E+00 -8.1336676E-01 -1.5602805E+00 -6.1636364E-01
-1.1309768E+00 2.7304017E-01 -1.3622379E+00 -8.3497435E-01 -1.6706037E+00 -6.1015494E-01
-1.1743994E+00 3.0886773E-01 -1.4146559E+00 -8.3974462E-01 -1.8070472E+00 -5.9423902E-01
-1.1925090E+00 3.6238048E-01 -1.4294743E+00 -7.8590964E-01 -1.9424301E+00 -5.4034741E-01
-1.1860696E+00 4.4917891E-01 -1.4534125E+00 -6.6885007E-01 -2.1293589E+00 -4.1981013E-01
-1.1622549E+00 5.7651523E-01 -1.5307613E+00 -4.7359531E-01 -2.3761619E+00 -1.7150264E-01
-1.1324626E+00 7.2614907E-01 -1.6250185E+00 -2.2233362E-01 -2.6256482E+00 9.8306407E-02
-1.1081665E+00 8.5464288E-01 -1.6918869E+00 2.7319408E-02 -2.7849987E+00 3.4959305E-01
-1.0964880E+00 9.1344626E-01 -1.7585338E+00 1.1135038E-01 -2.7973088E+00 5.0000000E-01
