-1.3389611E+00 2.4278861E-01 -1.5823159E+00 -1.0955322E+00 -1.8143054E+00 -8.6658922E-01
-1.3052343E+00 1.8303016E-01 -1.4890031E+00 -1.1228181E+00 -1.6624619E+00 -9.4738241E-01
-1.2223549E+00 1.1644189E-01 -1.3364738E+00 -1.1073417E+00 -1.4558829E+00 -9.9584339E-01
-1.1144245E+00 1.2416825E-01 -1.2364278E+00 -9.9265363E-01 -1.3618291E+00 -8.6971223E-01
-1.0159614E+00 1.4237236E-01 -1.1571317E+00 -8.7551446E-01 -1.2956681E+00 -7.3521234E-01
-9.5792045E-01 1.4189218E-01 -1.0979171E+00 -8.1600204E-01 -1.2427097E+00 -6.8208600E-01
-9.5478667E-01 1.4081006E-01 -1.0928382E+00 -8.1481564E-01 -1.2345282E+00 -6.8140210E-01
-1.0026709E+00 1.5501240E-01 -1.1550847E+00 -8.4971204E-01 -1.3123367E+00 -7.0368038E-01
-1.0806440E+00 1.7486570E-01 -1.2448404E+00 -9.0024284E-01 -1.4341448E+00 -7.4358021E-01
-1.1582715E+00 1.9602042E-01 -1.3395429E+00 -9.5319380E-01 -1.5622032E+00 -7.9234014E-01
-1.2101275E+00 2.2224106E-01 -1.4086102E+00 -9.7399534E-01 -1.6491305E+00 -7.8105238E-01
-1.2152429E+00 2.5080628E-01 -1.4326844E+00 -9.4675173E-01 -1.7084239E+00 -7.2959242E-01
-1.1679258E+00 2.7475905E-01 -1.3974217E+00 -8.8131562E-01 -1.7061919E+00 -6.4059299E-01
-1.0773707E+00 2.9579753E-01 -1.3013202E+00 -7.7215863E-01 -1.6659387E+00 -5.2931189E-01
-9.6023347E-01 3.2470057E-01 -1.1870060E+00 -6.2091617E-01 -1.5800751E+00 -3.7827391E-01
-8.4229621E-01 3.7808517E-01 -1.1070649E+00 -4.5056166E-01 -1.5664166E+00 -1.5152845E-01
-7.4747279E-01 4.6882387E-01 -1.0583614E+00 -2.2172488E-01 -1.6787386E+00 8.1606788E-02
-6.8542741E-01 5.8661019E-01 -1.0425279E+00 2.0936332E-02 -1.8629239E+00 2.9002521E-01
-6.5191255E-01 6.9756547E-01 -1.0172703E+00 2.5553310E-01 -2.0128521E+00 4.4586652E-01
-6.4097604E-01 7.5274614E-01 -1.0259667E+00 3.6725980E-01 -2.0706634E+00 5.0000000E-01
