-9.1807360E-01 2.3173765E-01 -1.1473776E+00 -6.8736857E-01 -1.3783871E+00 -4.6543803E-01
-9.0249483E-01 1.7535092E-01 -1.0764199E+00 -7.3038157E-01 -1.2481393E+00 -5.5549450E-01
-8.9062186E-01 1.1241500E-01 -1.0028552E+00 -7.8013844E-01 -1.1131581E+00 -6.7038735E-01
-9.1823271E-01 1.2131034E-01 -1.0378813E+00 -7.9810189E-01 -1.1568955E+00 -6.7893895E-01
-9.9607037E-01 1.3978645E-01 -1.1367502E+00 -8.5760382E-01 -1.2732553E+00 -7.2608772E-01
-1.0991021E+00 1.3820051E-01 -1.2276800E+00 -9.5564852E-01 -1.3801153E+00 -8.3642872E-01
-1.1760397E+00 1.3684765E-01 -1.3115192E+00 -1.0400857E+00 -1.4524727E+00 -9.1422632E-01
-1.1904101E+00 1.4719094E-01 -1.3376362E+00 -1.0433803E+00 -1.4800833E+00 -9.0793613E-01
-1.1330685E+00 1.6331681E-01 -1.2953910E+00 -9.7330199E-01 -1.4608952E+00 -8.1488563E-01
-1.0229254E+00 1.8258791E-01 -1.1957815E+00 -8.3421377E-01 -1.3933264E+00 -6.7933047E-01
-9.1121467E-01 2.0682967E-01 -1.0984143E+00 -6.9359983E-01 -1.3423606E+00 -5.2425067E-01
-8.5198826E-01 2.3209004E-01 -1.0593175E+00 -6.0356680E-01 -1.3395312E+00 -4.2767291E-01
-8.7801460E-01 2.5730039E-01 -1.1085740E+00 -6.0330530E-01 -1.3925078E+00 -3.8228762E-01
-9.8322363E-01 2.7934188E-01 -1.2340486E+00 -6.8200759E-01 -1.5376032E+00 -4.4852804E-01
-1.1401486E+00 3.0824750E-01 -1.4037936E+00 -8.0749578E-01 -1.7594666E+00 -5.5295981E-01
-1.3151730E+00 3.7757248E-01 -1.6192447E+00 -8.8623661E-01 -2.0873568E+00 -6.2184341E-01
-1.4752517E+00 5.0514509E-01 -1.9146585E+00 -8.9742776E-01 -2.5209020E+00 -5.7121187E-01
-1.5972165E+00 6.6089011E-01 -2.2295688E+00 -8.6047400E-01 -2.8819157E+00 -3.5557756E-01
-1.6673639E+00 7.9654647E-01 -2.5145875E+00 -8.3341800E-01 -3.2240780E+00 -2.2404670E-01
-1.6897610E+00 8.5973199E-01 -2.6101026E+00 -7.8846426E-01 -3.4099294E+00 -1.7235224E-01
