-9.7524563E-01 2.4162478E-01 -1.2137342E+00 -7.3902199E-01 -1.4525280E+00 -5.0248978E-01
-9.6098978E-01 1.8126229E-01 -1.1401960E+00 -7.8215533E-01 -1.3235456E+00 -6.0792234E-01
-9.3214291E-01 1.1163470E-01 -1.0418038E+00 -8.2224910E-01 -1.1573823E+00 -7.1431816E-01
-9.0471753E-01 1.2249434E-01 -1.0274398E+00 -7.8216784E-01 -1.1450711E+00 -6.6784917E-01
-8.9567678E-01 1.4151388E-01 -1.0374192E+00 -7.5436720E-01 -1.1689184E+00 -6.1850875E-01
-9.1656476E-01 1.3950889E-01 -1.0548469E+00 -7.8003144E-01 -1.1929213E+00 -6.4244128E-01
-9.6624898E-01 1.4186513E-01 -1.1013547E+00 -8.2073922E-01 -1.2540708E+00 -6.9563428E-01
-1.0334380E+00 1.5344733E-01 -1.1750200E+00 -8.7140664E-01 -1.3469273E+00 -7.4679912E-01
-1.0974468E+00 1.6665180E-01 -1.2637333E+00 -9.3093067E-01 -1.4324450E+00 -7.7939312E-01
-1.1380360E+00 1.8506538E-01 -1.3200914E+00 -9.5512099E-01 -1.5146988E+00 -7.8635890E-01
-1.1412655E+00 2.0844603E-01 -1.3321427E+00 -9.2078409E-01 -1.5729666E+00 -7.5303437E-01
-1.1074015E+00 2.3742585E-01 -1.3090850E+00 -8.4748422E-01 -1.6153006E+00 -6.7772231E-01
-1.0549356E+00 2.6862764E-01 -1.2845498E+00 -7.6607092E-01 -1.6006081E+00 -5.4537422E-01
-1.0118067E+00 2.8938895E-01 -1.2539845E+00 -6.9981174E-01 -1.5941166E+00 -4.5893367E-01
-1.0014108E+00 3.1103764E-01 -1.2415240E+00 -6.5487010E-01 -1.6352007E+00 -4.2634521E-01
-1.0277876E+00 3.6852382E-01 -1.3022244E+00 -6.1630234E-01 -1.7901803E+00 -3.4983897E-01
-1.0754260E+00 4.8429328E-01 -1.4476084E+00 -5.1970295E-01 -2.0612195E+00 -1.8165330E-01
-1.1244902E+00 6.3456591E-01 -1.6414849E+00 -3.7826828E-01 -2.3795363E+00 3.4703863E-02
-1.1634160E+00 7.6869361E-01 -1.8257664E+00 -2.5066499E-01 -2.6387548E+00 2.6622491E-01
-1.1796546E+00 8.3133336E-01 -1.9231053E+00 -2.0301021E-01 -2.7149143E+00 4.3062424E-01
