-7.8857433E-01 2.4432788E-01 -1.0312533E+00 -5.4692268E-01 -1.2666855E+00 -3.1099822E-01
-7.9901335E-01 1.8522057E-01 -9.8242837E-01 -6.1615723E-01 -1.1645700E+00 -4.3722416E-01
-8.4116449E-01 1.1986007E-01 -9.6127484E-01 -7.2240528E-01 -1.0771302E+00 -6.0779258E-01
-9.3261634E-01 1.2486983E-01 -1.0561215E+00 -8.0831244E-01 -1.1837552E+00 -6.9413998E-01
-1.0684092E+00 1.4124593E-01 -1.2085038E+00 -9.2835630E-01 -1.3519319E+00 -7.9733683E-01
-1.2075921E+00 1.4426685E-01 -1.3537204E+00 -1.0625568E+00 -1.4904462E+00 -9.3154181E-01
-1.2922429E+00 1.5001067E-01 -1.4342913E+00 -1.1358014E+00 -1.5963527E+00 -1.0072562E+00
-1.2811813E+00 1.6464561E-01 -1.4337866E+00 -1.1099937E+00 -1.6184958E+00 -9.7296548E-01
-1.1843979E+00 1.8484322E-01 -1.3541468E+00 -9.9012172E-01 -1.5620854E+00 -8.3908626E-01
-1.0600552E+00 2.0727143E-01 -1.2480959E+00 -8.4244486E-01 -1.4916023E+00 -6.7726529E-01
-9.7399930E-01 2.3098396E-01 -1.1780772E+00 -7.2820680E-01 -1.4332629E+00 -5.3004431E-01
-9.5074794E-01 2.4727899E-01 -1.1580911E+00 -6.8556685E-01 -1.4534761E+00 -4.8379486E-01
-9.6614905E-01 2.5354211E-01 -1.1812814E+00 -7.0404094E-01 -1.4784572E+00 -4.7415934E-01
-9.7068441E-01 2.6479853E-01 -1.1890339E+00 -6.9087874E-01 -1.4965989E+00 -4.7012351E-01
-9.2999577E-01 3.0308267E-01 -1.1571248E+00 -6.0886461E-01 -1.5364424E+00 -3.6316119E-01
-8.4412926E-01 3.7713391E-01 -1.1120283E+00 -4.4984116E-01 -1.6001337E+00 -1.3977964E-01
-7.4136222E-01 4.8380869E-01 -1.0578384E+00 -2.0760871E-01 -1.7209382E+00 1.3140004E-01
-6.5587783E-01 6.0258589E-01 -1.0013014E+00 7.1293043E-02 -1.8585904E+00 3.4545063E-01
-6.0939565E-01 7.0416655E-01 -9.3231485E-01 3.2578931E-01 -1.9759928E+00 4.7305526E-01
-5.9860944E-01 7.5367395E-01 -8.5330727E-01 5.0000000E-01 -2.0416823E+00 5.0000000E-01
