-9.3183100E-01 2.3471179E-01 -1.1645421E+00 -6.9751377E-01 -1.3876937E+00 -4.6865038E-01
-9.5164778E-01 1.7942953E-01 -1.1302219E+00 -7.7242846E-01 -1.3004874E+00 -5.9933897E-01
-9.9211993E-01 1.1572017E-01 -1.1063764E+00 -8.7731394E-01 -1.2209365E+00 -7.6514705E-01
-1.0343018E+00 1.1761242E-01 -1.1513365E+00 -9.1919812E-01 -1.2692489E+00 -8.0478938E-01
-1.0652528E+00 1.3617295E-01 -1.1991544E+00 -9.3072816E-01 -1.3364449E+00 -8.0078693E-01
-1.0782569E+00 1.4050841E-01 -1.2186081E+00 -9.3817947E-01 -1.3616380E+00 -8.1182507E-01
-1.0758319E+00 1.4145164E-01 -1.2110398E+00 -9.2977577E-01 -1.3622831E+00 -8.0516625E-01
-1.0627600E+00 1.4780730E-01 -1.2098255E+00 -9.1724129E-01 -1.3549807E+00 -7.7663549E-01
-1.0421117E+00 1.6447424E-01 -1.2038351E+00 -8.7870564E-01 -1.3736880E+00 -7.2663271E-01
-1.0165400E+00 1.8720356E-01 -1.1907531E+00 -8.2036805E-01 -1.4008513E+00 -6.6878123E-01
-9.9189410E-01 2.1348002E-01 -1.1858989E+00 -7.6469900E-01 -1.4076450E+00 -5.7968338E-01
-9.7751033E-01 2.4357675E-01 -1.1861407E+00 -7.1785113E-01 -1.4616952E+00 -5.1542595E-01
-9.8913431E-01 2.7611650E-01 -1.2119182E+00 -6.8888445E-01 -1.5451128E+00 -4.6984650E-01
-1.0389880E+00 3.0443287E-01 -1.2810080E+00 -7.0760574E-01 -1.6496286E+00 -4.6562314E-01
-1.1255492E+00 3.3728977E-01 -1.3749975E+00 -7.5339805E-01 -1.8155627E+00 -5.0566985E-01
-1.2302453E+00 4.0491534E-01 -1.5330644E+00 -7.7659904E-01 -2.0688133E+00 -4.9305130E-01
-1.3311183E+00 5.2722826E-01 -1.7709325E+00 -7.3515206E-01 -2.3943458E+00 -3.5766523E-01
-1.4154026E+00 6.8282054E-01 -2.0475243E+00 -6.4484082E-01 -2.8008883E+00 -1.8005391E-01
-1.4707677E+00 8.1928703E-01 -2.2847761E+00 -5.6247801E-01 -3.0879664E+00 4.3244931E-02
-1.4911377E+00 8.8040306E-01 -2.3844763E+00 -5.2279538E-01 -3.2100510E+00 1.5366511E-01
