-1.1499967E+00 2.3320284E-01 -1.3842588E+00 -9.1573531E-01 -1.5983983E+00 -6.9159614E-01
-1.1240147E+00 1.7570041E-01 -1.2982038E+00 -9.4723652E-01 -1.4628398E+00 -7.8250634E-01
-1.0594666E+00 1.1282421E-01 -1.1703028E+00 -9.5000417E-01 -1.2832997E+00 -8.3683252E-01
-9.7663154E-01 1.2237382E-01 -1.0994349E+00 -8.5315138E-01 -1.2137656E+00 -7.3634599E-01
-9.1284508E-01 1.3867623E-01 -1.0496109E+00 -7.7523204E-01 -1.1920714E+00 -6.4729053E-01
-9.0111229E-01 1.4069051E-01 -1.0328829E+00 -7.5308816E-01 -1.1871584E+00 -6.3514678E-01
-9.4742353E-01 1.3983589E-01 -1.0849506E+00 -8.0999788E-01 -1.2315281E+00 -6.7944878E-01
-1.0279326E+00 1.4692904E-01 -1.1757831E+00 -8.8330986E-01 -1.3212721E+00 -7.4433840E-01
-1.1022133E+00 1.6229917E-01 -1.2621992E+00 -9.4332161E-01 -1.4268000E+00 -7.8863281E-01
-1.1385073E+00 1.8151584E-01 -1.3139969E+00 -9.5989878E-01 -1.5111741E+00 -7.9060083E-01
-1.1372617E+00 2.0917509E-01 -1.3311745E+00 -9.2199591E-01 -1.5504695E+00 -7.2864990E-01
-1.1203438E+00 2.4741004E-01 -1.3317502E+00 -8.4943433E-01 -1.6448331E+00 -6.7463040E-01
-1.1121622E+00 2.8259999E-01 -1.3521016E+00 -8.0072148E-01 -1.6803618E+00 -5.7739564E-01
-1.1330975E+00 3.0545740E-01 -1.3882261E+00 -8.0378463E-01 -1.7580000E+00 -5.5377969E-01
-1.1928082E+00 3.3585735E-01 -1.4515969E+00 -8.2151697E-01 -1.8745407E+00 -5.7155483E-01
-1.2772084E+00 4.0880599E-01 -1.5795059E+00 -8.1282947E-01 -2.1054755E+00 -5.3037296E-01
-1.3661741E+00 5.3400720E-01 -1.7947369E+00 -7.5308331E-01 -2.4537483E+00 -3.9245007E-01
-1.4392619E+00 6.8547570E-01 -2.0425241E+00 -6.4091060E-01 -2.8487336E+00 -2.1190993E-01
-1.4849433E+00 8.1875109E-01 -2.2697617E+00 -5.5260531E-01 -3.0927748E+00 4.3213392E-02
-1.5010300E+00 8.8240841E-01 -2.3825364E+00 -5.2010054E-01 -3.2149804E+00 1.6787372E-01
