-9.7970933E-01 2.2972392E-01 -1.2083879E+00 -7.5165391E-01 -1.4358933E+00 -5.3725552E-01
-1.0093252E+00 1.7335481E-01 -1.1820524E+00 -8.3735929E-01 -1.3519250E+00 -6.7609601E-01
-1.0765968E+00 1.1291424E-01 -1.1877805E+00 -9.6585714E-01 -1.3012840E+00 -8.5756970E-01
-1.1427463E+00 1.2098701E-01 -1.2631493E+00 -1.0217880E+00 -1.3809171E+00 -9.0805495E-01
-1.1611436E+00 1.3773000E-01 -1.2992235E+00 -1.0242873E+00 -1.4331137E+00 -8.9312785E-01
-1.1143057E+00 1.3741722E-01 -1.2492645E+00 -9.7801850E-01 -1.3877252E+00 -8.4686755E-01
-1.0214716E+00 1.3586963E-01 -1.1555218E+00 -8.8699947E-01 -1.2895390E+00 -7.5405578E-01
-9.2093193E-01 1.4448035E-01 -1.0650405E+00 -7.7927275E-01 -1.1991252E+00 -6.2885554E-01
-8.6239558E-01 1.5831886E-01 -1.0196647E+00 -7.0373336E-01 -1.1755678E+00 -5.5716010E-01
-8.7890683E-01 1.7419393E-01 -1.0424328E+00 -6.9456486E-01 -1.2320409E+00 -5.5397474E-01
-9.5825789E-01 1.9830874E-01 -1.1412934E+00 -7.4983872E-01 -1.3656522E+00 -5.8824008E-01
-1.0625130E+00 2.3340446E-01 -1.2726689E+00 -8.1596783E-01 -1.5464819E+00 -6.2872827E-01
-1.1580497E+00 2.7463730E-01 -1.3953829E+00 -8.6184797E-01 -1.7026808E+00 -6.3743567E-01
-1.2303082E+00 3.1692172E-01 -1.4754371E+00 -8.7956871E-01 -1.8655041E+00 -6.4272819E-01
-1.2837191E+00 3.6959959E-01 -1.5395774E+00 -8.7437145E-01 -2.0476178E+00 -6.1165733E-01
-1.3316966E+00 4.4934703E-01 -1.6188687E+00 -8.1499272E-01 -2.2799054E+00 -5.3407143E-01
-1.3777643E+00 5.6932554E-01 -1.7733458E+00 -7.0034896E-01 -2.5752772E+00 -3.7485696E-01
-1.4144205E+00 7.1358376E-01 -2.0002924E+00 -5.6015969E-01 -2.8642235E+00 -1.5033279E-01
-1.4363572E+00 8.4142177E-01 -2.1948886E+00 -4.4054390E-01 -3.1360259E+00 7.2992754E-02
-1.4439643E+00 9.0053839E-01 -2.2822149E+00 -3.8153040E-01 -3.2371700E+00 1.8932689E-01
