-8.4440761E-01 2.3612813E-01 -1.0772471E+00 -6.0801087E-01 -1.3108990E+00 -3.8844766E-01
-8.7089180E-01 1.8051150E-01 -1.0506445E+00 -6.9125561E-01 -1.2251872E+00 -5.1933630E-01
-9.4542270E-01 1.1911823E-01 -1.0635779E+00 -8.2564759E-01 -1.1817894E+00 -7.1746375E-01
-1.0532178E+00 1.2767857E-01 -1.1785018E+00 -9.2670427E-01 -1.3097080E+00 -8.0652425E-01
-1.1599486E+00 1.4472438E-01 -1.3044148E+00 -1.0155779E+00 -1.4454645E+00 -8.7976163E-01
-1.2245379E+00 1.4533920E-01 -1.3700381E+00 -1.0811177E+00 -1.5150875E+00 -9.4488038E-01
-1.2242042E+00 1.4979815E-01 -1.3733479E+00 -1.0744852E+00 -1.5231204E+00 -9.3865175E-01
-1.1647501E+00 1.6026905E-01 -1.3151365E+00 -9.9919712E-01 -1.4883995E+00 -8.5610089E-01
-1.0714461E+00 1.7477635E-01 -1.2372009E+00 -8.9051952E-01 -1.4251216E+00 -7.3722018E-01
-9.7412330E-01 1.8972296E-01 -1.1603826E+00 -7.8682179E-01 -1.3594634E+00 -6.1440060E-01
-8.9338399E-01 2.0681754E-01 -1.0943310E+00 -6.8883517E-01 -1.3148204E+00 -5.0437274E-01
-8.4185521E-01 2.2719640E-01 -1.0492000E+00 -5.9845912E-01 -1.3096854E+00 -4.2844424E-01
-8.2139627E-01 2.5055799E-01 -1.0465389E+00 -5.5237877E-01 -1.3188792E+00 -3.4292264E-01
-8.3356306E-01 2.7106201E-01 -1.0659866E+00 -5.4050867E-01 -1.3750595E+00 -3.1316765E-01
-8.8797747E-01 2.9287770E-01 -1.1291984E+00 -5.7038505E-01 -1.4673012E+00 -3.3380718E-01
-9.8423623E-01 3.4723742E-01 -1.2484704E+00 -5.9641108E-01 -1.6743597E+00 -3.3839460E-01
-1.1024464E+00 4.6187194E-01 -1.4889350E+00 -5.7956460E-01 -2.0203766E+00 -2.4371256E-01
-1.2098373E+00 6.1339338E-01 -1.7606656E+00 -5.1275418E-01 -2.4156820E+00 -6.6364297E-02
-1.2814704E+00 7.5150908E-01 -1.9811401E+00 -4.3438621E-01 -2.7293974E+00 1.5056292E-01
-1.3081431E+00 8.1658315E-01 -2.0821169E+00 -3.9396772E-01 -2.8737551E+00 2.7934042E-01
