-9.4174254E-01 2.4369662E-01 -1.1804707E+00 -6.9978073E-01 -1.4239822E+00 -4.6026187E-01
-9.3867504E-01 1.8721813E-01 -1.1217833E+00 -7.5524433E-01 -1.3115489E+00 -5.6790577E-01
-9.4274775E-01 1.1988126E-01 -1.0601819E+00 -8.2397992E-01 -1.1863976E+00 -7.1099005E-01
-9.5934733E-01 1.2051159E-01 -1.0768405E+00 -8.4070667E-01 -1.2023948E+00 -7.2541933E-01
-9.7928944E-01 1.4278332E-01 -1.1208401E+00 -8.3693556E-01 -1.2599498E+00 -6.9967595E-01
-9.9246120E-01 1.4541460E-01 -1.1363954E+00 -8.4886350E-01 -1.2873109E+00 -7.1284406E-01
-1.0048504E+00 1.4140365E-01 -1.1470952E+00 -8.6382756E-01 -1.2853677E+00 -7.3419673E-01
-1.0381082E+00 1.5251456E-01 -1.1905830E+00 -8.8728713E-01 -1.3443574E+00 -7.4909198E-01
-1.0989535E+00 1.7401450E-01 -1.2629521E+00 -9.1707884E-01 -1.4483975E+00 -7.7022211E-01
-1.1693362E+00 1.9837638E-01 -1.3643165E+00 -9.7299688E-01 -1.5734047E+00 -7.9916733E-01
-1.2160903E+00 2.2372721E-01 -1.4127023E+00 -9.7705190E-01 -1.6641772E+00 -7.8618520E-01
-1.2137161E+00 2.4867435E-01 -1.4368423E+00 -9.5027253E-01 -1.7031756E+00 -7.3575862E-01
-1.1533617E+00 2.7033528E-01 -1.3901679E+00 -8.7093023E-01 -1.6871646E+00 -6.2570027E-01
-1.0479240E+00 2.8689466E-01 -1.2831324E+00 -7.4624754E-01 -1.6255518E+00 -4.9496884E-01
-9.2330913E-01 3.0523333E-01 -1.1515896E+00 -5.8781849E-01 -1.5387245E+00 -3.5637080E-01
-8.0994430E-01 3.5237503E-01 -1.0641899E+00 -4.1798456E-01 -1.5355331E+00 -1.6651562E-01
-7.2624399E-01 4.4535359E-01 -1.0468152E+00 -2.1716556E-01 -1.6301793E+00 7.5117083E-02
-6.7997079E-01 5.6482572E-01 -1.0617711E+00 7.6756816E-03 -1.8070202E+00 2.9451953E-01
-6.6413705E-01 6.7517036E-01 -1.0665594E+00 2.3171076E-01 -1.9541428E+00 4.5169376E-01
-6.6299822E-01 7.3021066E-01 -1.0979846E+00 3.2340910E-01 -2.0180432E+00 5.0000000E-01
