-8.7529959E-01 2.4104002E-01 -1.1155398E+00 -6.3348088E-01 -1.3448050E+00 -4.0592940E-01
-8.9057156E-01 1.8259926E-01 -1.0710918E+00 -7.0642014E-01 -1.2500460E+00 -5.3741574E-01
-9.2976839E-01 1.1405783E-01 -1.0426312E+00 -8.1639749E-01 -1.1573788E+00 -7.1046309E-01
-9.7949094E-01 1.2287119E-01 -1.1007240E+00 -8.5723512E-01 -1.2223177E+00 -7.3865582E-01
-1.0258221E+00 1.4326012E-01 -1.1668100E+00 -8.8268234E-01 -1.3095747E+00 -7.4803333E-01
-1.0594642E+00 1.4083975E-01 -1.1989931E+00 -9.1972519E-01 -1.3362984E+00 -7.8136705E-01
-1.0813149E+00 1.3837796E-01 -1.2183500E+00 -9.4354728E-01 -1.3527758E+00 -8.1083344E-01
-1.0935887E+00 1.4978330E-01 -1.2393311E+00 -9.4593160E-01 -1.3937982E+00 -8.0175175E-01
-1.1007503E+00 1.6655964E-01 -1.2587670E+00 -9.2966956E-01 -1.4387590E+00 -7.8155519E-01
-1.1073906E+00 1.8715417E-01 -1.2782223E+00 -9.0822884E-01 -1.4953981E+00 -7.5719775E-01
-1.1144194E+00 2.1126369E-01 -1.3041210E+00 -8.9033336E-01 -1.5534724E+00 -7.2183141E-01
-1.1172767E+00 2.4231120E-01 -1.3263660E+00 -8.6034675E-01 -1.5978288E+00 -6.5781357E-01
-1.1085315E+00 2.7396482E-01 -1.3359842E+00 -8.1664670E-01 -1.6455284E+00 -5.9337194E-01
-1.0818858E+00 2.9570005E-01 -1.3211736E+00 -7.7192141E-01 -1.6630490E+00 -5.2002712E-01
-1.0366789E+00 3.2083494E-01 -1.2679808E+00 -6.8535057E-01 -1.6828110E+00 -4.4310348E-01
-9.8043999E-01 3.8392769E-01 -1.2466412E+00 -5.4401376E-01 -1.7754992E+00 -2.9056120E-01
-9.2165334E-01 4.9811036E-01 -1.2652511E+00 -3.3654257E-01 -1.9493599E+00 -3.8370144E-02
-8.7592295E-01 6.3911117E-01 -1.2910303E+00 -8.4300005E-02 -2.1761847E+00 2.1307067E-01
-8.5278995E-01 7.6133671E-01 -1.3194068E+00 1.4910960E-01 -2.3364919E+00 4.1549431E-01
-8.4804747E-01 8.1805435E-01 -1.3737733E+00 2.2606322E-01 -2.3835057E+00 5.0000000E-01
