-1.1007723E+00 2.3102020E-01 -1.3310797E+00 -8.7209479E-01 -1.5511687E+00 -6.4610145E-01
-1.0795845E+00 1.7635655E-01 -1.2557885E+00 -9.0468125E-01 -1.4213528E+00 -7.3072212E-01
-1.0370792E+00 1.1546910E-01 -1.1527195E+00 -9.2242760E-01 -1.2663379E+00 -8.1403864E-01
-1.0063636E+00 1.2164138E-01 -1.1287618E+00 -8.8568200E-01 -1.2448554E+00 -7.6962035E-01
-1.0136732E+00 1.4008728E-01 -1.1528105E+00 -8.7427848E-01 -1.2836205E+00 -7.3622797E-01
-1.0510184E+00 1.4264059E-01 -1.1932185E+00 -9.0800027E-01 -1.3289623E+00 -7.7119916E-01
-1.0859595E+00 1.4415025E-01 -1.2308647E+00 -9.4218011E-01 -1.3689140E+00 -8.0901557E-01
-1.0849363E+00 1.4979313E-01 -1.2341062E+00 -9.3603093E-01 -1.3824889E+00 -7.9787069E-01
-1.0396445E+00 1.6079983E-01 -1.1984002E+00 -8.8115439E-01 -1.3593895E+00 -7.2859148E-01
-9.6508750E-01 1.7742620E-01 -1.1327492E+00 -7.7980862E-01 -1.3236150E+00 -6.3103290E-01
-8.9458400E-01 2.0129958E-01 -1.0775430E+00 -6.8149770E-01 -1.3088033E+00 -5.1979442E-01
-8.6515668E-01 2.2478324E-01 -1.0676813E+00 -6.2303285E-01 -1.3288510E+00 -4.5215058E-01
-8.9649534E-01 2.4776246E-01 -1.1179624E+00 -6.2982931E-01 -1.4101893E+00 -4.3999881E-01
-9.8614518E-01 2.7156371E-01 -1.2266945E+00 -6.9630958E-01 -1.5556349E+00 -4.8917720E-01
-1.1123224E+00 3.0866978E-01 -1.3607056E+00 -7.7562211E-01 -1.7450222E+00 -5.3398475E-01
-1.2467703E+00 3.8687082E-01 -1.5521246E+00 -8.1709538E-01 -2.0298535E+00 -5.2847272E-01
-1.3681866E+00 5.1113549E-01 -1.7961250E+00 -7.8208464E-01 -2.3838444E+00 -4.2609633E-01
-1.4609382E+00 6.5960654E-01 -2.0527064E+00 -7.0291495E-01 -2.8027303E+00 -2.7060117E-01
-1.5194158E+00 7.8887282E-01 -2.2565708E+00 -6.2296838E-01 -3.1004938E+00 -5.3315952E-02
-1.5414464E+00 8.5065423E-01 -2.3502409E+00 -5.7883586E-01 -3.2297375E+00 5.1540428E-02
