-7.4413070E-01 2.3206865E-01 -9.7419133E-01 -5.1517919E-01 -1.2008187E+00 -2.8515191E-01
-8.0618797E-01 1.7449902E-01 -9.7730187E-01 -6.3349541E-01 -1.1500807E+00 -4.6081788E-01
-9.3426940E-01 1.1002143E-01 -1.0433651E+00 -8.2495042E-01 -1.1525145E+00 -7.2001675E-01
-1.0581818E+00 1.2086556E-01 -1.1790763E+00 -9.3841535E-01 -1.2986970E+00 -8.2566926E-01
-1.1134334E+00 1.3862213E-01 -1.2505093E+00 -9.7555574E-01 -1.3903379E+00 -8.4553116E-01
-1.0905952E+00 1.3938908E-01 -1.2281162E+00 -9.5155265E-01 -1.3692264E+00 -8.2056523E-01
-1.0289926E+00 1.4111732E-01 -1.1683736E+00 -8.8729876E-01 -1.3073421E+00 -7.5486343E-01
-9.8949191E-01 1.5083816E-01 -1.1369006E+00 -8.3853862E-01 -1.2879363E+00 -6.9388601E-01
-1.0085981E+00 1.6961397E-01 -1.1744143E+00 -8.4128690E-01 -1.3524930E+00 -6.8572376E-01
-1.0801472E+00 1.9076277E-01 -1.2502216E+00 -8.7966092E-01 -1.4764662E+00 -7.2406802E-01
-1.1666320E+00 2.1314668E-01 -1.3543265E+00 -9.3980219E-01 -1.5897410E+00 -7.5624442E-01
-1.2279319E+00 2.4428111E-01 -1.4435881E+00 -9.6716845E-01 -1.7126827E+00 -7.5627624E-01
-1.2464493E+00 2.8204700E-01 -1.4902730E+00 -9.4177407E-01 -1.8060504E+00 -7.0660611E-01
-1.2210066E+00 3.1500975E-01 -1.4785362E+00 -8.8563912E-01 -1.8432457E+00 -6.1988338E-01
-1.1697036E+00 3.4973941E-01 -1.4165148E+00 -7.8470885E-01 -1.8786757E+00 -5.3305223E-01
-1.1179773E+00 4.1764424E-01 -1.3918095E+00 -6.3172026E-01 -1.9728061E+00 -3.8488641E-01
-1.0805590E+00 5.3518767E-01 -1.4560966E+00 -4.4776068E-01 -2.1799436E+00 -1.3887774E-01
-1.0577304E+00 6.7784256E-01 -1.5549769E+00 -2.2633466E-01 -2.4249010E+00 1.3227319E-01
-1.0463358E+00 8.0277183E-01 -1.6447790E+00 -2.4980546E-02 -2.5995951E+00 3.6474663E-01
-1.0422346E+00 8.6205096E-01 -1.7130231E+00 4.7569408E-02 -2.6310349E+00 5.0000000E-01
