-9.6492777E-01 2.3708747E-01 -1.1985054E+00 -7.2715966E-01 -1.4302310E+00 -5.0131517E-01
-9.5348238E-01 1.7843448E-01 -1.1286136E+00 -7.7664572E-01 -1.3007452E+00 -5.9842578E-01
-9.3378936E-01 1.1375345E-01 -1.0464887E+00 -8.2021893E-01 -1.1601512E+00 -7.1512731E-01
-9.2508758E-01 1.2360341E-01 -1.0485374E+00 -8.0264392E-01 -1.1659208E+00 -6.8088903E-01
-9.4536406E-01 1.4169453E-01 -1.0871615E+00 -8.0291853E-01 -1.2236009E+00 -6.7013774E-01
-9.9710590E-01 1.4053986E-01 -1.1366172E+00 -8.5521090E-01 -1.2748132E+00 -7.2634513E-01
-1.0590084E+00 1.3948963E-01 -1.1929504E+00 -9.1632919E-01 -1.3389083E+00 -7.9191668E-01
-1.1012365E+00 1.4926074E-01 -1.2451991E+00 -9.4463102E-01 -1.3980848E+00 -8.1875693E-01
-1.0976593E+00 1.6125254E-01 -1.2593197E+00 -9.3973408E-01 -1.4208993E+00 -7.8692114E-01
-1.0354997E+00 1.7473834E-01 -1.2088741E+00 -8.6134901E-01 -1.3889475E+00 -7.0555155E-01
-9.3438309E-01 1.9938558E-01 -1.1094014E+00 -7.2362541E-01 -1.3398652E+00 -5.7011664E-01
-8.4610528E-01 2.3498354E-01 -1.0381666E+00 -5.9454242E-01 -1.3075552E+00 -4.1213155E-01
-8.2411686E-01 2.6870147E-01 -1.0405438E+00 -5.3601421E-01 -1.3474926E+00 -3.2218417E-01
-9.0317232E-01 2.9061033E-01 -1.1427847E+00 -5.9461182E-01 -1.4658084E+00 -3.5294470E-01
-1.0815242E+00 3.1623487E-01 -1.3263972E+00 -7.3595223E-01 -1.7179756E+00 -4.9454459E-01
-1.3192249E+00 3.7568837E-01 -1.6140352E+00 -9.0858318E-01 -2.0909234E+00 -6.1344256E-01
-1.5577589E+00 4.8833092E-01 -2.0094599E+00 -1.0384836E+00 -2.5629842E+00 -6.4395296E-01
-1.7502393E+00 6.3034814E-01 -2.4080481E+00 -1.0978816E+00 -2.9295485E+00 -5.1415987E-01
-1.8670912E+00 7.5460574E-01 -2.6714769E+00 -1.0811608E+00 -3.2969625E+00 -4.9122992E-01
-1.9061984E+00 8.1321535E-01 -2.8252169E+00 -1.1130165E+00 -3.5000000E+00 -5.1385255E-01
