-1.0719886E+00 2.3665014E-01 -1.3087293E+00 -8.3442214E-01 -1.5317119E+00 -6.0832951E-01
-1.0509838E+00 1.7938468E-01 -1.2316948E+00 -8.7092044E-01 -1.3995872E+00 -7.0027727E-01
-1.0151677E+00 1.1432969E-01 -1.1285217E+00 -9.0207242E-01 -1.2435737E+00 -7.9238167E-01
-9.9344869E-01 1.2257770E-01 -1.1140114E+00 -8.7214203E-01 -1.2388437E+00 -7.5652076E-01
-9.9950283E-01 1.4031827E-01 -1.1315637E+00 -8.5595418E-01 -1.2844254E+00 -7.3115127E-01
-1.0294975E+00 1.4292638E-01 -1.1638679E+00 -8.8170101E-01 -1.3214735E+00 -7.5559212E-01
-1.0657231E+00 1.4541387E-01 -1.2101412E+00 -9.2287578E-01 -1.3566688E+00 -7.8354853E-01
-1.0880021E+00 1.5386749E-01 -1.2398544E+00 -9.3506524E-01 -1.3929866E+00 -7.8814471E-01
-1.0869117E+00 1.6684938E-01 -1.2540786E+00 -9.2198284E-01 -1.4234552E+00 -7.6938219E-01
-1.0696372E+00 1.9111258E-01 -1.2461935E+00 -8.6809740E-01 -1.4622191E+00 -7.1508989E-01
-1.0500987E+00 2.2396245E-01 -1.2418419E+00 -8.1011685E-01 -1.4960950E+00 -6.2258661E-01
-1.0431899E+00 2.5867904E-01 -1.2501516E+00 -7.6149235E-01 -1.5564649E+00 -5.6026270E-01
-1.0602938E+00 2.8809727E-01 -1.2856986E+00 -7.5617147E-01 -1.6297714E+00 -5.1866894E-01
-1.0995055E+00 3.1171936E-01 -1.3234573E+00 -7.6057858E-01 -1.7183598E+00 -5.1591057E-01
-1.1436858E+00 3.4896674E-01 -1.3776552E+00 -7.5392170E-01 -1.8660415E+00 -5.0809325E-01
-1.1758275E+00 4.3061586E-01 -1.4734533E+00 -6.7966494E-01 -2.0762101E+00 -4.1178140E-01
-1.1934751E+00 5.5844097E-01 -1.6088268E+00 -5.3772574E-01 -2.3537835E+00 -1.9250932E-01
-1.2009737E+00 7.0700705E-01 -1.7505140E+00 -3.3304017E-01 -2.6263106E+00 6.2875789E-02
-1.2031043E+00 8.3574777E-01 -1.8829122E+00 -1.5248444E-01 -2.8182664E+00 2.9816245E-01
-1.2038087E+00 8.9527845E-01 -1.9542227E+00 -8.3422567E-02 -2.8459183E+00 4.7594355E-01
